set NODES := 0 1 2 3 4 5 6 7 8 9 10 11 12 13 14 15 16 17 18 19 20 21 22 23 24 25 26 27 28 29 30 31 32 33 34 35 36 37 38 39 40 41 42 43 44 45 46 47 48 49 50 51 52 53 54 55 56 57 58 59 60 61 62 63 64 65 66 67 68 69 70 71;
set CUSTOMERS := 1 2 3 4 5 6 7 8 9 10;
set STATIONS := 11 12 13 14 15 16 17 18 19 20 21 22 23 24 25 26 27 28 29 30 31 32 33 34 35 36 37 38 39 40 41 42 43 44 45 46 47 48 49 50 51 52 53 54 55 56 57 58 59 60 61 62 63 64 65 66 67 68 69 70;
set RECHARGE := 11 12 13 14 15 16 17 18 19 20 21 22 23 24 25 26 27 28 29 30 31 32 33 34 35 36 37 38 39 40 41 42 43 44 45 46 47 48 49 50 51 52 53 54 55 56 57 58 59 60 61 62 63 64 65 66 67 68 69 70 71;
param depot_start := 0;
param depot_end := 71;
param cap_kg := 3000.0;
param bat_cap := 110.0;
param big_m_load := 3001.0;
param big_m_batt := 111.0;
param max_vehicles := 10;
param demand :=
  1  124.89999999999999
  2  149.60000000000002
  3  113.60000000000001
  4  105.30000000000001
  5  71.5
  6  131.39999999999998
  7  120.7
  8  84.9
  9  117.3
  10  92.1
;
set ARCS :=
 (0,1) (0,2) (0,3) (0,4) (0,5) (0,6) (0,7) (0,8) (0,9) (0,10) (0,11) (0,12)
 (0,13) (0,14) (0,15) (0,16) (0,17) (0,18) (0,19) (0,20) (0,21) (0,22) (0,23) (0,24)
 (0,25) (0,26) (0,27) (0,28) (0,29) (0,30) (0,31) (0,32) (0,33) (0,34) (0,35) (0,36)
 (0,37) (0,38) (0,39) (0,40) (0,41) (0,42) (0,43) (0,44) (0,45) (0,46) (0,47) (0,48)
 (0,49) (0,50) (0,51) (0,52) (0,53) (0,54) (0,55) (0,56) (0,57) (0,58) (0,59) (0,60)
 (0,61) (0,62) (0,63) (0,64) (0,65) (0,66) (0,67) (0,68) (0,69) (0,70) (1,2) (1,3)
 (1,4) (1,5) (1,6) (1,7) (1,8) (1,9) (1,10) (1,11) (1,12) (1,13) (1,14) (1,15)
 (1,16) (1,17) (1,18) (1,19) (1,20) (1,21) (1,22) (1,23) (1,24) (1,25) (1,26) (1,27)
 (1,28) (1,29) (1,30) (1,31) (1,32) (1,33) (1,34) (1,35) (1,36) (1,37) (1,38) (1,39)
 (1,40) (1,41) (1,42) (1,43) (1,44) (1,45) (1,46) (1,47) (1,48) (1,49) (1,50) (1,51)
 (1,52) (1,53) (1,54) (1,55) (1,56) (1,57) (1,58) (1,59) (1,60) (1,61) (1,62) (1,63)
 (1,64) (1,65) (1,66) (1,67) (1,68) (1,69) (1,70) (1,71) (2,1) (2,3) (2,4) (2,5)
 (2,6) (2,7) (2,8) (2,9) (2,10) (2,11) (2,12) (2,13) (2,14) (2,15) (2,16) (2,17)
 (2,18) (2,19) (2,20) (2,21) (2,22) (2,23) (2,24) (2,25) (2,26) (2,27) (2,28) (2,29)
 (2,30) (2,31) (2,32) (2,33) (2,34) (2,35) (2,36) (2,37) (2,38) (2,39) (2,40) (2,41)
 (2,42) (2,43) (2,44) (2,45) (2,46) (2,47) (2,48) (2,49) (2,50) (2,51) (2,52) (2,53)
 (2,54) (2,55) (2,56) (2,57) (2,58) (2,59) (2,60) (2,61) (2,62) (2,63) (2,64) (2,65)
 (2,66) (2,67) (2,68) (2,69) (2,70) (2,71) (3,1) (3,2) (3,4) (3,5) (3,6) (3,7)
 (3,8) (3,9) (3,10) (3,11) (3,12) (3,13) (3,14) (3,15) (3,16) (3,17) (3,18) (3,19)
 (3,20) (3,21) (3,22) (3,23) (3,24) (3,25) (3,26) (3,27) (3,28) (3,29) (3,30) (3,31)
 (3,32) (3,33) (3,34) (3,35) (3,36) (3,37) (3,38) (3,39) (3,40) (3,41) (3,42) (3,43)
 (3,44) (3,45) (3,46) (3,47) (3,48) (3,49) (3,50) (3,51) (3,52) (3,53) (3,54) (3,55)
 (3,56) (3,57) (3,58) (3,59) (3,60) (3,61) (3,62) (3,63) (3,64) (3,65) (3,66) (3,67)
 (3,68) (3,69) (3,70) (3,71) (4,1) (4,2) (4,3) (4,5) (4,6) (4,7) (4,8) (4,9)
 (4,10) (4,11) (4,12) (4,13) (4,14) (4,15) (4,16) (4,17) (4,18) (4,19) (4,20) (4,21)
 (4,22) (4,23) (4,24) (4,25) (4,26) (4,27) (4,28) (4,29) (4,30) (4,31) (4,32) (4,33)
 (4,34) (4,35) (4,36) (4,37) (4,38) (4,39) (4,40) (4,41) (4,42) (4,43) (4,44) (4,45)
 (4,46) (4,47) (4,48) (4,49) (4,50) (4,51) (4,52) (4,53) (4,54) (4,55) (4,56) (4,57)
 (4,58) (4,59) (4,60) (4,61) (4,62) (4,63) (4,64) (4,65) (4,66) (4,67) (4,68) (4,69)
 (4,70) (4,71) (5,1) (5,2) (5,3) (5,4) (5,6) (5,7) (5,8) (5,9) (5,10) (5,11)
 (5,12) (5,13) (5,14) (5,15) (5,16) (5,17) (5,18) (5,19) (5,20) (5,21) (5,22) (5,23)
 (5,24) (5,25) (5,26) (5,27) (5,28) (5,29) (5,30) (5,31) (5,32) (5,33) (5,34) (5,35)
 (5,36) (5,37) (5,38) (5,39) (5,40) (5,41) (5,42) (5,43) (5,44) (5,45) (5,46) (5,47)
 (5,48) (5,49) (5,50) (5,51) (5,52) (5,53) (5,54) (5,55) (5,56) (5,57) (5,58) (5,59)
 (5,60) (5,61) (5,62) (5,63) (5,64) (5,65) (5,66) (5,67) (5,68) (5,69) (5,70) (5,71)
 (6,1) (6,2) (6,3) (6,4) (6,5) (6,7) (6,8) (6,9) (6,10) (6,11) (6,12) (6,13)
 (6,14) (6,15) (6,16) (6,17) (6,18) (6,19) (6,20) (6,21) (6,22) (6,23) (6,24) (6,25)
 (6,26) (6,27) (6,28) (6,29) (6,30) (6,31) (6,32) (6,33) (6,34) (6,35) (6,36) (6,37)
 (6,38) (6,39) (6,40) (6,41) (6,42) (6,43) (6,44) (6,45) (6,46) (6,47) (6,48) (6,49)
 (6,50) (6,51) (6,52) (6,53) (6,54) (6,55) (6,56) (6,57) (6,58) (6,59) (6,60) (6,61)
 (6,62) (6,63) (6,64) (6,65) (6,66) (6,67) (6,68) (6,69) (6,70) (6,71) (7,1) (7,2)
 (7,3) (7,4) (7,5) (7,6) (7,8) (7,9) (7,10) (7,11) (7,12) (7,13) (7,14) (7,15)
 (7,16) (7,17) (7,18) (7,19) (7,20) (7,21) (7,22) (7,23) (7,24) (7,25) (7,26) (7,27)
 (7,28) (7,29) (7,30) (7,31) (7,32) (7,33) (7,34) (7,35) (7,36) (7,37) (7,38) (7,39)
 (7,40) (7,41) (7,42) (7,43) (7,44) (7,45) (7,46) (7,47) (7,48) (7,49) (7,50) (7,51)
 (7,52) (7,53) (7,54) (7,55) (7,56) (7,57) (7,58) (7,59) (7,60) (7,61) (7,62) (7,63)
 (7,64) (7,65) (7,66) (7,67) (7,68) (7,69) (7,70) (7,71) (8,1) (8,2) (8,3) (8,4)
 (8,5) (8,6) (8,7) (8,9) (8,10) (8,11) (8,12) (8,13) (8,14) (8,15) (8,16) (8,17)
 (8,18) (8,19) (8,20) (8,21) (8,22) (8,23) (8,24) (8,25) (8,26) (8,27) (8,28) (8,29)
 (8,30) (8,31) (8,32) (8,33) (8,34) (8,35) (8,36) (8,37) (8,38) (8,39) (8,40) (8,41)
 (8,42) (8,43) (8,44) (8,45) (8,46) (8,47) (8,48) (8,49) (8,50) (8,51) (8,52) (8,53)
 (8,54) (8,55) (8,56) (8,57) (8,58) (8,59) (8,60) (8,61) (8,62) (8,63) (8,64) (8,65)
 (8,66) (8,67) (8,68) (8,69) (8,70) (8,71) (9,1) (9,2) (9,3) (9,4) (9,5) (9,6)
 (9,7) (9,8) (9,10) (9,11) (9,12) (9,13) (9,14) (9,15) (9,16) (9,17) (9,18) (9,19)
 (9,20) (9,21) (9,22) (9,23) (9,24) (9,25) (9,26) (9,27) (9,28) (9,29) (9,30) (9,31)
 (9,32) (9,33) (9,34) (9,35) (9,36) (9,37) (9,38) (9,39) (9,40) (9,41) (9,42) (9,43)
 (9,44) (9,45) (9,46) (9,47) (9,48) (9,49) (9,50) (9,51) (9,52) (9,53) (9,54) (9,55)
 (9,56) (9,57) (9,58) (9,59) (9,60) (9,61) (9,62) (9,63) (9,64) (9,65) (9,66) (9,67)
 (9,68) (9,69) (9,70) (9,71) (10,1) (10,2) (10,3) (10,4) (10,5) (10,6) (10,7) (10,8)
 (10,9) (10,11) (10,12) (10,13) (10,14) (10,15) (10,16) (10,17) (10,18) (10,19) (10,20) (10,21)
 (10,22) (10,23) (10,24) (10,25) (10,26) (10,27) (10,28) (10,29) (10,30) (10,31) (10,32) (10,33)
 (10,34) (10,35) (10,36) (10,37) (10,38) (10,39) (10,40) (10,41) (10,42) (10,43) (10,44) (10,45)
 (10,46) (10,47) (10,48) (10,49) (10,50) (10,51) (10,52) (10,53) (10,54) (10,55) (10,56) (10,57)
 (10,58) (10,59) (10,60) (10,61) (10,62) (10,63) (10,64) (10,65) (10,66) (10,67) (10,68) (10,69)
 (10,70) (10,71) (11,1) (11,2) (11,3) (11,4) (11,5) (11,6) (11,7) (11,8) (11,9) (11,10)
 (11,41) (11,42) (11,43) (11,44) (11,45) (11,46) (11,47) (11,48) (11,49) (11,50) (11,51) (11,52)
 (11,53) (11,54) (11,55) (11,56) (11,57) (11,58) (11,59) (11,60) (11,61) (11,62) (11,63) (11,64)
 (11,65) (11,66) (11,67) (11,68) (11,69) (11,70) (11,71) (12,1) (12,2) (12,3) (12,4) (12,5)
 (12,6) (12,7) (12,8) (12,9) (12,10) (12,41) (12,42) (12,43) (12,44) (12,45) (12,46) (12,47)
 (12,48) (12,49) (12,50) (12,51) (12,52) (12,53) (12,54) (12,55) (12,56) (12,57) (12,58) (12,59)
 (12,60) (12,61) (12,62) (12,63) (12,64) (12,65) (12,66) (12,67) (12,68) (12,69) (12,70) (12,71)
 (13,1) (13,2) (13,3) (13,4) (13,5) (13,6) (13,7) (13,8) (13,9) (13,10) (13,41) (13,42)
 (13,43) (13,44) (13,45) (13,46) (13,47) (13,48) (13,49) (13,50) (13,51) (13,52) (13,53) (13,54)
 (13,55) (13,56) (13,57) (13,58) (13,59) (13,60) (13,61) (13,62) (13,63) (13,64) (13,65) (13,66)
 (13,67) (13,68) (13,69) (13,70) (13,71) (14,1) (14,2) (14,3) (14,4) (14,5) (14,6) (14,7)
 (14,8) (14,9) (14,10) (14,41) (14,42) (14,43) (14,44) (14,45) (14,46) (14,47) (14,48) (14,49)
 (14,50) (14,51) (14,52) (14,53) (14,54) (14,55) (14,56) (14,57) (14,58) (14,59) (14,60) (14,61)
 (14,62) (14,63) (14,64) (14,65) (14,66) (14,67) (14,68) (14,69) (14,70) (14,71) (15,1) (15,2)
 (15,3) (15,4) (15,5) (15,6) (15,7) (15,8) (15,9) (15,10) (15,41) (15,42) (15,43) (15,44)
 (15,45) (15,46) (15,47) (15,48) (15,49) (15,50) (15,51) (15,52) (15,53) (15,54) (15,55) (15,56)
 (15,57) (15,58) (15,59) (15,60) (15,61) (15,62) (15,63) (15,64) (15,65) (15,66) (15,67) (15,68)
 (15,69) (15,70) (15,71) (16,1) (16,2) (16,3) (16,4) (16,5) (16,6) (16,7) (16,8) (16,9)
 (16,10) (16,41) (16,42) (16,43) (16,44) (16,45) (16,46) (16,47) (16,48) (16,49) (16,50) (16,51)
 (16,52) (16,53) (16,54) (16,55) (16,56) (16,57) (16,58) (16,59) (16,60) (16,61) (16,62) (16,63)
 (16,64) (16,65) (16,66) (16,67) (16,68) (16,69) (16,70) (16,71) (17,1) (17,2) (17,3) (17,4)
 (17,5) (17,6) (17,7) (17,8) (17,9) (17,10) (17,41) (17,42) (17,43) (17,44) (17,45) (17,46)
 (17,47) (17,48) (17,49) (17,50) (17,51) (17,52) (17,53) (17,54) (17,55) (17,56) (17,57) (17,58)
 (17,59) (17,60) (17,61) (17,62) (17,63) (17,64) (17,65) (17,66) (17,67) (17,68) (17,69) (17,70)
 (17,71) (18,1) (18,2) (18,3) (18,4) (18,5) (18,6) (18,7) (18,8) (18,9) (18,10) (18,41)
 (18,42) (18,43) (18,44) (18,45) (18,46) (18,47) (18,48) (18,49) (18,50) (18,51) (18,52) (18,53)
 (18,54) (18,55) (18,56) (18,57) (18,58) (18,59) (18,60) (18,61) (18,62) (18,63) (18,64) (18,65)
 (18,66) (18,67) (18,68) (18,69) (18,70) (18,71) (19,1) (19,2) (19,3) (19,4) (19,5) (19,6)
 (19,7) (19,8) (19,9) (19,10) (19,41) (19,42) (19,43) (19,44) (19,45) (19,46) (19,47) (19,48)
 (19,49) (19,50) (19,51) (19,52) (19,53) (19,54) (19,55) (19,56) (19,57) (19,58) (19,59) (19,60)
 (19,61) (19,62) (19,63) (19,64) (19,65) (19,66) (19,67) (19,68) (19,69) (19,70) (19,71) (20,1)
 (20,2) (20,3) (20,4) (20,5) (20,6) (20,7) (20,8) (20,9) (20,10) (20,41) (20,42) (20,43)
 (20,44) (20,45) (20,46) (20,47) (20,48) (20,49) (20,50) (20,51) (20,52) (20,53) (20,54) (20,55)
 (20,56) (20,57) (20,58) (20,59) (20,60) (20,61) (20,62) (20,63) (20,64) (20,65) (20,66) (20,67)
 (20,68) (20,69) (20,70) (20,71) (21,1) (21,2) (21,3) (21,4) (21,5) (21,6) (21,7) (21,8)
 (21,9) (21,10) (21,41) (21,42) (21,43) (21,44) (21,45) (21,46) (21,47) (21,48) (21,49) (21,50)
 (21,51) (21,52) (21,53) (21,54) (21,55) (21,56) (21,57) (21,58) (21,59) (21,60) (21,61) (21,62)
 (21,63) (21,64) (21,65) (21,66) (21,67) (21,68) (21,69) (21,70) (21,71) (22,1) (22,2) (22,3)
 (22,4) (22,5) (22,6) (22,7) (22,8) (22,9) (22,10) (22,41) (22,42) (22,43) (22,44) (22,45)
 (22,46) (22,47) (22,48) (22,49) (22,50) (22,51) (22,52) (22,53) (22,54) (22,55) (22,56) (22,57)
 (22,58) (22,59) (22,60) (22,61) (22,62) (22,63) (22,64) (22,65) (22,66) (22,67) (22,68) (22,69)
 (22,70) (22,71) (23,1) (23,2) (23,3) (23,4) (23,5) (23,6) (23,7) (23,8) (23,9) (23,10)
 (23,41) (23,42) (23,43) (23,44) (23,45) (23,46) (23,47) (23,48) (23,49) (23,50) (23,51) (23,52)
 (23,53) (23,54) (23,55) (23,56) (23,57) (23,58) (23,59) (23,60) (23,61) (23,62) (23,63) (23,64)
 (23,65) (23,66) (23,67) (23,68) (23,69) (23,70) (23,71) (24,1) (24,2) (24,3) (24,4) (24,5)
 (24,6) (24,7) (24,8) (24,9) (24,10) (24,41) (24,42) (24,43) (24,44) (24,45) (24,46) (24,47)
 (24,48) (24,49) (24,50) (24,51) (24,52) (24,53) (24,54) (24,55) (24,56) (24,57) (24,58) (24,59)
 (24,60) (24,61) (24,62) (24,63) (24,64) (24,65) (24,66) (24,67) (24,68) (24,69) (24,70) (24,71)
 (25,1) (25,2) (25,3) (25,4) (25,5) (25,6) (25,7) (25,8) (25,9) (25,10) (25,41) (25,42)
 (25,43) (25,44) (25,45) (25,46) (25,47) (25,48) (25,49) (25,50) (25,51) (25,52) (25,53) (25,54)
 (25,55) (25,56) (25,57) (25,58) (25,59) (25,60) (25,61) (25,62) (25,63) (25,64) (25,65) (25,66)
 (25,67) (25,68) (25,69) (25,70) (25,71) (26,1) (26,2) (26,3) (26,4) (26,5) (26,6) (26,7)
 (26,8) (26,9) (26,10) (26,41) (26,42) (26,43) (26,44) (26,45) (26,46) (26,47) (26,48) (26,49)
 (26,50) (26,51) (26,52) (26,53) (26,54) (26,55) (26,56) (26,57) (26,58) (26,59) (26,60) (26,61)
 (26,62) (26,63) (26,64) (26,65) (26,66) (26,67) (26,68) (26,69) (26,70) (26,71) (27,1) (27,2)
 (27,3) (27,4) (27,5) (27,6) (27,7) (27,8) (27,9) (27,10) (27,41) (27,42) (27,43) (27,44)
 (27,45) (27,46) (27,47) (27,48) (27,49) (27,50) (27,51) (27,52) (27,53) (27,54) (27,55) (27,56)
 (27,57) (27,58) (27,59) (27,60) (27,61) (27,62) (27,63) (27,64) (27,65) (27,66) (27,67) (27,68)
 (27,69) (27,70) (27,71) (28,1) (28,2) (28,3) (28,4) (28,5) (28,6) (28,7) (28,8) (28,9)
 (28,10) (28,41) (28,42) (28,43) (28,44) (28,45) (28,46) (28,47) (28,48) (28,49) (28,50) (28,51)
 (28,52) (28,53) (28,54) (28,55) (28,56) (28,57) (28,58) (28,59) (28,60) (28,61) (28,62) (28,63)
 (28,64) (28,65) (28,66) (28,67) (28,68) (28,69) (28,70) (28,71) (29,1) (29,2) (29,3) (29,4)
 (29,5) (29,6) (29,7) (29,8) (29,9) (29,10) (29,41) (29,42) (29,43) (29,44) (29,45) (29,46)
 (29,47) (29,48) (29,49) (29,50) (29,51) (29,52) (29,53) (29,54) (29,55) (29,56) (29,57) (29,58)
 (29,59) (29,60) (29,61) (29,62) (29,63) (29,64) (29,65) (29,66) (29,67) (29,68) (29,69) (29,70)
 (29,71) (30,1) (30,2) (30,3) (30,4) (30,5) (30,6) (30,7) (30,8) (30,9) (30,10) (30,41)
 (30,42) (30,43) (30,44) (30,45) (30,46) (30,47) (30,48) (30,49) (30,50) (30,51) (30,52) (30,53)
 (30,54) (30,55) (30,56) (30,57) (30,58) (30,59) (30,60) (30,61) (30,62) (30,63) (30,64) (30,65)
 (30,66) (30,67) (30,68) (30,69) (30,70) (30,71) (31,1) (31,2) (31,3) (31,4) (31,5) (31,6)
 (31,7) (31,8) (31,9) (31,10) (31,41) (31,42) (31,43) (31,44) (31,45) (31,46) (31,47) (31,48)
 (31,49) (31,50) (31,51) (31,52) (31,53) (31,54) (31,55) (31,56) (31,57) (31,58) (31,59) (31,60)
 (31,61) (31,62) (31,63) (31,64) (31,65) (31,66) (31,67) (31,68) (31,69) (31,70) (31,71) (32,1)
 (32,2) (32,3) (32,4) (32,5) (32,6) (32,7) (32,8) (32,9) (32,10) (32,41) (32,42) (32,43)
 (32,44) (32,45) (32,46) (32,47) (32,48) (32,49) (32,50) (32,51) (32,52) (32,53) (32,54) (32,55)
 (32,56) (32,57) (32,58) (32,59) (32,60) (32,61) (32,62) (32,63) (32,64) (32,65) (32,66) (32,67)
 (32,68) (32,69) (32,70) (32,71) (33,1) (33,2) (33,3) (33,4) (33,5) (33,6) (33,7) (33,8)
 (33,9) (33,10) (33,41) (33,42) (33,43) (33,44) (33,45) (33,46) (33,47) (33,48) (33,49) (33,50)
 (33,51) (33,52) (33,53) (33,54) (33,55) (33,56) (33,57) (33,58) (33,59) (33,60) (33,61) (33,62)
 (33,63) (33,64) (33,65) (33,66) (33,67) (33,68) (33,69) (33,70) (33,71) (34,1) (34,2) (34,3)
 (34,4) (34,5) (34,6) (34,7) (34,8) (34,9) (34,10) (34,41) (34,42) (34,43) (34,44) (34,45)
 (34,46) (34,47) (34,48) (34,49) (34,50) (34,51) (34,52) (34,53) (34,54) (34,55) (34,56) (34,57)
 (34,58) (34,59) (34,60) (34,61) (34,62) (34,63) (34,64) (34,65) (34,66) (34,67) (34,68) (34,69)
 (34,70) (34,71) (35,1) (35,2) (35,3) (35,4) (35,5) (35,6) (35,7) (35,8) (35,9) (35,10)
 (35,41) (35,42) (35,43) (35,44) (35,45) (35,46) (35,47) (35,48) (35,49) (35,50) (35,51) (35,52)
 (35,53) (35,54) (35,55) (35,56) (35,57) (35,58) (35,59) (35,60) (35,61) (35,62) (35,63) (35,64)
 (35,65) (35,66) (35,67) (35,68) (35,69) (35,70) (35,71) (36,1) (36,2) (36,3) (36,4) (36,5)
 (36,6) (36,7) (36,8) (36,9) (36,10) (36,41) (36,42) (36,43) (36,44) (36,45) (36,46) (36,47)
 (36,48) (36,49) (36,50) (36,51) (36,52) (36,53) (36,54) (36,55) (36,56) (36,57) (36,58) (36,59)
 (36,60) (36,61) (36,62) (36,63) (36,64) (36,65) (36,66) (36,67) (36,68) (36,69) (36,70) (36,71)
 (37,1) (37,2) (37,3) (37,4) (37,5) (37,6) (37,7) (37,8) (37,9) (37,10) (37,41) (37,42)
 (37,43) (37,44) (37,45) (37,46) (37,47) (37,48) (37,49) (37,50) (37,51) (37,52) (37,53) (37,54)
 (37,55) (37,56) (37,57) (37,58) (37,59) (37,60) (37,61) (37,62) (37,63) (37,64) (37,65) (37,66)
 (37,67) (37,68) (37,69) (37,70) (37,71) (38,1) (38,2) (38,3) (38,4) (38,5) (38,6) (38,7)
 (38,8) (38,9) (38,10) (38,41) (38,42) (38,43) (38,44) (38,45) (38,46) (38,47) (38,48) (38,49)
 (38,50) (38,51) (38,52) (38,53) (38,54) (38,55) (38,56) (38,57) (38,58) (38,59) (38,60) (38,61)
 (38,62) (38,63) (38,64) (38,65) (38,66) (38,67) (38,68) (38,69) (38,70) (38,71) (39,1) (39,2)
 (39,3) (39,4) (39,5) (39,6) (39,7) (39,8) (39,9) (39,10) (39,41) (39,42) (39,43) (39,44)
 (39,45) (39,46) (39,47) (39,48) (39,49) (39,50) (39,51) (39,52) (39,53) (39,54) (39,55) (39,56)
 (39,57) (39,58) (39,59) (39,60) (39,61) (39,62) (39,63) (39,64) (39,65) (39,66) (39,67) (39,68)
 (39,69) (39,70) (39,71) (40,1) (40,2) (40,3) (40,4) (40,5) (40,6) (40,7) (40,8) (40,9)
 (40,10) (40,41) (40,42) (40,43) (40,44) (40,45) (40,46) (40,47) (40,48) (40,49) (40,50) (40,51)
 (40,52) (40,53) (40,54) (40,55) (40,56) (40,57) (40,58) (40,59) (40,60) (40,61) (40,62) (40,63)
 (40,64) (40,65) (40,66) (40,67) (40,68) (40,69) (40,70) (40,71) (41,1) (41,2) (41,3) (41,4)
 (41,5) (41,6) (41,7) (41,8) (41,9) (41,10) (41,11) (41,12) (41,13) (41,14) (41,15) (41,16)
 (41,17) (41,18) (41,19) (41,20) (41,21) (41,22) (41,23) (41,24) (41,25) (41,26) (41,27) (41,28)
 (41,29) (41,30) (41,31) (41,32) (41,33) (41,34) (41,35) (41,36) (41,37) (41,38) (41,39) (41,40)
 (41,71) (42,1) (42,2) (42,3) (42,4) (42,5) (42,6) (42,7) (42,8) (42,9) (42,10) (42,11)
 (42,12) (42,13) (42,14) (42,15) (42,16) (42,17) (42,18) (42,19) (42,20) (42,21) (42,22) (42,23)
 (42,24) (42,25) (42,26) (42,27) (42,28) (42,29) (42,30) (42,31) (42,32) (42,33) (42,34) (42,35)
 (42,36) (42,37) (42,38) (42,39) (42,40) (42,71) (43,1) (43,2) (43,3) (43,4) (43,5) (43,6)
 (43,7) (43,8) (43,9) (43,10) (43,11) (43,12) (43,13) (43,14) (43,15) (43,16) (43,17) (43,18)
 (43,19) (43,20) (43,21) (43,22) (43,23) (43,24) (43,25) (43,26) (43,27) (43,28) (43,29) (43,30)
 (43,31) (43,32) (43,33) (43,34) (43,35) (43,36) (43,37) (43,38) (43,39) (43,40) (43,71) (44,1)
 (44,2) (44,3) (44,4) (44,5) (44,6) (44,7) (44,8) (44,9) (44,10) (44,11) (44,12) (44,13)
 (44,14) (44,15) (44,16) (44,17) (44,18) (44,19) (44,20) (44,21) (44,22) (44,23) (44,24) (44,25)
 (44,26) (44,27) (44,28) (44,29) (44,30) (44,31) (44,32) (44,33) (44,34) (44,35) (44,36) (44,37)
 (44,38) (44,39) (44,40) (44,71) (45,1) (45,2) (45,3) (45,4) (45,5) (45,6) (45,7) (45,8)
 (45,9) (45,10) (45,11) (45,12) (45,13) (45,14) (45,15) (45,16) (45,17) (45,18) (45,19) (45,20)
 (45,21) (45,22) (45,23) (45,24) (45,25) (45,26) (45,27) (45,28) (45,29) (45,30) (45,31) (45,32)
 (45,33) (45,34) (45,35) (45,36) (45,37) (45,38) (45,39) (45,40) (45,71) (46,1) (46,2) (46,3)
 (46,4) (46,5) (46,6) (46,7) (46,8) (46,9) (46,10) (46,11) (46,12) (46,13) (46,14) (46,15)
 (46,16) (46,17) (46,18) (46,19) (46,20) (46,21) (46,22) (46,23) (46,24) (46,25) (46,26) (46,27)
 (46,28) (46,29) (46,30) (46,31) (46,32) (46,33) (46,34) (46,35) (46,36) (46,37) (46,38) (46,39)
 (46,40) (46,71) (47,1) (47,2) (47,3) (47,4) (47,5) (47,6) (47,7) (47,8) (47,9) (47,10)
 (47,11) (47,12) (47,13) (47,14) (47,15) (47,16) (47,17) (47,18) (47,19) (47,20) (47,21) (47,22)
 (47,23) (47,24) (47,25) (47,26) (47,27) (47,28) (47,29) (47,30) (47,31) (47,32) (47,33) (47,34)
 (47,35) (47,36) (47,37) (47,38) (47,39) (47,40) (47,71) (48,1) (48,2) (48,3) (48,4) (48,5)
 (48,6) (48,7) (48,8) (48,9) (48,10) (48,11) (48,12) (48,13) (48,14) (48,15) (48,16) (48,17)
 (48,18) (48,19) (48,20) (48,21) (48,22) (48,23) (48,24) (48,25) (48,26) (48,27) (48,28) (48,29)
 (48,30) (48,31) (48,32) (48,33) (48,34) (48,35) (48,36) (48,37) (48,38) (48,39) (48,40) (48,71)
 (49,1) (49,2) (49,3) (49,4) (49,5) (49,6) (49,7) (49,8) (49,9) (49,10) (49,11) (49,12)
 (49,13) (49,14) (49,15) (49,16) (49,17) (49,18) (49,19) (49,20) (49,21) (49,22) (49,23) (49,24)
 (49,25) (49,26) (49,27) (49,28) (49,29) (49,30) (49,31) (49,32) (49,33) (49,34) (49,35) (49,36)
 (49,37) (49,38) (49,39) (49,40) (49,71) (50,1) (50,2) (50,3) (50,4) (50,5) (50,6) (50,7)
 (50,8) (50,9) (50,10) (50,11) (50,12) (50,13) (50,14) (50,15) (50,16) (50,17) (50,18) (50,19)
 (50,20) (50,21) (50,22) (50,23) (50,24) (50,25) (50,26) (50,27) (50,28) (50,29) (50,30) (50,31)
 (50,32) (50,33) (50,34) (50,35) (50,36) (50,37) (50,38) (50,39) (50,40) (50,71) (51,1) (51,2)
 (51,3) (51,4) (51,5) (51,6) (51,7) (51,8) (51,9) (51,10) (51,11) (51,12) (51,13) (51,14)
 (51,15) (51,16) (51,17) (51,18) (51,19) (51,20) (51,21) (51,22) (51,23) (51,24) (51,25) (51,26)
 (51,27) (51,28) (51,29) (51,30) (51,31) (51,32) (51,33) (51,34) (51,35) (51,36) (51,37) (51,38)
 (51,39) (51,40) (51,71) (52,1) (52,2) (52,3) (52,4) (52,5) (52,6) (52,7) (52,8) (52,9)
 (52,10) (52,11) (52,12) (52,13) (52,14) (52,15) (52,16) (52,17) (52,18) (52,19) (52,20) (52,21)
 (52,22) (52,23) (52,24) (52,25) (52,26) (52,27) (52,28) (52,29) (52,30) (52,31) (52,32) (52,33)
 (52,34) (52,35) (52,36) (52,37) (52,38) (52,39) (52,40) (52,71) (53,1) (53,2) (53,3) (53,4)
 (53,5) (53,6) (53,7) (53,8) (53,9) (53,10) (53,11) (53,12) (53,13) (53,14) (53,15) (53,16)
 (53,17) (53,18) (53,19) (53,20) (53,21) (53,22) (53,23) (53,24) (53,25) (53,26) (53,27) (53,28)
 (53,29) (53,30) (53,31) (53,32) (53,33) (53,34) (53,35) (53,36) (53,37) (53,38) (53,39) (53,40)
 (53,71) (54,1) (54,2) (54,3) (54,4) (54,5) (54,6) (54,7) (54,8) (54,9) (54,10) (54,11)
 (54,12) (54,13) (54,14) (54,15) (54,16) (54,17) (54,18) (54,19) (54,20) (54,21) (54,22) (54,23)
 (54,24) (54,25) (54,26) (54,27) (54,28) (54,29) (54,30) (54,31) (54,32) (54,33) (54,34) (54,35)
 (54,36) (54,37) (54,38) (54,39) (54,40) (54,71) (55,1) (55,2) (55,3) (55,4) (55,5) (55,6)
 (55,7) (55,8) (55,9) (55,10) (55,11) (55,12) (55,13) (55,14) (55,15) (55,16) (55,17) (55,18)
 (55,19) (55,20) (55,21) (55,22) (55,23) (55,24) (55,25) (55,26) (55,27) (55,28) (55,29) (55,30)
 (55,31) (55,32) (55,33) (55,34) (55,35) (55,36) (55,37) (55,38) (55,39) (55,40) (55,71) (56,1)
 (56,2) (56,3) (56,4) (56,5) (56,6) (56,7) (56,8) (56,9) (56,10) (56,11) (56,12) (56,13)
 (56,14) (56,15) (56,16) (56,17) (56,18) (56,19) (56,20) (56,21) (56,22) (56,23) (56,24) (56,25)
 (56,26) (56,27) (56,28) (56,29) (56,30) (56,31) (56,32) (56,33) (56,34) (56,35) (56,36) (56,37)
 (56,38) (56,39) (56,40) (56,71) (57,1) (57,2) (57,3) (57,4) (57,5) (57,6) (57,7) (57,8)
 (57,9) (57,10) (57,11) (57,12) (57,13) (57,14) (57,15) (57,16) (57,17) (57,18) (57,19) (57,20)
 (57,21) (57,22) (57,23) (57,24) (57,25) (57,26) (57,27) (57,28) (57,29) (57,30) (57,31) (57,32)
 (57,33) (57,34) (57,35) (57,36) (57,37) (57,38) (57,39) (57,40) (57,71) (58,1) (58,2) (58,3)
 (58,4) (58,5) (58,6) (58,7) (58,8) (58,9) (58,10) (58,11) (58,12) (58,13) (58,14) (58,15)
 (58,16) (58,17) (58,18) (58,19) (58,20) (58,21) (58,22) (58,23) (58,24) (58,25) (58,26) (58,27)
 (58,28) (58,29) (58,30) (58,31) (58,32) (58,33) (58,34) (58,35) (58,36) (58,37) (58,38) (58,39)
 (58,40) (58,71) (59,1) (59,2) (59,3) (59,4) (59,5) (59,6) (59,7) (59,8) (59,9) (59,10)
 (59,11) (59,12) (59,13) (59,14) (59,15) (59,16) (59,17) (59,18) (59,19) (59,20) (59,21) (59,22)
 (59,23) (59,24) (59,25) (59,26) (59,27) (59,28) (59,29) (59,30) (59,31) (59,32) (59,33) (59,34)
 (59,35) (59,36) (59,37) (59,38) (59,39) (59,40) (59,71) (60,1) (60,2) (60,3) (60,4) (60,5)
 (60,6) (60,7) (60,8) (60,9) (60,10) (60,11) (60,12) (60,13) (60,14) (60,15) (60,16) (60,17)
 (60,18) (60,19) (60,20) (60,21) (60,22) (60,23) (60,24) (60,25) (60,26) (60,27) (60,28) (60,29)
 (60,30) (60,31) (60,32) (60,33) (60,34) (60,35) (60,36) (60,37) (60,38) (60,39) (60,40) (60,71)
 (61,1) (61,2) (61,3) (61,4) (61,5) (61,6) (61,7) (61,8) (61,9) (61,10) (61,11) (61,12)
 (61,13) (61,14) (61,15) (61,16) (61,17) (61,18) (61,19) (61,20) (61,21) (61,22) (61,23) (61,24)
 (61,25) (61,26) (61,27) (61,28) (61,29) (61,30) (61,31) (61,32) (61,33) (61,34) (61,35) (61,36)
 (61,37) (61,38) (61,39) (61,40) (61,71) (62,1) (62,2) (62,3) (62,4) (62,5) (62,6) (62,7)
 (62,8) (62,9) (62,10) (62,11) (62,12) (62,13) (62,14) (62,15) (62,16) (62,17) (62,18) (62,19)
 (62,20) (62,21) (62,22) (62,23) (62,24) (62,25) (62,26) (62,27) (62,28) (62,29) (62,30) (62,31)
 (62,32) (62,33) (62,34) (62,35) (62,36) (62,37) (62,38) (62,39) (62,40) (62,71) (63,1) (63,2)
 (63,3) (63,4) (63,5) (63,6) (63,7) (63,8) (63,9) (63,10) (63,11) (63,12) (63,13) (63,14)
 (63,15) (63,16) (63,17) (63,18) (63,19) (63,20) (63,21) (63,22) (63,23) (63,24) (63,25) (63,26)
 (63,27) (63,28) (63,29) (63,30) (63,31) (63,32) (63,33) (63,34) (63,35) (63,36) (63,37) (63,38)
 (63,39) (63,40) (63,71) (64,1) (64,2) (64,3) (64,4) (64,5) (64,6) (64,7) (64,8) (64,9)
 (64,10) (64,11) (64,12) (64,13) (64,14) (64,15) (64,16) (64,17) (64,18) (64,19) (64,20) (64,21)
 (64,22) (64,23) (64,24) (64,25) (64,26) (64,27) (64,28) (64,29) (64,30) (64,31) (64,32) (64,33)
 (64,34) (64,35) (64,36) (64,37) (64,38) (64,39) (64,40) (64,71) (65,1) (65,2) (65,3) (65,4)
 (65,5) (65,6) (65,7) (65,8) (65,9) (65,10) (65,11) (65,12) (65,13) (65,14) (65,15) (65,16)
 (65,17) (65,18) (65,19) (65,20) (65,21) (65,22) (65,23) (65,24) (65,25) (65,26) (65,27) (65,28)
 (65,29) (65,30) (65,31) (65,32) (65,33) (65,34) (65,35) (65,36) (65,37) (65,38) (65,39) (65,40)
 (65,71) (66,1) (66,2) (66,3) (66,4) (66,5) (66,6) (66,7) (66,8) (66,9) (66,10) (66,11)
 (66,12) (66,13) (66,14) (66,15) (66,16) (66,17) (66,18) (66,19) (66,20) (66,21) (66,22) (66,23)
 (66,24) (66,25) (66,26) (66,27) (66,28) (66,29) (66,30) (66,31) (66,32) (66,33) (66,34) (66,35)
 (66,36) (66,37) (66,38) (66,39) (66,40) (66,71) (67,1) (67,2) (67,3) (67,4) (67,5) (67,6)
 (67,7) (67,8) (67,9) (67,10) (67,11) (67,12) (67,13) (67,14) (67,15) (67,16) (67,17) (67,18)
 (67,19) (67,20) (67,21) (67,22) (67,23) (67,24) (67,25) (67,26) (67,27) (67,28) (67,29) (67,30)
 (67,31) (67,32) (67,33) (67,34) (67,35) (67,36) (67,37) (67,38) (67,39) (67,40) (67,71) (68,1)
 (68,2) (68,3) (68,4) (68,5) (68,6) (68,7) (68,8) (68,9) (68,10) (68,11) (68,12) (68,13)
 (68,14) (68,15) (68,16) (68,17) (68,18) (68,19) (68,20) (68,21) (68,22) (68,23) (68,24) (68,25)
 (68,26) (68,27) (68,28) (68,29) (68,30) (68,31) (68,32) (68,33) (68,34) (68,35) (68,36) (68,37)
 (68,38) (68,39) (68,40) (68,71) (69,1) (69,2) (69,3) (69,4) (69,5) (69,6) (69,7) (69,8)
 (69,9) (69,10) (69,11) (69,12) (69,13) (69,14) (69,15) (69,16) (69,17) (69,18) (69,19) (69,20)
 (69,21) (69,22) (69,23) (69,24) (69,25) (69,26) (69,27) (69,28) (69,29) (69,30) (69,31) (69,32)
 (69,33) (69,34) (69,35) (69,36) (69,37) (69,38) (69,39) (69,40) (69,71) (70,1) (70,2) (70,3)
 (70,4) (70,5) (70,6) (70,7) (70,8) (70,9) (70,10) (70,11) (70,12) (70,13) (70,14) (70,15)
 (70,16) (70,17) (70,18) (70,19) (70,20) (70,21) (70,22) (70,23) (70,24) (70,25) (70,26) (70,27)
 (70,28) (70,29) (70,30) (70,31) (70,32) (70,33) (70,34) (70,35) (70,36) (70,37) (70,38) (70,39)
 (70,40) (70,71)
;
param energy :=
  0 1  24.14032570
  0 2  23.42565156
  0 3  34.79075932
  0 4  16.90025953
  0 5  42.10673642
  0 6  55.89137544
  0 7  95.09781038
  0 8  82.23282568
  0 9  19.91529652
  0 10  7.51014373
  0 11  34.09172107
  0 12  34.09172107
  0 13  34.09172107
  0 14  34.09172107
  0 15  34.09172107
  0 16  34.09172107
  0 17  34.09172107
  0 18  34.09172107
  0 19  34.09172107
  0 20  34.09172107
  0 21  34.09172107
  0 22  34.09172107
  0 23  34.09172107
  0 24  34.09172107
  0 25  34.09172107
  0 26  34.09172107
  0 27  34.09172107
  0 28  34.09172107
  0 29  34.09172107
  0 30  34.09172107
  0 31  34.09172107
  0 32  34.09172107
  0 33  34.09172107
  0 34  34.09172107
  0 35  34.09172107
  0 36  34.09172107
  0 37  34.09172107
  0 38  34.09172107
  0 39  34.09172107
  0 40  34.09172107
  0 41  26.66070361
  0 42  26.66070361
  0 43  26.66070361
  0 44  26.66070361
  0 45  26.66070361
  0 46  26.66070361
  0 47  26.66070361
  0 48  26.66070361
  0 49  26.66070361
  0 50  26.66070361
  0 51  26.66070361
  0 52  26.66070361
  0 53  26.66070361
  0 54  26.66070361
  0 55  26.66070361
  0 56  26.66070361
  0 57  26.66070361
  0 58  26.66070361
  0 59  26.66070361
  0 60  26.66070361
  0 61  26.66070361
  0 62  26.66070361
  0 63  26.66070361
  0 64  26.66070361
  0 65  26.66070361
  0 66  26.66070361
  0 67  26.66070361
  0 68  26.66070361
  0 69  26.66070361
  0 70  26.66070361
  1 2  28.98730953
  1 3  16.82031275
  1 4  9.64670014
  1 5  104.87352409
  1 6  43.63096100
  1 7  47.20284552
  1 8  35.62566498
  1 9  54.12933135
  1 10  41.35203109
  1 11  8.30023178
  1 12  8.30023178
  1 13  8.30023178
  1 14  8.30023178
  1 15  8.30023178
  1 16  8.30023178
  1 17  8.30023178
  1 18  8.30023178
  1 19  8.30023178
  1 20  8.30023178
  1 21  8.30023178
  1 22  8.30023178
  1 23  8.30023178
  1 24  8.30023178
  1 25  8.30023178
  1 26  8.30023178
  1 27  8.30023178
  1 28  8.30023178
  1 29  8.30023178
  1 30  8.30023178
  1 31  8.30023178
  1 32  8.30023178
  1 33  8.30023178
  1 34  8.30023178
  1 35  8.30023178
  1 36  8.30023178
  1 37  8.30023178
  1 38  8.30023178
  1 39  8.30023178
  1 40  8.30023178
  1 41  18.54657629
  1 42  18.54657629
  1 43  18.54657629
  1 44  18.54657629
  1 45  18.54657629
  1 46  18.54657629
  1 47  18.54657629
  1 48  18.54657629
  1 49  18.54657629
  1 50  18.54657629
  1 51  18.54657629
  1 52  18.54657629
  1 53  18.54657629
  1 54  18.54657629
  1 55  18.54657629
  1 56  18.54657629
  1 57  18.54657629
  1 58  18.54657629
  1 59  18.54657629
  1 60  18.54657629
  1 61  18.54657629
  1 62  18.54657629
  1 63  18.54657629
  1 64  18.54657629
  1 65  18.54657629
  1 66  18.54657629
  1 67  18.54657629
  1 68  18.54657629
  1 69  18.54657629
  1 70  18.54657629
  1 71  24.51781512
  2 1  37.37799487
  2 3  12.27657726
  2 4  80.29805479
  2 5  100.99326749
  2 6  144.79638923
  2 7  23.15719310
  2 8  46.84859688
  2 9  12.47016766
  2 10  43.53138209
  2 11  34.66837309
  2 12  34.66837309
  2 13  34.66837309
  2 14  34.66837309
  2 15  34.66837309
  2 16  34.66837309
  2 17  34.66837309
  2 18  34.66837309
  2 19  34.66837309
  2 20  34.66837309
  2 21  34.66837309
  2 22  34.66837309
  2 23  34.66837309
  2 24  34.66837309
  2 25  34.66837309
  2 26  34.66837309
  2 27  34.66837309
  2 28  34.66837309
  2 29  34.66837309
  2 30  34.66837309
  2 31  34.66837309
  2 32  34.66837309
  2 33  34.66837309
  2 34  34.66837309
  2 35  34.66837309
  2 36  34.66837309
  2 37  34.66837309
  2 38  34.66837309
  2 39  34.66837309
  2 40  34.66837309
  2 41  101.23022515
  2 42  101.23022515
  2 43  101.23022515
  2 44  101.23022515
  2 45  101.23022515
  2 46  101.23022515
  2 47  101.23022515
  2 48  101.23022515
  2 49  101.23022515
  2 50  101.23022515
  2 51  101.23022515
  2 52  101.23022515
  2 53  101.23022515
  2 54  101.23022515
  2 55  101.23022515
  2 56  101.23022515
  2 57  101.23022515
  2 58  101.23022515
  2 59  101.23022515
  2 60  101.23022515
  2 61  101.23022515
  2 62  101.23022515
  2 63  101.23022515
  2 64  101.23022515
  2 65  101.23022515
  2 66  101.23022515
  2 67  101.23022515
  2 68  101.23022515
  2 69  101.23022515
  2 70  101.23022515
  2 71  38.84786977
  3 1  35.37907053
  3 2  39.76573386
  3 4  17.43581766
  3 5  61.29704632
  3 6  54.95180380
  3 7  26.17760804
  3 8  10.84103547
  3 9  44.35408469
  3 10  47.92089231
  3 11  31.24161957
  3 12  31.24161957
  3 13  31.24161957
  3 14  31.24161957
  3 15  31.24161957
  3 16  31.24161957
  3 17  31.24161957
  3 18  31.24161957
  3 19  31.24161957
  3 20  31.24161957
  3 21  31.24161957
  3 22  31.24161957
  3 23  31.24161957
  3 24  31.24161957
  3 25  31.24161957
  3 26  31.24161957
  3 27  31.24161957
  3 28  31.24161957
  3 29  31.24161957
  3 30  31.24161957
  3 31  31.24161957
  3 32  31.24161957
  3 33  31.24161957
  3 34  31.24161957
  3 35  31.24161957
  3 36  31.24161957
  3 37  31.24161957
  3 38  31.24161957
  3 39  31.24161957
  3 40  31.24161957
  3 41  42.45428245
  3 42  42.45428245
  3 43  42.45428245
  3 44  42.45428245
  3 45  42.45428245
  3 46  42.45428245
  3 47  42.45428245
  3 48  42.45428245
  3 49  42.45428245
  3 50  42.45428245
  3 51  42.45428245
  3 52  42.45428245
  3 53  42.45428245
  3 54  42.45428245
  3 55  42.45428245
  3 56  42.45428245
  3 57  42.45428245
  3 58  42.45428245
  3 59  42.45428245
  3 60  42.45428245
  3 61  42.45428245
  3 62  42.45428245
  3 63  42.45428245
  3 64  42.45428245
  3 65  42.45428245
  3 66  42.45428245
  3 67  42.45428245
  3 68  42.45428245
  3 69  42.45428245
  3 70  42.45428245
  3 71  54.10092220
  4 1  7.48077896
  4 2  51.88732175
  4 3  44.07036987
  4 5  32.07194947
  4 6  77.56526977
  4 7  71.22572752
  4 8  17.24564384
  4 9  24.47181005
  4 10  80.49130058
  4 11  24.55288423
  4 12  24.55288423
  4 13  24.55288423
  4 14  24.55288423
  4 15  24.55288423
  4 16  24.55288423
  4 17  24.55288423
  4 18  24.55288423
  4 19  24.55288423
  4 20  24.55288423
  4 21  24.55288423
  4 22  24.55288423
  4 23  24.55288423
  4 24  24.55288423
  4 25  24.55288423
  4 26  24.55288423
  4 27  24.55288423
  4 28  24.55288423
  4 29  24.55288423
  4 30  24.55288423
  4 31  24.55288423
  4 32  24.55288423
  4 33  24.55288423
  4 34  24.55288423
  4 35  24.55288423
  4 36  24.55288423
  4 37  24.55288423
  4 38  24.55288423
  4 39  24.55288423
  4 40  24.55288423
  4 41  8.49519061
  4 42  8.49519061
  4 43  8.49519061
  4 44  8.49519061
  4 45  8.49519061
  4 46  8.49519061
  4 47  8.49519061
  4 48  8.49519061
  4 49  8.49519061
  4 50  8.49519061
  4 51  8.49519061
  4 52  8.49519061
  4 53  8.49519061
  4 54  8.49519061
  4 55  8.49519061
  4 56  8.49519061
  4 57  8.49519061
  4 58  8.49519061
  4 59  8.49519061
  4 60  8.49519061
  4 61  8.49519061
  4 62  8.49519061
  4 63  8.49519061
  4 64  8.49519061
  4 65  8.49519061
  4 66  8.49519061
  4 67  8.49519061
  4 68  8.49519061
  4 69  8.49519061
  4 70  8.49519061
  4 71  17.12306249
  5 1  41.29343834
  5 2  100.69441339
  5 3  61.14580520
  5 4  31.96787656
  5 6  17.58929075
  5 7  41.57045008
  5 8  118.07915887
  5 9  60.42881712
  5 10  39.07935020
  5 11  46.57215238
  5 12  46.57215238
  5 13  46.57215238
  5 14  46.57215238
  5 15  46.57215238
  5 16  46.57215238
  5 17  46.57215238
  5 18  46.57215238
  5 19  46.57215238
  5 20  46.57215238
  5 21  46.57215238
  5 22  46.57215238
  5 23  46.57215238
  5 24  46.57215238
  5 25  46.57215238
  5 26  46.57215238
  5 27  46.57215238
  5 28  46.57215238
  5 29  46.57215238
  5 30  46.57215238
  5 31  46.57215238
  5 32  46.57215238
  5 33  46.57215238
  5 34  46.57215238
  5 35  46.57215238
  5 36  46.57215238
  5 37  46.57215238
  5 38  46.57215238
  5 39  46.57215238
  5 40  46.57215238
  5 41  53.61577954
  5 42  53.61577954
  5 43  53.61577954
  5 44  53.61577954
  5 45  53.61577954
  5 46  53.61577954
  5 47  53.61577954
  5 48  53.61577954
  5 49  53.61577954
  5 50  53.61577954
  5 51  53.61577954
  5 52  53.61577954
  5 53  53.61577954
  5 54  53.61577954
  5 55  53.61577954
  5 56  53.61577954
  5 57  53.61577954
  5 58  53.61577954
  5 59  53.61577954
  5 60  53.61577954
  5 61  53.61577954
  5 62  53.61577954
  5 63  53.61577954
  5 64  53.61577954
  5 65  53.61577954
  5 66  53.61577954
  5 67  53.61577954
  5 68  53.61577954
  5 69  53.61577954
  5 70  53.61577954
  5 71  16.65822864
  6 1  56.16251977
  6 2  93.70830674
  6 3  55.04563595
  6 4  36.92445610
  6 5  17.69077119
  6 7  55.17585360
  6 8  103.82084741
  6 9  67.78127362
  6 10  51.34256181
  6 11  157.90726856
  6 12  157.90726856
  6 13  157.90726856
  6 14  157.90726856
  6 15  157.90726856
  6 16  157.90726856
  6 17  157.90726856
  6 18  157.90726856
  6 19  157.90726856
  6 20  157.90726856
  6 21  157.90726856
  6 22  157.90726856
  6 23  157.90726856
  6 24  157.90726856
  6 25  157.90726856
  6 26  157.90726856
  6 27  157.90726856
  6 28  157.90726856
  6 29  157.90726856
  6 30  157.90726856
  6 31  157.90726856
  6 32  157.90726856
  6 33  157.90726856
  6 34  157.90726856
  6 35  157.90726856
  6 36  157.90726856
  6 37  157.90726856
  6 38  157.90726856
  6 39  157.90726856
  6 40  157.90726856
  6 41  45.95495908
  6 42  45.95495908
  6 43  45.95495908
  6 44  45.95495908
  6 45  45.95495908
  6 46  45.95495908
  6 47  45.95495908
  6 48  45.95495908
  6 49  45.95495908
  6 50  45.95495908
  6 51  45.95495908
  6 52  45.95495908
  6 53  45.95495908
  6 54  45.95495908
  6 55  45.95495908
  6 56  45.95495908
  6 57  45.95495908
  6 58  45.95495908
  6 59  45.95495908
  6 60  45.95495908
  6 61  45.95495908
  6 62  45.95495908
  6 63  45.95495908
  6 64  45.95495908
  6 65  45.95495908
  6 66  45.95495908
  6 67  45.95495908
  6 68  45.95495908
  6 69  45.95495908
  6 70  45.95495908
  6 71  34.43383044
  7 1  77.21111505
  7 2  23.11805347
  7 3  26.19543749
  7 4  110.10444490
  7 5  53.80957394
  7 6  116.00968440
  7 8  89.76773056
  7 9  23.32345586
  7 10  65.03145392
  7 11  42.46099784
  7 12  42.46099784
  7 13  42.46099784
  7 14  42.46099784
  7 15  42.46099784
  7 16  42.46099784
  7 17  42.46099784
  7 18  42.46099784
  7 19  42.46099784
  7 20  42.46099784
  7 21  42.46099784
  7 22  42.46099784
  7 23  42.46099784
  7 24  42.46099784
  7 25  42.46099784
  7 26  42.46099784
  7 27  42.46099784
  7 28  42.46099784
  7 29  42.46099784
  7 30  42.46099784
  7 31  42.46099784
  7 32  42.46099784
  7 33  42.46099784
  7 34  42.46099784
  7 35  42.46099784
  7 36  42.46099784
  7 37  42.46099784
  7 38  42.46099784
  7 39  42.46099784
  7 40  42.46099784
  7 41  40.46575770
  7 42  40.46575770
  7 43  40.46575770
  7 44  40.46575770
  7 45  40.46575770
  7 46  40.46575770
  7 47  40.46575770
  7 48  40.46575770
  7 49  40.46575770
  7 50  40.46575770
  7 51  40.46575770
  7 52  40.46575770
  7 53  40.46575770
  7 54  40.46575770
  7 55  40.46575770
  7 56  40.46575770
  7 57  40.46575770
  7 58  40.46575770
  7 59  40.46575770
  7 60  40.46575770
  7 61  40.46575770
  7 62  40.46575770
  7 63  40.46575770
  7 64  40.46575770
  7 65  40.46575770
  7 66  40.46575770
  7 67  40.46575770
  7 68  40.46575770
  7 69  40.46575770
  7 70  40.46575770
  7 71  95.53519371
  8 1  35.57162124
  8 2  72.13528803
  8 3  35.23343664
  8 4  17.21186807
  8 5  76.43578508
  8 6  103.53820787
  8 7  27.48555506
  8 9  50.21070504
  8 10  41.59267264
  8 11  7.09771049
  8 12  7.09771049
  8 13  7.09771049
  8 14  7.09771049
  8 15  7.09771049
  8 16  7.09771049
  8 17  7.09771049
  8 18  7.09771049
  8 19  7.09771049
  8 20  7.09771049
  8 21  7.09771049
  8 22  7.09771049
  8 23  7.09771049
  8 24  7.09771049
  8 25  7.09771049
  8 26  7.09771049
  8 27  7.09771049
  8 28  7.09771049
  8 29  7.09771049
  8 30  7.09771049
  8 31  7.09771049
  8 32  7.09771049
  8 33  7.09771049
  8 34  7.09771049
  8 35  7.09771049
  8 36  7.09771049
  8 37  7.09771049
  8 38  7.09771049
  8 39  7.09771049
  8 40  7.09771049
  8 41  23.70807928
  8 42  23.70807928
  8 43  23.70807928
  8 44  23.70807928
  8 45  23.70807928
  8 46  23.70807928
  8 47  23.70807928
  8 48  23.70807928
  8 49  23.70807928
  8 50  23.70807928
  8 51  23.70807928
  8 52  23.70807928
  8 53  23.70807928
  8 54  23.70807928
  8 55  23.70807928
  8 56  23.70807928
  8 57  23.70807928
  8 58  23.70807928
  8 59  23.70807928
  8 60  23.70807928
  8 61  23.70807928
  8 62  23.70807928
  8 63  23.70807928
  8 64  23.70807928
  8 65  23.70807928
  8 66  23.70807928
  8 67  23.70807928
  8 68  23.70807928
  8 69  23.70807928
  8 70  23.70807928
  8 71  25.29428170
  9 1  54.10523746
  9 2  15.98147834
  9 3  44.36031119
  9 4  19.04119025
  9 5  23.94701083
  9 6  41.38181520
  9 7  75.82820919
  9 8  30.73831503
  9 10  9.38478142
  9 11  34.11448708
  9 12  34.11448708
  9 13  34.11448708
  9 14  34.11448708
  9 15  34.11448708
  9 16  34.11448708
  9 17  34.11448708
  9 18  34.11448708
  9 19  34.11448708
  9 20  34.11448708
  9 21  34.11448708
  9 22  34.11448708
  9 23  34.11448708
  9 24  34.11448708
  9 25  34.11448708
  9 26  34.11448708
  9 27  34.11448708
  9 28  34.11448708
  9 29  34.11448708
  9 30  34.11448708
  9 31  34.11448708
  9 32  34.11448708
  9 33  34.11448708
  9 34  34.11448708
  9 35  34.11448708
  9 36  34.11448708
  9 37  34.11448708
  9 38  34.11448708
  9 39  34.11448708
  9 40  34.11448708
  9 41  78.66092311
  9 42  78.66092311
  9 43  78.66092311
  9 44  78.66092311
  9 45  78.66092311
  9 46  78.66092311
  9 47  78.66092311
  9 48  78.66092311
  9 49  78.66092311
  9 50  78.66092311
  9 51  78.66092311
  9 52  78.66092311
  9 53  78.66092311
  9 54  78.66092311
  9 55  78.66092311
  9 56  78.66092311
  9 57  78.66092311
  9 58  78.66092311
  9 59  78.66092311
  9 60  78.66092311
  9 61  78.66092311
  9 62  78.66092311
  9 63  78.66092311
  9 64  78.66092311
  9 65  78.66092311
  9 66  78.66092311
  9 67  78.66092311
  9 68  78.66092311
  9 69  78.66092311
  9 70  78.66092311
  9 71  7.91362799
  10 1  32.01517835
  10 2  67.04592539
  10 3  47.86050975
  10 4  24.68164871
  10 5  11.99858494
  10 6  24.28582300
  10 7  30.78016185
  10 8  105.36610104
  10 9  9.35560094
  10 11  34.13368039
  10 12  34.13368039
  10 13  34.13368039
  10 14  34.13368039
  10 15  34.13368039
  10 16  34.13368039
  10 17  34.13368039
  10 18  34.13368039
  10 19  34.13368039
  10 20  34.13368039
  10 21  34.13368039
  10 22  34.13368039
  10 23  34.13368039
  10 24  34.13368039
  10 25  34.13368039
  10 26  34.13368039
  10 27  34.13368039
  10 28  34.13368039
  10 29  34.13368039
  10 30  34.13368039
  10 31  34.13368039
  10 32  34.13368039
  10 33  34.13368039
  10 34  34.13368039
  10 35  34.13368039
  10 36  34.13368039
  10 37  34.13368039
  10 38  34.13368039
  10 39  34.13368039
  10 40  34.13368039
  10 41  36.24690058
  10 42  36.24690058
  10 43  36.24690058
  10 44  36.24690058
  10 45  36.24690058
  10 46  36.24690058
  10 47  36.24690058
  10 48  36.24690058
  10 49  36.24690058
  10 50  36.24690058
  10 51  36.24690058
  10 52  36.24690058
  10 53  36.24690058
  10 54  36.24690058
  10 55  36.24690058
  10 56  36.24690058
  10 57  36.24690058
  10 58  36.24690058
  10 59  36.24690058
  10 60  36.24690058
  10 61  36.24690058
  10 62  36.24690058
  10 63  36.24690058
  10 64  36.24690058
  10 65  36.24690058
  10 66  36.24690058
  10 67  36.24690058
  10 68  36.24690058
  10 69  36.24690058
  10 70  36.24690058
  10 71  16.02328897
  11 1  6.35287333
  11 2  34.17256052
  11 3  18.87875450
  11 4  24.40128730
  11 5  76.02986304
  11 6  157.12056189
  11 7  68.99139113
  11 8  17.91764296
  11 9  33.73075116
  11 10  71.60674297
  11 41  31.44130620
  11 42  31.44130620
  11 43  31.44130620
  11 44  31.44130620
  11 45  31.44130620
  11 46  31.44130620
  11 47  31.44130620
  11 48  31.44130620
  11 49  31.44130620
  11 50  31.44130620
  11 51  31.44130620
  11 52  31.44130620
  11 53  31.44130620
  11 54  31.44130620
  11 55  31.44130620
  11 56  31.44130620
  11 57  31.44130620
  11 58  31.44130620
  11 59  31.44130620
  11 60  31.44130620
  11 61  31.44130620
  11 62  31.44130620
  11 63  31.44130620
  11 64  31.44130620
  11 65  31.44130620
  11 66  31.44130620
  11 67  31.44130620
  11 68  31.44130620
  11 69  31.44130620
  11 70  31.44130620
  11 71  26.40937567
  12 1  6.35287333
  12 2  34.17256052
  12 3  18.87875450
  12 4  24.40128730
  12 5  76.02986304
  12 6  157.12056189
  12 7  68.99139113
  12 8  17.91764296
  12 9  33.73075116
  12 10  71.60674297
  12 41  31.44130620
  12 42  31.44130620
  12 43  31.44130620
  12 44  31.44130620
  12 45  31.44130620
  12 46  31.44130620
  12 47  31.44130620
  12 48  31.44130620
  12 49  31.44130620
  12 50  31.44130620
  12 51  31.44130620
  12 52  31.44130620
  12 53  31.44130620
  12 54  31.44130620
  12 55  31.44130620
  12 56  31.44130620
  12 57  31.44130620
  12 58  31.44130620
  12 59  31.44130620
  12 60  31.44130620
  12 61  31.44130620
  12 62  31.44130620
  12 63  31.44130620
  12 64  31.44130620
  12 65  31.44130620
  12 66  31.44130620
  12 67  31.44130620
  12 68  31.44130620
  12 69  31.44130620
  12 70  31.44130620
  12 71  26.40937567
  13 1  6.35287333
  13 2  34.17256052
  13 3  18.87875450
  13 4  24.40128730
  13 5  76.02986304
  13 6  157.12056189
  13 7  68.99139113
  13 8  17.91764296
  13 9  33.73075116
  13 10  71.60674297
  13 41  31.44130620
  13 42  31.44130620
  13 43  31.44130620
  13 44  31.44130620
  13 45  31.44130620
  13 46  31.44130620
  13 47  31.44130620
  13 48  31.44130620
  13 49  31.44130620
  13 50  31.44130620
  13 51  31.44130620
  13 52  31.44130620
  13 53  31.44130620
  13 54  31.44130620
  13 55  31.44130620
  13 56  31.44130620
  13 57  31.44130620
  13 58  31.44130620
  13 59  31.44130620
  13 60  31.44130620
  13 61  31.44130620
  13 62  31.44130620
  13 63  31.44130620
  13 64  31.44130620
  13 65  31.44130620
  13 66  31.44130620
  13 67  31.44130620
  13 68  31.44130620
  13 69  31.44130620
  13 70  31.44130620
  13 71  26.40937567
  14 1  6.35287333
  14 2  34.17256052
  14 3  18.87875450
  14 4  24.40128730
  14 5  76.02986304
  14 6  157.12056189
  14 7  68.99139113
  14 8  17.91764296
  14 9  33.73075116
  14 10  71.60674297
  14 41  31.44130620
  14 42  31.44130620
  14 43  31.44130620
  14 44  31.44130620
  14 45  31.44130620
  14 46  31.44130620
  14 47  31.44130620
  14 48  31.44130620
  14 49  31.44130620
  14 50  31.44130620
  14 51  31.44130620
  14 52  31.44130620
  14 53  31.44130620
  14 54  31.44130620
  14 55  31.44130620
  14 56  31.44130620
  14 57  31.44130620
  14 58  31.44130620
  14 59  31.44130620
  14 60  31.44130620
  14 61  31.44130620
  14 62  31.44130620
  14 63  31.44130620
  14 64  31.44130620
  14 65  31.44130620
  14 66  31.44130620
  14 67  31.44130620
  14 68  31.44130620
  14 69  31.44130620
  14 70  31.44130620
  14 71  26.40937567
  15 1  6.35287333
  15 2  34.17256052
  15 3  18.87875450
  15 4  24.40128730
  15 5  76.02986304
  15 6  157.12056189
  15 7  68.99139113
  15 8  17.91764296
  15 9  33.73075116
  15 10  71.60674297
  15 41  31.44130620
  15 42  31.44130620
  15 43  31.44130620
  15 44  31.44130620
  15 45  31.44130620
  15 46  31.44130620
  15 47  31.44130620
  15 48  31.44130620
  15 49  31.44130620
  15 50  31.44130620
  15 51  31.44130620
  15 52  31.44130620
  15 53  31.44130620
  15 54  31.44130620
  15 55  31.44130620
  15 56  31.44130620
  15 57  31.44130620
  15 58  31.44130620
  15 59  31.44130620
  15 60  31.44130620
  15 61  31.44130620
  15 62  31.44130620
  15 63  31.44130620
  15 64  31.44130620
  15 65  31.44130620
  15 66  31.44130620
  15 67  31.44130620
  15 68  31.44130620
  15 69  31.44130620
  15 70  31.44130620
  15 71  26.40937567
  16 1  6.35287333
  16 2  34.17256052
  16 3  18.87875450
  16 4  24.40128730
  16 5  76.02986304
  16 6  157.12056189
  16 7  68.99139113
  16 8  17.91764296
  16 9  33.73075116
  16 10  71.60674297
  16 41  31.44130620
  16 42  31.44130620
  16 43  31.44130620
  16 44  31.44130620
  16 45  31.44130620
  16 46  31.44130620
  16 47  31.44130620
  16 48  31.44130620
  16 49  31.44130620
  16 50  31.44130620
  16 51  31.44130620
  16 52  31.44130620
  16 53  31.44130620
  16 54  31.44130620
  16 55  31.44130620
  16 56  31.44130620
  16 57  31.44130620
  16 58  31.44130620
  16 59  31.44130620
  16 60  31.44130620
  16 61  31.44130620
  16 62  31.44130620
  16 63  31.44130620
  16 64  31.44130620
  16 65  31.44130620
  16 66  31.44130620
  16 67  31.44130620
  16 68  31.44130620
  16 69  31.44130620
  16 70  31.44130620
  16 71  26.40937567
  17 1  6.35287333
  17 2  34.17256052
  17 3  18.87875450
  17 4  24.40128730
  17 5  76.02986304
  17 6  157.12056189
  17 7  68.99139113
  17 8  17.91764296
  17 9  33.73075116
  17 10  71.60674297
  17 41  31.44130620
  17 42  31.44130620
  17 43  31.44130620
  17 44  31.44130620
  17 45  31.44130620
  17 46  31.44130620
  17 47  31.44130620
  17 48  31.44130620
  17 49  31.44130620
  17 50  31.44130620
  17 51  31.44130620
  17 52  31.44130620
  17 53  31.44130620
  17 54  31.44130620
  17 55  31.44130620
  17 56  31.44130620
  17 57  31.44130620
  17 58  31.44130620
  17 59  31.44130620
  17 60  31.44130620
  17 61  31.44130620
  17 62  31.44130620
  17 63  31.44130620
  17 64  31.44130620
  17 65  31.44130620
  17 66  31.44130620
  17 67  31.44130620
  17 68  31.44130620
  17 69  31.44130620
  17 70  31.44130620
  17 71  26.40937567
  18 1  6.35287333
  18 2  34.17256052
  18 3  18.87875450
  18 4  24.40128730
  18 5  76.02986304
  18 6  157.12056189
  18 7  68.99139113
  18 8  17.91764296
  18 9  33.73075116
  18 10  71.60674297
  18 41  31.44130620
  18 42  31.44130620
  18 43  31.44130620
  18 44  31.44130620
  18 45  31.44130620
  18 46  31.44130620
  18 47  31.44130620
  18 48  31.44130620
  18 49  31.44130620
  18 50  31.44130620
  18 51  31.44130620
  18 52  31.44130620
  18 53  31.44130620
  18 54  31.44130620
  18 55  31.44130620
  18 56  31.44130620
  18 57  31.44130620
  18 58  31.44130620
  18 59  31.44130620
  18 60  31.44130620
  18 61  31.44130620
  18 62  31.44130620
  18 63  31.44130620
  18 64  31.44130620
  18 65  31.44130620
  18 66  31.44130620
  18 67  31.44130620
  18 68  31.44130620
  18 69  31.44130620
  18 70  31.44130620
  18 71  26.40937567
  19 1  6.35287333
  19 2  34.17256052
  19 3  18.87875450
  19 4  24.40128730
  19 5  76.02986304
  19 6  157.12056189
  19 7  68.99139113
  19 8  17.91764296
  19 9  33.73075116
  19 10  71.60674297
  19 41  31.44130620
  19 42  31.44130620
  19 43  31.44130620
  19 44  31.44130620
  19 45  31.44130620
  19 46  31.44130620
  19 47  31.44130620
  19 48  31.44130620
  19 49  31.44130620
  19 50  31.44130620
  19 51  31.44130620
  19 52  31.44130620
  19 53  31.44130620
  19 54  31.44130620
  19 55  31.44130620
  19 56  31.44130620
  19 57  31.44130620
  19 58  31.44130620
  19 59  31.44130620
  19 60  31.44130620
  19 61  31.44130620
  19 62  31.44130620
  19 63  31.44130620
  19 64  31.44130620
  19 65  31.44130620
  19 66  31.44130620
  19 67  31.44130620
  19 68  31.44130620
  19 69  31.44130620
  19 70  31.44130620
  19 71  26.40937567
  20 1  6.35287333
  20 2  34.17256052
  20 3  18.87875450
  20 4  24.40128730
  20 5  76.02986304
  20 6  157.12056189
  20 7  68.99139113
  20 8  17.91764296
  20 9  33.73075116
  20 10  71.60674297
  20 41  31.44130620
  20 42  31.44130620
  20 43  31.44130620
  20 44  31.44130620
  20 45  31.44130620
  20 46  31.44130620
  20 47  31.44130620
  20 48  31.44130620
  20 49  31.44130620
  20 50  31.44130620
  20 51  31.44130620
  20 52  31.44130620
  20 53  31.44130620
  20 54  31.44130620
  20 55  31.44130620
  20 56  31.44130620
  20 57  31.44130620
  20 58  31.44130620
  20 59  31.44130620
  20 60  31.44130620
  20 61  31.44130620
  20 62  31.44130620
  20 63  31.44130620
  20 64  31.44130620
  20 65  31.44130620
  20 66  31.44130620
  20 67  31.44130620
  20 68  31.44130620
  20 69  31.44130620
  20 70  31.44130620
  20 71  26.40937567
  21 1  6.35287333
  21 2  34.17256052
  21 3  18.87875450
  21 4  24.40128730
  21 5  76.02986304
  21 6  157.12056189
  21 7  68.99139113
  21 8  17.91764296
  21 9  33.73075116
  21 10  71.60674297
  21 41  31.44130620
  21 42  31.44130620
  21 43  31.44130620
  21 44  31.44130620
  21 45  31.44130620
  21 46  31.44130620
  21 47  31.44130620
  21 48  31.44130620
  21 49  31.44130620
  21 50  31.44130620
  21 51  31.44130620
  21 52  31.44130620
  21 53  31.44130620
  21 54  31.44130620
  21 55  31.44130620
  21 56  31.44130620
  21 57  31.44130620
  21 58  31.44130620
  21 59  31.44130620
  21 60  31.44130620
  21 61  31.44130620
  21 62  31.44130620
  21 63  31.44130620
  21 64  31.44130620
  21 65  31.44130620
  21 66  31.44130620
  21 67  31.44130620
  21 68  31.44130620
  21 69  31.44130620
  21 70  31.44130620
  21 71  26.40937567
  22 1  6.35287333
  22 2  34.17256052
  22 3  18.87875450
  22 4  24.40128730
  22 5  76.02986304
  22 6  157.12056189
  22 7  68.99139113
  22 8  17.91764296
  22 9  33.73075116
  22 10  71.60674297
  22 41  31.44130620
  22 42  31.44130620
  22 43  31.44130620
  22 44  31.44130620
  22 45  31.44130620
  22 46  31.44130620
  22 47  31.44130620
  22 48  31.44130620
  22 49  31.44130620
  22 50  31.44130620
  22 51  31.44130620
  22 52  31.44130620
  22 53  31.44130620
  22 54  31.44130620
  22 55  31.44130620
  22 56  31.44130620
  22 57  31.44130620
  22 58  31.44130620
  22 59  31.44130620
  22 60  31.44130620
  22 61  31.44130620
  22 62  31.44130620
  22 63  31.44130620
  22 64  31.44130620
  22 65  31.44130620
  22 66  31.44130620
  22 67  31.44130620
  22 68  31.44130620
  22 69  31.44130620
  22 70  31.44130620
  22 71  26.40937567
  23 1  6.35287333
  23 2  34.17256052
  23 3  18.87875450
  23 4  24.40128730
  23 5  76.02986304
  23 6  157.12056189
  23 7  68.99139113
  23 8  17.91764296
  23 9  33.73075116
  23 10  71.60674297
  23 41  31.44130620
  23 42  31.44130620
  23 43  31.44130620
  23 44  31.44130620
  23 45  31.44130620
  23 46  31.44130620
  23 47  31.44130620
  23 48  31.44130620
  23 49  31.44130620
  23 50  31.44130620
  23 51  31.44130620
  23 52  31.44130620
  23 53  31.44130620
  23 54  31.44130620
  23 55  31.44130620
  23 56  31.44130620
  23 57  31.44130620
  23 58  31.44130620
  23 59  31.44130620
  23 60  31.44130620
  23 61  31.44130620
  23 62  31.44130620
  23 63  31.44130620
  23 64  31.44130620
  23 65  31.44130620
  23 66  31.44130620
  23 67  31.44130620
  23 68  31.44130620
  23 69  31.44130620
  23 70  31.44130620
  23 71  26.40937567
  24 1  6.35287333
  24 2  34.17256052
  24 3  18.87875450
  24 4  24.40128730
  24 5  76.02986304
  24 6  157.12056189
  24 7  68.99139113
  24 8  17.91764296
  24 9  33.73075116
  24 10  71.60674297
  24 41  31.44130620
  24 42  31.44130620
  24 43  31.44130620
  24 44  31.44130620
  24 45  31.44130620
  24 46  31.44130620
  24 47  31.44130620
  24 48  31.44130620
  24 49  31.44130620
  24 50  31.44130620
  24 51  31.44130620
  24 52  31.44130620
  24 53  31.44130620
  24 54  31.44130620
  24 55  31.44130620
  24 56  31.44130620
  24 57  31.44130620
  24 58  31.44130620
  24 59  31.44130620
  24 60  31.44130620
  24 61  31.44130620
  24 62  31.44130620
  24 63  31.44130620
  24 64  31.44130620
  24 65  31.44130620
  24 66  31.44130620
  24 67  31.44130620
  24 68  31.44130620
  24 69  31.44130620
  24 70  31.44130620
  24 71  26.40937567
  25 1  6.35287333
  25 2  34.17256052
  25 3  18.87875450
  25 4  24.40128730
  25 5  76.02986304
  25 6  157.12056189
  25 7  68.99139113
  25 8  17.91764296
  25 9  33.73075116
  25 10  71.60674297
  25 41  31.44130620
  25 42  31.44130620
  25 43  31.44130620
  25 44  31.44130620
  25 45  31.44130620
  25 46  31.44130620
  25 47  31.44130620
  25 48  31.44130620
  25 49  31.44130620
  25 50  31.44130620
  25 51  31.44130620
  25 52  31.44130620
  25 53  31.44130620
  25 54  31.44130620
  25 55  31.44130620
  25 56  31.44130620
  25 57  31.44130620
  25 58  31.44130620
  25 59  31.44130620
  25 60  31.44130620
  25 61  31.44130620
  25 62  31.44130620
  25 63  31.44130620
  25 64  31.44130620
  25 65  31.44130620
  25 66  31.44130620
  25 67  31.44130620
  25 68  31.44130620
  25 69  31.44130620
  25 70  31.44130620
  25 71  26.40937567
  26 1  6.35287333
  26 2  34.17256052
  26 3  18.87875450
  26 4  24.40128730
  26 5  76.02986304
  26 6  157.12056189
  26 7  68.99139113
  26 8  17.91764296
  26 9  33.73075116
  26 10  71.60674297
  26 41  31.44130620
  26 42  31.44130620
  26 43  31.44130620
  26 44  31.44130620
  26 45  31.44130620
  26 46  31.44130620
  26 47  31.44130620
  26 48  31.44130620
  26 49  31.44130620
  26 50  31.44130620
  26 51  31.44130620
  26 52  31.44130620
  26 53  31.44130620
  26 54  31.44130620
  26 55  31.44130620
  26 56  31.44130620
  26 57  31.44130620
  26 58  31.44130620
  26 59  31.44130620
  26 60  31.44130620
  26 61  31.44130620
  26 62  31.44130620
  26 63  31.44130620
  26 64  31.44130620
  26 65  31.44130620
  26 66  31.44130620
  26 67  31.44130620
  26 68  31.44130620
  26 69  31.44130620
  26 70  31.44130620
  26 71  26.40937567
  27 1  6.35287333
  27 2  34.17256052
  27 3  18.87875450
  27 4  24.40128730
  27 5  76.02986304
  27 6  157.12056189
  27 7  68.99139113
  27 8  17.91764296
  27 9  33.73075116
  27 10  71.60674297
  27 41  31.44130620
  27 42  31.44130620
  27 43  31.44130620
  27 44  31.44130620
  27 45  31.44130620
  27 46  31.44130620
  27 47  31.44130620
  27 48  31.44130620
  27 49  31.44130620
  27 50  31.44130620
  27 51  31.44130620
  27 52  31.44130620
  27 53  31.44130620
  27 54  31.44130620
  27 55  31.44130620
  27 56  31.44130620
  27 57  31.44130620
  27 58  31.44130620
  27 59  31.44130620
  27 60  31.44130620
  27 61  31.44130620
  27 62  31.44130620
  27 63  31.44130620
  27 64  31.44130620
  27 65  31.44130620
  27 66  31.44130620
  27 67  31.44130620
  27 68  31.44130620
  27 69  31.44130620
  27 70  31.44130620
  27 71  26.40937567
  28 1  6.35287333
  28 2  34.17256052
  28 3  18.87875450
  28 4  24.40128730
  28 5  76.02986304
  28 6  157.12056189
  28 7  68.99139113
  28 8  17.91764296
  28 9  33.73075116
  28 10  71.60674297
  28 41  31.44130620
  28 42  31.44130620
  28 43  31.44130620
  28 44  31.44130620
  28 45  31.44130620
  28 46  31.44130620
  28 47  31.44130620
  28 48  31.44130620
  28 49  31.44130620
  28 50  31.44130620
  28 51  31.44130620
  28 52  31.44130620
  28 53  31.44130620
  28 54  31.44130620
  28 55  31.44130620
  28 56  31.44130620
  28 57  31.44130620
  28 58  31.44130620
  28 59  31.44130620
  28 60  31.44130620
  28 61  31.44130620
  28 62  31.44130620
  28 63  31.44130620
  28 64  31.44130620
  28 65  31.44130620
  28 66  31.44130620
  28 67  31.44130620
  28 68  31.44130620
  28 69  31.44130620
  28 70  31.44130620
  28 71  26.40937567
  29 1  6.35287333
  29 2  34.17256052
  29 3  18.87875450
  29 4  24.40128730
  29 5  76.02986304
  29 6  157.12056189
  29 7  68.99139113
  29 8  17.91764296
  29 9  33.73075116
  29 10  71.60674297
  29 41  31.44130620
  29 42  31.44130620
  29 43  31.44130620
  29 44  31.44130620
  29 45  31.44130620
  29 46  31.44130620
  29 47  31.44130620
  29 48  31.44130620
  29 49  31.44130620
  29 50  31.44130620
  29 51  31.44130620
  29 52  31.44130620
  29 53  31.44130620
  29 54  31.44130620
  29 55  31.44130620
  29 56  31.44130620
  29 57  31.44130620
  29 58  31.44130620
  29 59  31.44130620
  29 60  31.44130620
  29 61  31.44130620
  29 62  31.44130620
  29 63  31.44130620
  29 64  31.44130620
  29 65  31.44130620
  29 66  31.44130620
  29 67  31.44130620
  29 68  31.44130620
  29 69  31.44130620
  29 70  31.44130620
  29 71  26.40937567
  30 1  6.35287333
  30 2  34.17256052
  30 3  18.87875450
  30 4  24.40128730
  30 5  76.02986304
  30 6  157.12056189
  30 7  68.99139113
  30 8  17.91764296
  30 9  33.73075116
  30 10  71.60674297
  30 41  31.44130620
  30 42  31.44130620
  30 43  31.44130620
  30 44  31.44130620
  30 45  31.44130620
  30 46  31.44130620
  30 47  31.44130620
  30 48  31.44130620
  30 49  31.44130620
  30 50  31.44130620
  30 51  31.44130620
  30 52  31.44130620
  30 53  31.44130620
  30 54  31.44130620
  30 55  31.44130620
  30 56  31.44130620
  30 57  31.44130620
  30 58  31.44130620
  30 59  31.44130620
  30 60  31.44130620
  30 61  31.44130620
  30 62  31.44130620
  30 63  31.44130620
  30 64  31.44130620
  30 65  31.44130620
  30 66  31.44130620
  30 67  31.44130620
  30 68  31.44130620
  30 69  31.44130620
  30 70  31.44130620
  30 71  26.40937567
  31 1  6.35287333
  31 2  34.17256052
  31 3  18.87875450
  31 4  24.40128730
  31 5  76.02986304
  31 6  157.12056189
  31 7  68.99139113
  31 8  17.91764296
  31 9  33.73075116
  31 10  71.60674297
  31 41  31.44130620
  31 42  31.44130620
  31 43  31.44130620
  31 44  31.44130620
  31 45  31.44130620
  31 46  31.44130620
  31 47  31.44130620
  31 48  31.44130620
  31 49  31.44130620
  31 50  31.44130620
  31 51  31.44130620
  31 52  31.44130620
  31 53  31.44130620
  31 54  31.44130620
  31 55  31.44130620
  31 56  31.44130620
  31 57  31.44130620
  31 58  31.44130620
  31 59  31.44130620
  31 60  31.44130620
  31 61  31.44130620
  31 62  31.44130620
  31 63  31.44130620
  31 64  31.44130620
  31 65  31.44130620
  31 66  31.44130620
  31 67  31.44130620
  31 68  31.44130620
  31 69  31.44130620
  31 70  31.44130620
  31 71  26.40937567
  32 1  6.35287333
  32 2  34.17256052
  32 3  18.87875450
  32 4  24.40128730
  32 5  76.02986304
  32 6  157.12056189
  32 7  68.99139113
  32 8  17.91764296
  32 9  33.73075116
  32 10  71.60674297
  32 41  31.44130620
  32 42  31.44130620
  32 43  31.44130620
  32 44  31.44130620
  32 45  31.44130620
  32 46  31.44130620
  32 47  31.44130620
  32 48  31.44130620
  32 49  31.44130620
  32 50  31.44130620
  32 51  31.44130620
  32 52  31.44130620
  32 53  31.44130620
  32 54  31.44130620
  32 55  31.44130620
  32 56  31.44130620
  32 57  31.44130620
  32 58  31.44130620
  32 59  31.44130620
  32 60  31.44130620
  32 61  31.44130620
  32 62  31.44130620
  32 63  31.44130620
  32 64  31.44130620
  32 65  31.44130620
  32 66  31.44130620
  32 67  31.44130620
  32 68  31.44130620
  32 69  31.44130620
  32 70  31.44130620
  32 71  26.40937567
  33 1  6.35287333
  33 2  34.17256052
  33 3  18.87875450
  33 4  24.40128730
  33 5  76.02986304
  33 6  157.12056189
  33 7  68.99139113
  33 8  17.91764296
  33 9  33.73075116
  33 10  71.60674297
  33 41  31.44130620
  33 42  31.44130620
  33 43  31.44130620
  33 44  31.44130620
  33 45  31.44130620
  33 46  31.44130620
  33 47  31.44130620
  33 48  31.44130620
  33 49  31.44130620
  33 50  31.44130620
  33 51  31.44130620
  33 52  31.44130620
  33 53  31.44130620
  33 54  31.44130620
  33 55  31.44130620
  33 56  31.44130620
  33 57  31.44130620
  33 58  31.44130620
  33 59  31.44130620
  33 60  31.44130620
  33 61  31.44130620
  33 62  31.44130620
  33 63  31.44130620
  33 64  31.44130620
  33 65  31.44130620
  33 66  31.44130620
  33 67  31.44130620
  33 68  31.44130620
  33 69  31.44130620
  33 70  31.44130620
  33 71  26.40937567
  34 1  6.35287333
  34 2  34.17256052
  34 3  18.87875450
  34 4  24.40128730
  34 5  76.02986304
  34 6  157.12056189
  34 7  68.99139113
  34 8  17.91764296
  34 9  33.73075116
  34 10  71.60674297
  34 41  31.44130620
  34 42  31.44130620
  34 43  31.44130620
  34 44  31.44130620
  34 45  31.44130620
  34 46  31.44130620
  34 47  31.44130620
  34 48  31.44130620
  34 49  31.44130620
  34 50  31.44130620
  34 51  31.44130620
  34 52  31.44130620
  34 53  31.44130620
  34 54  31.44130620
  34 55  31.44130620
  34 56  31.44130620
  34 57  31.44130620
  34 58  31.44130620
  34 59  31.44130620
  34 60  31.44130620
  34 61  31.44130620
  34 62  31.44130620
  34 63  31.44130620
  34 64  31.44130620
  34 65  31.44130620
  34 66  31.44130620
  34 67  31.44130620
  34 68  31.44130620
  34 69  31.44130620
  34 70  31.44130620
  34 71  26.40937567
  35 1  6.35287333
  35 2  34.17256052
  35 3  18.87875450
  35 4  24.40128730
  35 5  76.02986304
  35 6  157.12056189
  35 7  68.99139113
  35 8  17.91764296
  35 9  33.73075116
  35 10  71.60674297
  35 41  31.44130620
  35 42  31.44130620
  35 43  31.44130620
  35 44  31.44130620
  35 45  31.44130620
  35 46  31.44130620
  35 47  31.44130620
  35 48  31.44130620
  35 49  31.44130620
  35 50  31.44130620
  35 51  31.44130620
  35 52  31.44130620
  35 53  31.44130620
  35 54  31.44130620
  35 55  31.44130620
  35 56  31.44130620
  35 57  31.44130620
  35 58  31.44130620
  35 59  31.44130620
  35 60  31.44130620
  35 61  31.44130620
  35 62  31.44130620
  35 63  31.44130620
  35 64  31.44130620
  35 65  31.44130620
  35 66  31.44130620
  35 67  31.44130620
  35 68  31.44130620
  35 69  31.44130620
  35 70  31.44130620
  35 71  26.40937567
  36 1  6.35287333
  36 2  34.17256052
  36 3  18.87875450
  36 4  24.40128730
  36 5  76.02986304
  36 6  157.12056189
  36 7  68.99139113
  36 8  17.91764296
  36 9  33.73075116
  36 10  71.60674297
  36 41  31.44130620
  36 42  31.44130620
  36 43  31.44130620
  36 44  31.44130620
  36 45  31.44130620
  36 46  31.44130620
  36 47  31.44130620
  36 48  31.44130620
  36 49  31.44130620
  36 50  31.44130620
  36 51  31.44130620
  36 52  31.44130620
  36 53  31.44130620
  36 54  31.44130620
  36 55  31.44130620
  36 56  31.44130620
  36 57  31.44130620
  36 58  31.44130620
  36 59  31.44130620
  36 60  31.44130620
  36 61  31.44130620
  36 62  31.44130620
  36 63  31.44130620
  36 64  31.44130620
  36 65  31.44130620
  36 66  31.44130620
  36 67  31.44130620
  36 68  31.44130620
  36 69  31.44130620
  36 70  31.44130620
  36 71  26.40937567
  37 1  6.35287333
  37 2  34.17256052
  37 3  18.87875450
  37 4  24.40128730
  37 5  76.02986304
  37 6  157.12056189
  37 7  68.99139113
  37 8  17.91764296
  37 9  33.73075116
  37 10  71.60674297
  37 41  31.44130620
  37 42  31.44130620
  37 43  31.44130620
  37 44  31.44130620
  37 45  31.44130620
  37 46  31.44130620
  37 47  31.44130620
  37 48  31.44130620
  37 49  31.44130620
  37 50  31.44130620
  37 51  31.44130620
  37 52  31.44130620
  37 53  31.44130620
  37 54  31.44130620
  37 55  31.44130620
  37 56  31.44130620
  37 57  31.44130620
  37 58  31.44130620
  37 59  31.44130620
  37 60  31.44130620
  37 61  31.44130620
  37 62  31.44130620
  37 63  31.44130620
  37 64  31.44130620
  37 65  31.44130620
  37 66  31.44130620
  37 67  31.44130620
  37 68  31.44130620
  37 69  31.44130620
  37 70  31.44130620
  37 71  26.40937567
  38 1  6.35287333
  38 2  34.17256052
  38 3  18.87875450
  38 4  24.40128730
  38 5  76.02986304
  38 6  157.12056189
  38 7  68.99139113
  38 8  17.91764296
  38 9  33.73075116
  38 10  71.60674297
  38 41  31.44130620
  38 42  31.44130620
  38 43  31.44130620
  38 44  31.44130620
  38 45  31.44130620
  38 46  31.44130620
  38 47  31.44130620
  38 48  31.44130620
  38 49  31.44130620
  38 50  31.44130620
  38 51  31.44130620
  38 52  31.44130620
  38 53  31.44130620
  38 54  31.44130620
  38 55  31.44130620
  38 56  31.44130620
  38 57  31.44130620
  38 58  31.44130620
  38 59  31.44130620
  38 60  31.44130620
  38 61  31.44130620
  38 62  31.44130620
  38 63  31.44130620
  38 64  31.44130620
  38 65  31.44130620
  38 66  31.44130620
  38 67  31.44130620
  38 68  31.44130620
  38 69  31.44130620
  38 70  31.44130620
  38 71  26.40937567
  39 1  6.35287333
  39 2  34.17256052
  39 3  18.87875450
  39 4  24.40128730
  39 5  76.02986304
  39 6  157.12056189
  39 7  68.99139113
  39 8  17.91764296
  39 9  33.73075116
  39 10  71.60674297
  39 41  31.44130620
  39 42  31.44130620
  39 43  31.44130620
  39 44  31.44130620
  39 45  31.44130620
  39 46  31.44130620
  39 47  31.44130620
  39 48  31.44130620
  39 49  31.44130620
  39 50  31.44130620
  39 51  31.44130620
  39 52  31.44130620
  39 53  31.44130620
  39 54  31.44130620
  39 55  31.44130620
  39 56  31.44130620
  39 57  31.44130620
  39 58  31.44130620
  39 59  31.44130620
  39 60  31.44130620
  39 61  31.44130620
  39 62  31.44130620
  39 63  31.44130620
  39 64  31.44130620
  39 65  31.44130620
  39 66  31.44130620
  39 67  31.44130620
  39 68  31.44130620
  39 69  31.44130620
  39 70  31.44130620
  39 71  26.40937567
  40 1  6.35287333
  40 2  34.17256052
  40 3  18.87875450
  40 4  24.40128730
  40 5  76.02986304
  40 6  157.12056189
  40 7  68.99139113
  40 8  17.91764296
  40 9  33.73075116
  40 10  71.60674297
  40 41  31.44130620
  40 42  31.44130620
  40 43  31.44130620
  40 44  31.44130620
  40 45  31.44130620
  40 46  31.44130620
  40 47  31.44130620
  40 48  31.44130620
  40 49  31.44130620
  40 50  31.44130620
  40 51  31.44130620
  40 52  31.44130620
  40 53  31.44130620
  40 54  31.44130620
  40 55  31.44130620
  40 56  31.44130620
  40 57  31.44130620
  40 58  31.44130620
  40 59  31.44130620
  40 60  31.44130620
  40 61  31.44130620
  40 62  31.44130620
  40 63  31.44130620
  40 64  31.44130620
  40 65  31.44130620
  40 66  31.44130620
  40 67  31.44130620
  40 68  31.44130620
  40 69  31.44130620
  40 70  31.44130620
  40 71  26.40937567
  41 1  28.50624475
  41 2  100.65642910
  41 3  42.17163306
  41 4  6.51432692
  41 5  25.16022447
  41 6  74.59193004
  41 7  84.59094021
  41 8  38.65396988
  41 9  30.76792445
  41 10  27.83030825
  41 11  19.12676250
  41 12  19.12676250
  41 13  19.12676250
  41 14  19.12676250
  41 15  19.12676250
  41 16  19.12676250
  41 17  19.12676250
  41 18  19.12676250
  41 19  19.12676250
  41 20  19.12676250
  41 21  19.12676250
  41 22  19.12676250
  41 23  19.12676250
  41 24  19.12676250
  41 25  19.12676250
  41 26  19.12676250
  41 27  19.12676250
  41 28  19.12676250
  41 29  19.12676250
  41 30  19.12676250
  41 31  19.12676250
  41 32  19.12676250
  41 33  19.12676250
  41 34  19.12676250
  41 35  19.12676250
  41 36  19.12676250
  41 37  19.12676250
  41 38  19.12676250
  41 39  19.12676250
  41 40  19.12676250
  41 71  20.65288917
  42 1  28.50624475
  42 2  100.65642910
  42 3  42.17163306
  42 4  6.51432692
  42 5  25.16022447
  42 6  74.59193004
  42 7  84.59094021
  42 8  38.65396988
  42 9  30.76792445
  42 10  27.83030825
  42 11  19.12676250
  42 12  19.12676250
  42 13  19.12676250
  42 14  19.12676250
  42 15  19.12676250
  42 16  19.12676250
  42 17  19.12676250
  42 18  19.12676250
  42 19  19.12676250
  42 20  19.12676250
  42 21  19.12676250
  42 22  19.12676250
  42 23  19.12676250
  42 24  19.12676250
  42 25  19.12676250
  42 26  19.12676250
  42 27  19.12676250
  42 28  19.12676250
  42 29  19.12676250
  42 30  19.12676250
  42 31  19.12676250
  42 32  19.12676250
  42 33  19.12676250
  42 34  19.12676250
  42 35  19.12676250
  42 36  19.12676250
  42 37  19.12676250
  42 38  19.12676250
  42 39  19.12676250
  42 40  19.12676250
  42 71  20.65288917
  43 1  28.50624475
  43 2  100.65642910
  43 3  42.17163306
  43 4  6.51432692
  43 5  25.16022447
  43 6  74.59193004
  43 7  84.59094021
  43 8  38.65396988
  43 9  30.76792445
  43 10  27.83030825
  43 11  19.12676250
  43 12  19.12676250
  43 13  19.12676250
  43 14  19.12676250
  43 15  19.12676250
  43 16  19.12676250
  43 17  19.12676250
  43 18  19.12676250
  43 19  19.12676250
  43 20  19.12676250
  43 21  19.12676250
  43 22  19.12676250
  43 23  19.12676250
  43 24  19.12676250
  43 25  19.12676250
  43 26  19.12676250
  43 27  19.12676250
  43 28  19.12676250
  43 29  19.12676250
  43 30  19.12676250
  43 31  19.12676250
  43 32  19.12676250
  43 33  19.12676250
  43 34  19.12676250
  43 35  19.12676250
  43 36  19.12676250
  43 37  19.12676250
  43 38  19.12676250
  43 39  19.12676250
  43 40  19.12676250
  43 71  20.65288917
  44 1  28.50624475
  44 2  100.65642910
  44 3  42.17163306
  44 4  6.51432692
  44 5  25.16022447
  44 6  74.59193004
  44 7  84.59094021
  44 8  38.65396988
  44 9  30.76792445
  44 10  27.83030825
  44 11  19.12676250
  44 12  19.12676250
  44 13  19.12676250
  44 14  19.12676250
  44 15  19.12676250
  44 16  19.12676250
  44 17  19.12676250
  44 18  19.12676250
  44 19  19.12676250
  44 20  19.12676250
  44 21  19.12676250
  44 22  19.12676250
  44 23  19.12676250
  44 24  19.12676250
  44 25  19.12676250
  44 26  19.12676250
  44 27  19.12676250
  44 28  19.12676250
  44 29  19.12676250
  44 30  19.12676250
  44 31  19.12676250
  44 32  19.12676250
  44 33  19.12676250
  44 34  19.12676250
  44 35  19.12676250
  44 36  19.12676250
  44 37  19.12676250
  44 38  19.12676250
  44 39  19.12676250
  44 40  19.12676250
  44 71  20.65288917
  45 1  28.50624475
  45 2  100.65642910
  45 3  42.17163306
  45 4  6.51432692
  45 5  25.16022447
  45 6  74.59193004
  45 7  84.59094021
  45 8  38.65396988
  45 9  30.76792445
  45 10  27.83030825
  45 11  19.12676250
  45 12  19.12676250
  45 13  19.12676250
  45 14  19.12676250
  45 15  19.12676250
  45 16  19.12676250
  45 17  19.12676250
  45 18  19.12676250
  45 19  19.12676250
  45 20  19.12676250
  45 21  19.12676250
  45 22  19.12676250
  45 23  19.12676250
  45 24  19.12676250
  45 25  19.12676250
  45 26  19.12676250
  45 27  19.12676250
  45 28  19.12676250
  45 29  19.12676250
  45 30  19.12676250
  45 31  19.12676250
  45 32  19.12676250
  45 33  19.12676250
  45 34  19.12676250
  45 35  19.12676250
  45 36  19.12676250
  45 37  19.12676250
  45 38  19.12676250
  45 39  19.12676250
  45 40  19.12676250
  45 71  20.65288917
  46 1  28.50624475
  46 2  100.65642910
  46 3  42.17163306
  46 4  6.51432692
  46 5  25.16022447
  46 6  74.59193004
  46 7  84.59094021
  46 8  38.65396988
  46 9  30.76792445
  46 10  27.83030825
  46 11  19.12676250
  46 12  19.12676250
  46 13  19.12676250
  46 14  19.12676250
  46 15  19.12676250
  46 16  19.12676250
  46 17  19.12676250
  46 18  19.12676250
  46 19  19.12676250
  46 20  19.12676250
  46 21  19.12676250
  46 22  19.12676250
  46 23  19.12676250
  46 24  19.12676250
  46 25  19.12676250
  46 26  19.12676250
  46 27  19.12676250
  46 28  19.12676250
  46 29  19.12676250
  46 30  19.12676250
  46 31  19.12676250
  46 32  19.12676250
  46 33  19.12676250
  46 34  19.12676250
  46 35  19.12676250
  46 36  19.12676250
  46 37  19.12676250
  46 38  19.12676250
  46 39  19.12676250
  46 40  19.12676250
  46 71  20.65288917
  47 1  28.50624475
  47 2  100.65642910
  47 3  42.17163306
  47 4  6.51432692
  47 5  25.16022447
  47 6  74.59193004
  47 7  84.59094021
  47 8  38.65396988
  47 9  30.76792445
  47 10  27.83030825
  47 11  19.12676250
  47 12  19.12676250
  47 13  19.12676250
  47 14  19.12676250
  47 15  19.12676250
  47 16  19.12676250
  47 17  19.12676250
  47 18  19.12676250
  47 19  19.12676250
  47 20  19.12676250
  47 21  19.12676250
  47 22  19.12676250
  47 23  19.12676250
  47 24  19.12676250
  47 25  19.12676250
  47 26  19.12676250
  47 27  19.12676250
  47 28  19.12676250
  47 29  19.12676250
  47 30  19.12676250
  47 31  19.12676250
  47 32  19.12676250
  47 33  19.12676250
  47 34  19.12676250
  47 35  19.12676250
  47 36  19.12676250
  47 37  19.12676250
  47 38  19.12676250
  47 39  19.12676250
  47 40  19.12676250
  47 71  20.65288917
  48 1  28.50624475
  48 2  100.65642910
  48 3  42.17163306
  48 4  6.51432692
  48 5  25.16022447
  48 6  74.59193004
  48 7  84.59094021
  48 8  38.65396988
  48 9  30.76792445
  48 10  27.83030825
  48 11  19.12676250
  48 12  19.12676250
  48 13  19.12676250
  48 14  19.12676250
  48 15  19.12676250
  48 16  19.12676250
  48 17  19.12676250
  48 18  19.12676250
  48 19  19.12676250
  48 20  19.12676250
  48 21  19.12676250
  48 22  19.12676250
  48 23  19.12676250
  48 24  19.12676250
  48 25  19.12676250
  48 26  19.12676250
  48 27  19.12676250
  48 28  19.12676250
  48 29  19.12676250
  48 30  19.12676250
  48 31  19.12676250
  48 32  19.12676250
  48 33  19.12676250
  48 34  19.12676250
  48 35  19.12676250
  48 36  19.12676250
  48 37  19.12676250
  48 38  19.12676250
  48 39  19.12676250
  48 40  19.12676250
  48 71  20.65288917
  49 1  28.50624475
  49 2  100.65642910
  49 3  42.17163306
  49 4  6.51432692
  49 5  25.16022447
  49 6  74.59193004
  49 7  84.59094021
  49 8  38.65396988
  49 9  30.76792445
  49 10  27.83030825
  49 11  19.12676250
  49 12  19.12676250
  49 13  19.12676250
  49 14  19.12676250
  49 15  19.12676250
  49 16  19.12676250
  49 17  19.12676250
  49 18  19.12676250
  49 19  19.12676250
  49 20  19.12676250
  49 21  19.12676250
  49 22  19.12676250
  49 23  19.12676250
  49 24  19.12676250
  49 25  19.12676250
  49 26  19.12676250
  49 27  19.12676250
  49 28  19.12676250
  49 29  19.12676250
  49 30  19.12676250
  49 31  19.12676250
  49 32  19.12676250
  49 33  19.12676250
  49 34  19.12676250
  49 35  19.12676250
  49 36  19.12676250
  49 37  19.12676250
  49 38  19.12676250
  49 39  19.12676250
  49 40  19.12676250
  49 71  20.65288917
  50 1  28.50624475
  50 2  100.65642910
  50 3  42.17163306
  50 4  6.51432692
  50 5  25.16022447
  50 6  74.59193004
  50 7  84.59094021
  50 8  38.65396988
  50 9  30.76792445
  50 10  27.83030825
  50 11  19.12676250
  50 12  19.12676250
  50 13  19.12676250
  50 14  19.12676250
  50 15  19.12676250
  50 16  19.12676250
  50 17  19.12676250
  50 18  19.12676250
  50 19  19.12676250
  50 20  19.12676250
  50 21  19.12676250
  50 22  19.12676250
  50 23  19.12676250
  50 24  19.12676250
  50 25  19.12676250
  50 26  19.12676250
  50 27  19.12676250
  50 28  19.12676250
  50 29  19.12676250
  50 30  19.12676250
  50 31  19.12676250
  50 32  19.12676250
  50 33  19.12676250
  50 34  19.12676250
  50 35  19.12676250
  50 36  19.12676250
  50 37  19.12676250
  50 38  19.12676250
  50 39  19.12676250
  50 40  19.12676250
  50 71  20.65288917
  51 1  28.50624475
  51 2  100.65642910
  51 3  42.17163306
  51 4  6.51432692
  51 5  25.16022447
  51 6  74.59193004
  51 7  84.59094021
  51 8  38.65396988
  51 9  30.76792445
  51 10  27.83030825
  51 11  19.12676250
  51 12  19.12676250
  51 13  19.12676250
  51 14  19.12676250
  51 15  19.12676250
  51 16  19.12676250
  51 17  19.12676250
  51 18  19.12676250
  51 19  19.12676250
  51 20  19.12676250
  51 21  19.12676250
  51 22  19.12676250
  51 23  19.12676250
  51 24  19.12676250
  51 25  19.12676250
  51 26  19.12676250
  51 27  19.12676250
  51 28  19.12676250
  51 29  19.12676250
  51 30  19.12676250
  51 31  19.12676250
  51 32  19.12676250
  51 33  19.12676250
  51 34  19.12676250
  51 35  19.12676250
  51 36  19.12676250
  51 37  19.12676250
  51 38  19.12676250
  51 39  19.12676250
  51 40  19.12676250
  51 71  20.65288917
  52 1  28.50624475
  52 2  100.65642910
  52 3  42.17163306
  52 4  6.51432692
  52 5  25.16022447
  52 6  74.59193004
  52 7  84.59094021
  52 8  38.65396988
  52 9  30.76792445
  52 10  27.83030825
  52 11  19.12676250
  52 12  19.12676250
  52 13  19.12676250
  52 14  19.12676250
  52 15  19.12676250
  52 16  19.12676250
  52 17  19.12676250
  52 18  19.12676250
  52 19  19.12676250
  52 20  19.12676250
  52 21  19.12676250
  52 22  19.12676250
  52 23  19.12676250
  52 24  19.12676250
  52 25  19.12676250
  52 26  19.12676250
  52 27  19.12676250
  52 28  19.12676250
  52 29  19.12676250
  52 30  19.12676250
  52 31  19.12676250
  52 32  19.12676250
  52 33  19.12676250
  52 34  19.12676250
  52 35  19.12676250
  52 36  19.12676250
  52 37  19.12676250
  52 38  19.12676250
  52 39  19.12676250
  52 40  19.12676250
  52 71  20.65288917
  53 1  28.50624475
  53 2  100.65642910
  53 3  42.17163306
  53 4  6.51432692
  53 5  25.16022447
  53 6  74.59193004
  53 7  84.59094021
  53 8  38.65396988
  53 9  30.76792445
  53 10  27.83030825
  53 11  19.12676250
  53 12  19.12676250
  53 13  19.12676250
  53 14  19.12676250
  53 15  19.12676250
  53 16  19.12676250
  53 17  19.12676250
  53 18  19.12676250
  53 19  19.12676250
  53 20  19.12676250
  53 21  19.12676250
  53 22  19.12676250
  53 23  19.12676250
  53 24  19.12676250
  53 25  19.12676250
  53 26  19.12676250
  53 27  19.12676250
  53 28  19.12676250
  53 29  19.12676250
  53 30  19.12676250
  53 31  19.12676250
  53 32  19.12676250
  53 33  19.12676250
  53 34  19.12676250
  53 35  19.12676250
  53 36  19.12676250
  53 37  19.12676250
  53 38  19.12676250
  53 39  19.12676250
  53 40  19.12676250
  53 71  20.65288917
  54 1  28.50624475
  54 2  100.65642910
  54 3  42.17163306
  54 4  6.51432692
  54 5  25.16022447
  54 6  74.59193004
  54 7  84.59094021
  54 8  38.65396988
  54 9  30.76792445
  54 10  27.83030825
  54 11  19.12676250
  54 12  19.12676250
  54 13  19.12676250
  54 14  19.12676250
  54 15  19.12676250
  54 16  19.12676250
  54 17  19.12676250
  54 18  19.12676250
  54 19  19.12676250
  54 20  19.12676250
  54 21  19.12676250
  54 22  19.12676250
  54 23  19.12676250
  54 24  19.12676250
  54 25  19.12676250
  54 26  19.12676250
  54 27  19.12676250
  54 28  19.12676250
  54 29  19.12676250
  54 30  19.12676250
  54 31  19.12676250
  54 32  19.12676250
  54 33  19.12676250
  54 34  19.12676250
  54 35  19.12676250
  54 36  19.12676250
  54 37  19.12676250
  54 38  19.12676250
  54 39  19.12676250
  54 40  19.12676250
  54 71  20.65288917
  55 1  28.50624475
  55 2  100.65642910
  55 3  42.17163306
  55 4  6.51432692
  55 5  25.16022447
  55 6  74.59193004
  55 7  84.59094021
  55 8  38.65396988
  55 9  30.76792445
  55 10  27.83030825
  55 11  19.12676250
  55 12  19.12676250
  55 13  19.12676250
  55 14  19.12676250
  55 15  19.12676250
  55 16  19.12676250
  55 17  19.12676250
  55 18  19.12676250
  55 19  19.12676250
  55 20  19.12676250
  55 21  19.12676250
  55 22  19.12676250
  55 23  19.12676250
  55 24  19.12676250
  55 25  19.12676250
  55 26  19.12676250
  55 27  19.12676250
  55 28  19.12676250
  55 29  19.12676250
  55 30  19.12676250
  55 31  19.12676250
  55 32  19.12676250
  55 33  19.12676250
  55 34  19.12676250
  55 35  19.12676250
  55 36  19.12676250
  55 37  19.12676250
  55 38  19.12676250
  55 39  19.12676250
  55 40  19.12676250
  55 71  20.65288917
  56 1  28.50624475
  56 2  100.65642910
  56 3  42.17163306
  56 4  6.51432692
  56 5  25.16022447
  56 6  74.59193004
  56 7  84.59094021
  56 8  38.65396988
  56 9  30.76792445
  56 10  27.83030825
  56 11  19.12676250
  56 12  19.12676250
  56 13  19.12676250
  56 14  19.12676250
  56 15  19.12676250
  56 16  19.12676250
  56 17  19.12676250
  56 18  19.12676250
  56 19  19.12676250
  56 20  19.12676250
  56 21  19.12676250
  56 22  19.12676250
  56 23  19.12676250
  56 24  19.12676250
  56 25  19.12676250
  56 26  19.12676250
  56 27  19.12676250
  56 28  19.12676250
  56 29  19.12676250
  56 30  19.12676250
  56 31  19.12676250
  56 32  19.12676250
  56 33  19.12676250
  56 34  19.12676250
  56 35  19.12676250
  56 36  19.12676250
  56 37  19.12676250
  56 38  19.12676250
  56 39  19.12676250
  56 40  19.12676250
  56 71  20.65288917
  57 1  28.50624475
  57 2  100.65642910
  57 3  42.17163306
  57 4  6.51432692
  57 5  25.16022447
  57 6  74.59193004
  57 7  84.59094021
  57 8  38.65396988
  57 9  30.76792445
  57 10  27.83030825
  57 11  19.12676250
  57 12  19.12676250
  57 13  19.12676250
  57 14  19.12676250
  57 15  19.12676250
  57 16  19.12676250
  57 17  19.12676250
  57 18  19.12676250
  57 19  19.12676250
  57 20  19.12676250
  57 21  19.12676250
  57 22  19.12676250
  57 23  19.12676250
  57 24  19.12676250
  57 25  19.12676250
  57 26  19.12676250
  57 27  19.12676250
  57 28  19.12676250
  57 29  19.12676250
  57 30  19.12676250
  57 31  19.12676250
  57 32  19.12676250
  57 33  19.12676250
  57 34  19.12676250
  57 35  19.12676250
  57 36  19.12676250
  57 37  19.12676250
  57 38  19.12676250
  57 39  19.12676250
  57 40  19.12676250
  57 71  20.65288917
  58 1  28.50624475
  58 2  100.65642910
  58 3  42.17163306
  58 4  6.51432692
  58 5  25.16022447
  58 6  74.59193004
  58 7  84.59094021
  58 8  38.65396988
  58 9  30.76792445
  58 10  27.83030825
  58 11  19.12676250
  58 12  19.12676250
  58 13  19.12676250
  58 14  19.12676250
  58 15  19.12676250
  58 16  19.12676250
  58 17  19.12676250
  58 18  19.12676250
  58 19  19.12676250
  58 20  19.12676250
  58 21  19.12676250
  58 22  19.12676250
  58 23  19.12676250
  58 24  19.12676250
  58 25  19.12676250
  58 26  19.12676250
  58 27  19.12676250
  58 28  19.12676250
  58 29  19.12676250
  58 30  19.12676250
  58 31  19.12676250
  58 32  19.12676250
  58 33  19.12676250
  58 34  19.12676250
  58 35  19.12676250
  58 36  19.12676250
  58 37  19.12676250
  58 38  19.12676250
  58 39  19.12676250
  58 40  19.12676250
  58 71  20.65288917
  59 1  28.50624475
  59 2  100.65642910
  59 3  42.17163306
  59 4  6.51432692
  59 5  25.16022447
  59 6  74.59193004
  59 7  84.59094021
  59 8  38.65396988
  59 9  30.76792445
  59 10  27.83030825
  59 11  19.12676250
  59 12  19.12676250
  59 13  19.12676250
  59 14  19.12676250
  59 15  19.12676250
  59 16  19.12676250
  59 17  19.12676250
  59 18  19.12676250
  59 19  19.12676250
  59 20  19.12676250
  59 21  19.12676250
  59 22  19.12676250
  59 23  19.12676250
  59 24  19.12676250
  59 25  19.12676250
  59 26  19.12676250
  59 27  19.12676250
  59 28  19.12676250
  59 29  19.12676250
  59 30  19.12676250
  59 31  19.12676250
  59 32  19.12676250
  59 33  19.12676250
  59 34  19.12676250
  59 35  19.12676250
  59 36  19.12676250
  59 37  19.12676250
  59 38  19.12676250
  59 39  19.12676250
  59 40  19.12676250
  59 71  20.65288917
  60 1  28.50624475
  60 2  100.65642910
  60 3  42.17163306
  60 4  6.51432692
  60 5  25.16022447
  60 6  74.59193004
  60 7  84.59094021
  60 8  38.65396988
  60 9  30.76792445
  60 10  27.83030825
  60 11  19.12676250
  60 12  19.12676250
  60 13  19.12676250
  60 14  19.12676250
  60 15  19.12676250
  60 16  19.12676250
  60 17  19.12676250
  60 18  19.12676250
  60 19  19.12676250
  60 20  19.12676250
  60 21  19.12676250
  60 22  19.12676250
  60 23  19.12676250
  60 24  19.12676250
  60 25  19.12676250
  60 26  19.12676250
  60 27  19.12676250
  60 28  19.12676250
  60 29  19.12676250
  60 30  19.12676250
  60 31  19.12676250
  60 32  19.12676250
  60 33  19.12676250
  60 34  19.12676250
  60 35  19.12676250
  60 36  19.12676250
  60 37  19.12676250
  60 38  19.12676250
  60 39  19.12676250
  60 40  19.12676250
  60 71  20.65288917
  61 1  28.50624475
  61 2  100.65642910
  61 3  42.17163306
  61 4  6.51432692
  61 5  25.16022447
  61 6  74.59193004
  61 7  84.59094021
  61 8  38.65396988
  61 9  30.76792445
  61 10  27.83030825
  61 11  19.12676250
  61 12  19.12676250
  61 13  19.12676250
  61 14  19.12676250
  61 15  19.12676250
  61 16  19.12676250
  61 17  19.12676250
  61 18  19.12676250
  61 19  19.12676250
  61 20  19.12676250
  61 21  19.12676250
  61 22  19.12676250
  61 23  19.12676250
  61 24  19.12676250
  61 25  19.12676250
  61 26  19.12676250
  61 27  19.12676250
  61 28  19.12676250
  61 29  19.12676250
  61 30  19.12676250
  61 31  19.12676250
  61 32  19.12676250
  61 33  19.12676250
  61 34  19.12676250
  61 35  19.12676250
  61 36  19.12676250
  61 37  19.12676250
  61 38  19.12676250
  61 39  19.12676250
  61 40  19.12676250
  61 71  20.65288917
  62 1  28.50624475
  62 2  100.65642910
  62 3  42.17163306
  62 4  6.51432692
  62 5  25.16022447
  62 6  74.59193004
  62 7  84.59094021
  62 8  38.65396988
  62 9  30.76792445
  62 10  27.83030825
  62 11  19.12676250
  62 12  19.12676250
  62 13  19.12676250
  62 14  19.12676250
  62 15  19.12676250
  62 16  19.12676250
  62 17  19.12676250
  62 18  19.12676250
  62 19  19.12676250
  62 20  19.12676250
  62 21  19.12676250
  62 22  19.12676250
  62 23  19.12676250
  62 24  19.12676250
  62 25  19.12676250
  62 26  19.12676250
  62 27  19.12676250
  62 28  19.12676250
  62 29  19.12676250
  62 30  19.12676250
  62 31  19.12676250
  62 32  19.12676250
  62 33  19.12676250
  62 34  19.12676250
  62 35  19.12676250
  62 36  19.12676250
  62 37  19.12676250
  62 38  19.12676250
  62 39  19.12676250
  62 40  19.12676250
  62 71  20.65288917
  63 1  28.50624475
  63 2  100.65642910
  63 3  42.17163306
  63 4  6.51432692
  63 5  25.16022447
  63 6  74.59193004
  63 7  84.59094021
  63 8  38.65396988
  63 9  30.76792445
  63 10  27.83030825
  63 11  19.12676250
  63 12  19.12676250
  63 13  19.12676250
  63 14  19.12676250
  63 15  19.12676250
  63 16  19.12676250
  63 17  19.12676250
  63 18  19.12676250
  63 19  19.12676250
  63 20  19.12676250
  63 21  19.12676250
  63 22  19.12676250
  63 23  19.12676250
  63 24  19.12676250
  63 25  19.12676250
  63 26  19.12676250
  63 27  19.12676250
  63 28  19.12676250
  63 29  19.12676250
  63 30  19.12676250
  63 31  19.12676250
  63 32  19.12676250
  63 33  19.12676250
  63 34  19.12676250
  63 35  19.12676250
  63 36  19.12676250
  63 37  19.12676250
  63 38  19.12676250
  63 39  19.12676250
  63 40  19.12676250
  63 71  20.65288917
  64 1  28.50624475
  64 2  100.65642910
  64 3  42.17163306
  64 4  6.51432692
  64 5  25.16022447
  64 6  74.59193004
  64 7  84.59094021
  64 8  38.65396988
  64 9  30.76792445
  64 10  27.83030825
  64 11  19.12676250
  64 12  19.12676250
  64 13  19.12676250
  64 14  19.12676250
  64 15  19.12676250
  64 16  19.12676250
  64 17  19.12676250
  64 18  19.12676250
  64 19  19.12676250
  64 20  19.12676250
  64 21  19.12676250
  64 22  19.12676250
  64 23  19.12676250
  64 24  19.12676250
  64 25  19.12676250
  64 26  19.12676250
  64 27  19.12676250
  64 28  19.12676250
  64 29  19.12676250
  64 30  19.12676250
  64 31  19.12676250
  64 32  19.12676250
  64 33  19.12676250
  64 34  19.12676250
  64 35  19.12676250
  64 36  19.12676250
  64 37  19.12676250
  64 38  19.12676250
  64 39  19.12676250
  64 40  19.12676250
  64 71  20.65288917
  65 1  28.50624475
  65 2  100.65642910
  65 3  42.17163306
  65 4  6.51432692
  65 5  25.16022447
  65 6  74.59193004
  65 7  84.59094021
  65 8  38.65396988
  65 9  30.76792445
  65 10  27.83030825
  65 11  19.12676250
  65 12  19.12676250
  65 13  19.12676250
  65 14  19.12676250
  65 15  19.12676250
  65 16  19.12676250
  65 17  19.12676250
  65 18  19.12676250
  65 19  19.12676250
  65 20  19.12676250
  65 21  19.12676250
  65 22  19.12676250
  65 23  19.12676250
  65 24  19.12676250
  65 25  19.12676250
  65 26  19.12676250
  65 27  19.12676250
  65 28  19.12676250
  65 29  19.12676250
  65 30  19.12676250
  65 31  19.12676250
  65 32  19.12676250
  65 33  19.12676250
  65 34  19.12676250
  65 35  19.12676250
  65 36  19.12676250
  65 37  19.12676250
  65 38  19.12676250
  65 39  19.12676250
  65 40  19.12676250
  65 71  20.65288917
  66 1  28.50624475
  66 2  100.65642910
  66 3  42.17163306
  66 4  6.51432692
  66 5  25.16022447
  66 6  74.59193004
  66 7  84.59094021
  66 8  38.65396988
  66 9  30.76792445
  66 10  27.83030825
  66 11  19.12676250
  66 12  19.12676250
  66 13  19.12676250
  66 14  19.12676250
  66 15  19.12676250
  66 16  19.12676250
  66 17  19.12676250
  66 18  19.12676250
  66 19  19.12676250
  66 20  19.12676250
  66 21  19.12676250
  66 22  19.12676250
  66 23  19.12676250
  66 24  19.12676250
  66 25  19.12676250
  66 26  19.12676250
  66 27  19.12676250
  66 28  19.12676250
  66 29  19.12676250
  66 30  19.12676250
  66 31  19.12676250
  66 32  19.12676250
  66 33  19.12676250
  66 34  19.12676250
  66 35  19.12676250
  66 36  19.12676250
  66 37  19.12676250
  66 38  19.12676250
  66 39  19.12676250
  66 40  19.12676250
  66 71  20.65288917
  67 1  28.50624475
  67 2  100.65642910
  67 3  42.17163306
  67 4  6.51432692
  67 5  25.16022447
  67 6  74.59193004
  67 7  84.59094021
  67 8  38.65396988
  67 9  30.76792445
  67 10  27.83030825
  67 11  19.12676250
  67 12  19.12676250
  67 13  19.12676250
  67 14  19.12676250
  67 15  19.12676250
  67 16  19.12676250
  67 17  19.12676250
  67 18  19.12676250
  67 19  19.12676250
  67 20  19.12676250
  67 21  19.12676250
  67 22  19.12676250
  67 23  19.12676250
  67 24  19.12676250
  67 25  19.12676250
  67 26  19.12676250
  67 27  19.12676250
  67 28  19.12676250
  67 29  19.12676250
  67 30  19.12676250
  67 31  19.12676250
  67 32  19.12676250
  67 33  19.12676250
  67 34  19.12676250
  67 35  19.12676250
  67 36  19.12676250
  67 37  19.12676250
  67 38  19.12676250
  67 39  19.12676250
  67 40  19.12676250
  67 71  20.65288917
  68 1  28.50624475
  68 2  100.65642910
  68 3  42.17163306
  68 4  6.51432692
  68 5  25.16022447
  68 6  74.59193004
  68 7  84.59094021
  68 8  38.65396988
  68 9  30.76792445
  68 10  27.83030825
  68 11  19.12676250
  68 12  19.12676250
  68 13  19.12676250
  68 14  19.12676250
  68 15  19.12676250
  68 16  19.12676250
  68 17  19.12676250
  68 18  19.12676250
  68 19  19.12676250
  68 20  19.12676250
  68 21  19.12676250
  68 22  19.12676250
  68 23  19.12676250
  68 24  19.12676250
  68 25  19.12676250
  68 26  19.12676250
  68 27  19.12676250
  68 28  19.12676250
  68 29  19.12676250
  68 30  19.12676250
  68 31  19.12676250
  68 32  19.12676250
  68 33  19.12676250
  68 34  19.12676250
  68 35  19.12676250
  68 36  19.12676250
  68 37  19.12676250
  68 38  19.12676250
  68 39  19.12676250
  68 40  19.12676250
  68 71  20.65288917
  69 1  28.50624475
  69 2  100.65642910
  69 3  42.17163306
  69 4  6.51432692
  69 5  25.16022447
  69 6  74.59193004
  69 7  84.59094021
  69 8  38.65396988
  69 9  30.76792445
  69 10  27.83030825
  69 11  19.12676250
  69 12  19.12676250
  69 13  19.12676250
  69 14  19.12676250
  69 15  19.12676250
  69 16  19.12676250
  69 17  19.12676250
  69 18  19.12676250
  69 19  19.12676250
  69 20  19.12676250
  69 21  19.12676250
  69 22  19.12676250
  69 23  19.12676250
  69 24  19.12676250
  69 25  19.12676250
  69 26  19.12676250
  69 27  19.12676250
  69 28  19.12676250
  69 29  19.12676250
  69 30  19.12676250
  69 31  19.12676250
  69 32  19.12676250
  69 33  19.12676250
  69 34  19.12676250
  69 35  19.12676250
  69 36  19.12676250
  69 37  19.12676250
  69 38  19.12676250
  69 39  19.12676250
  69 40  19.12676250
  69 71  20.65288917
  70 1  28.50624475
  70 2  100.65642910
  70 3  42.17163306
  70 4  6.51432692
  70 5  25.16022447
  70 6  74.59193004
  70 7  84.59094021
  70 8  38.65396988
  70 9  30.76792445
  70 10  27.83030825
  70 11  19.12676250
  70 12  19.12676250
  70 13  19.12676250
  70 14  19.12676250
  70 15  19.12676250
  70 16  19.12676250
  70 17  19.12676250
  70 18  19.12676250
  70 19  19.12676250
  70 20  19.12676250
  70 21  19.12676250
  70 22  19.12676250
  70 23  19.12676250
  70 24  19.12676250
  70 25  19.12676250
  70 26  19.12676250
  70 27  19.12676250
  70 28  19.12676250
  70 29  19.12676250
  70 30  19.12676250
  70 31  19.12676250
  70 32  19.12676250
  70 33  19.12676250
  70 34  19.12676250
  70 35  19.12676250
  70 36  19.12676250
  70 37  19.12676250
  70 38  19.12676250
  70 39  19.12676250
  70 40  19.12676250
  70 71  20.65288917
;
