NAME C10R2
SOURCE Zhang et al. (2018) methodology — reproducible synthetic benchmark
N_CUSTOMERS 10
N_STATIONS 2
VARIANT 1
GRID_MILES 200.0
VEHICLE_CAPACITY 3.0
BATTERY_KWH 110.0
CURB_WEIGHT_KG 2000.0
ALPHA_ARC 0.0981
BETA_VEH 2.11
EFF_D 1.11
EFF_M 1.25
SPEED_SEED 2662666502
CUSTOMER_SEED 19970
STATION_SEED 30201

NODES
0 160934.400000 160934.400000 0.000000 depot_start
1 120944.759079 204691.096115 0.090512 customer
2 199795.508816 137141.138449 0.137182 customer
3 280415.694685 178501.172515 0.057731 customer
4 48184.324247 79381.419549 0.133537 customer
5 308807.290135 82715.122390 0.139417 customer
6 283450.359729 192854.713462 0.090400 customer
7 221640.960399 85798.855659 0.141536 customer
8 12294.164262 295484.166255 0.061401 customer
9 280989.560905 65072.520744 0.098938 customer
10 79109.304503 216886.188201 0.116391 customer
11 190968.521061 293731.678694 0.000000 station
12 115084.963732 168527.169297 0.000000 station
13 160934.400000 160934.400000 0.000000 depot_end

SPEEDS
0 1 60
0 2 40
0 3 60
0 4 40
0 5 60
0 6 60
0 7 30
0 8 40
0 9 30
0 10 30
0 11 60
0 12 30
0 13 60
1 0 40
1 2 40
1 3 60
1 4 60
1 5 40
1 6 40
1 7 60
1 8 30
1 9 80
1 10 30
1 11 60
1 12 40
1 13 60
2 0 60
2 1 40
2 3 30
2 4 40
2 5 30
2 6 60
2 7 30
2 8 40
2 9 40
2 10 60
2 11 60
2 12 60
2 13 80
3 0 60
3 1 80
3 2 80
3 4 60
3 5 40
3 6 30
3 7 80
3 8 60
3 9 60
3 10 80
3 11 30
3 12 30
3 13 60
4 0 60
4 1 30
4 2 40
4 3 60
4 5 30
4 6 60
4 7 30
4 8 80
4 9 40
4 10 80
4 11 80
4 12 30
4 13 40
5 0 40
5 1 30
5 2 80
5 3 40
5 4 30
5 6 30
5 7 30
5 8 30
5 9 30
5 10 30
5 11 80
5 12 60
5 13 60
6 0 30
6 1 40
6 2 30
6 3 60
6 4 80
6 5 80
6 7 80
6 8 40
6 9 40
6 10 40
6 11 40
6 12 80
6 13 40
7 0 30
7 1 80
7 2 80
7 3 30
7 4 40
7 5 60
7 6 80
7 8 40
7 9 60
7 10 30
7 11 80
7 12 30
7 13 30
8 0 60
8 1 30
8 2 80
8 3 60
8 4 80
8 5 60
8 6 60
8 7 40
8 9 30
8 10 60
8 11 80
8 12 30
8 13 30
9 0 60
9 1 30
9 2 60
9 3 60
9 4 40
9 5 60
9 6 60
9 7 40
9 8 60
9 10 30
9 11 30
9 12 80
9 13 80
10 0 30
10 1 60
10 2 60
10 3 80
10 4 60
10 5 60
10 6 30
10 7 40
10 8 40
10 9 80
10 11 40
10 12 30
10 13 80
11 0 80
11 1 30
11 2 60
11 3 30
11 4 30
11 5 40
11 6 40
11 7 30
11 8 40
11 9 40
11 10 80
11 12 80
11 13 80
12 0 80
12 1 80
12 2 60
12 3 60
12 4 80
12 5 30
12 6 80
12 7 60
12 8 80
12 9 80
12 10 80
12 11 60
12 13 40
13 0 30
13 1 60
13 2 60
13 3 60
13 4 80
13 5 60
13 6 80
13 7 40
13 8 60
13 9 80
13 10 30
13 11 80
13 12 30
