NAME C11R2
SOURCE Zhang et al. (2018) methodology — reproducible synthetic benchmark
N_CUSTOMERS 11
N_STATIONS 2
VARIANT 1
GRID_MILES 200.0
VEHICLE_CAPACITY 3.0
BATTERY_KWH 110.0
CURB_WEIGHT_KG 2000.0
ALPHA_ARC 0.0981
BETA_VEH 2.11
EFF_D 1.11
EFF_M 1.25
SPEED_SEED 2662683663
CUSTOMER_SEED 20967
STATION_SEED 31192

NODES
0 160934.400000 160934.400000 0.000000 depot_start
1 302717.189705 129530.249083 0.107452 customer
2 310232.079155 119043.881939 0.105511 customer
3 167710.368630 63306.517261 0.108973 customer
4 105290.214857 197107.912536 0.051574 customer
5 22823.478097 221600.086489 0.077299 customer
6 274428.487528 262639.881650 0.097514 customer
7 319016.684058 284709.875972 0.127762 customer
8 66389.803711 35876.883268 0.056283 customer
9 178182.712492 41160.032463 0.083771 customer
10 49073.105852 71996.661576 0.101616 customer
11 311658.959200 276553.260619 0.056574 customer
12 265196.066885 121164.314142 0.000000 station
13 124797.255716 239012.489314 0.000000 station
14 160934.400000 160934.400000 0.000000 depot_end

SPEEDS
0 1 30
0 2 80
0 3 30
0 4 80
0 5 30
0 6 80
0 7 40
0 8 60
0 9 40
0 10 80
0 11 30
0 12 60
0 13 40
0 14 60
1 0 80
1 2 30
1 3 60
1 4 30
1 5 80
1 6 80
1 7 80
1 8 40
1 9 40
1 10 30
1 11 60
1 12 30
1 13 40
1 14 80
2 0 60
2 1 60
2 3 40
2 4 80
2 5 30
2 6 60
2 7 80
2 8 30
2 9 40
2 10 60
2 11 60
2 12 60
2 13 30
2 14 80
3 0 60
3 1 60
3 2 40
3 4 30
3 5 40
3 6 60
3 7 80
3 8 30
3 9 80
3 10 60
3 11 30
3 12 80
3 13 80
3 14 40
4 0 80
4 1 60
4 2 30
4 3 40
4 5 80
4 6 30
4 7 60
4 8 30
4 9 30
4 10 60
4 11 30
4 12 60
4 13 80
4 14 40
5 0 40
5 1 80
5 2 30
5 3 40
5 4 30
5 6 40
5 7 80
5 8 30
5 9 60
5 10 80
5 11 30
5 12 60
5 13 30
5 14 40
6 0 30
6 1 30
6 2 30
6 3 60
6 4 40
6 5 80
6 7 80
6 8 60
6 9 80
6 10 80
6 11 30
6 12 80
6 13 80
6 14 80
7 0 30
7 1 30
7 2 40
7 3 40
7 4 60
7 5 80
7 6 40
7 8 40
7 9 80
7 10 60
7 11 80
7 12 80
7 13 30
7 14 30
8 0 40
8 1 80
8 2 30
8 3 40
8 4 80
8 5 80
8 6 60
8 7 60
8 9 30
8 10 30
8 11 80
8 12 30
8 13 60
8 14 60
9 0 80
9 1 80
9 2 80
9 3 40
9 4 40
9 5 40
9 6 30
9 7 30
9 8 80
9 10 30
9 11 80
9 12 80
9 13 40
9 14 30
10 0 80
10 1 40
10 2 60
10 3 30
10 4 30
10 5 40
10 6 30
10 7 80
10 8 30
10 9 30
10 11 60
10 12 60
10 13 60
10 14 30
11 0 60
11 1 40
11 2 60
11 3 40
11 4 80
11 5 40
11 6 80
11 7 80
11 8 40
11 9 40
11 10 40
11 12 30
11 13 30
11 14 60
12 0 40
12 1 80
12 2 60
12 3 60
12 4 80
12 5 80
12 6 60
12 7 60
12 8 30
12 9 80
12 10 60
12 11 80
12 13 80
12 14 60
13 0 80
13 1 60
13 2 60
13 3 80
13 4 60
13 5 60
13 6 40
13 7 30
13 8 40
13 9 30
13 10 30
13 11 30
13 12 30
13 14 30
14 0 30
14 1 40
14 2 60
14 3 40
14 4 80
14 5 80
14 6 30
14 7 60
14 8 60
14 9 60
14 10 30
14 11 60
14 12 60
14 13 30
