NAME C12R2
SOURCE Zhang et al. (2018) methodology — reproducible synthetic benchmark
N_CUSTOMERS 12
N_STATIONS 2
VARIANT 1
GRID_MILES 200.0
VEHICLE_CAPACITY 3.0
BATTERY_KWH 110.0
CURB_WEIGHT_KG 2000.0
ALPHA_ARC 0.0981
BETA_VEH 2.11
EFF_D 1.11
EFF_M 1.25
SPEED_SEED 2662700824
CUSTOMER_SEED 21964
STATION_SEED 32183

NODES
0 160934.400000 160934.400000 0.000000 depot_start
1 2064.427672 150690.467397 0.148356 customer
2 211233.717195 80105.708831 0.147220 customer
3 175908.765009 272552.297882 0.066396 customer
4 46715.601596 275624.771576 0.138394 customer
5 159740.691683 105499.366892 0.115596 customer
6 119266.004701 97341.131926 0.086789 customer
7 245056.305480 96024.699380 0.053977 customer
8 138262.531854 199628.607763 0.114692 customer
9 206941.380335 11596.930711 0.087578 customer
10 256829.799082 242127.386876 0.089875 customer
11 90939.963155 157140.302466 0.053866 customer
12 170278.689444 168067.085125 0.079494 customer
13 278765.088104 311555.168903 0.000000 station
14 321298.387005 236487.267604 0.000000 station
15 160934.400000 160934.400000 0.000000 depot_end

SPEEDS
0 1 40
0 2 40
0 3 60
0 4 80
0 5 80
0 6 80
0 7 30
0 8 30
0 9 40
0 10 80
0 11 40
0 12 40
0 13 30
0 14 80
0 15 60
1 0 80
1 2 30
1 3 60
1 4 40
1 5 60
1 6 60
1 7 60
1 8 40
1 9 40
1 10 60
1 11 30
1 12 60
1 13 40
1 14 40
1 15 80
2 0 60
2 1 60
2 3 30
2 4 30
2 5 80
2 6 80
2 7 40
2 8 80
2 9 80
2 10 30
2 11 60
2 12 40
2 13 60
2 14 80
2 15 30
3 0 30
3 1 40
3 2 40
3 4 80
3 5 40
3 6 30
3 7 60
3 8 60
3 9 80
3 10 40
3 11 30
3 12 80
3 13 40
3 14 60
3 15 60
4 0 30
4 1 60
4 2 80
4 3 80
4 5 80
4 6 30
4 7 80
4 8 40
4 9 30
4 10 80
4 11 40
4 12 40
4 13 80
4 14 30
4 15 80
5 0 60
5 1 30
5 2 60
5 3 80
5 4 40
5 6 40
5 7 60
5 8 80
5 9 80
5 10 80
5 11 60
5 12 60
5 13 80
5 14 60
5 15 30
6 0 30
6 1 40
6 2 40
6 3 30
6 4 30
6 5 80
6 7 40
6 8 80
6 9 30
6 10 80
6 11 60
6 12 60
6 13 60
6 14 60
6 15 80
7 0 60
7 1 30
7 2 30
7 3 80
7 4 60
7 5 60
7 6 60
7 8 60
7 9 30
7 10 30
7 11 80
7 12 40
7 13 60
7 14 60
7 15 30
8 0 30
8 1 80
8 2 60
8 3 40
8 4 40
8 5 80
8 6 60
8 7 30
8 9 80
8 10 30
8 11 80
8 12 80
8 13 60
8 14 30
8 15 30
9 0 80
9 1 40
9 2 30
9 3 40
9 4 60
9 5 60
9 6 60
9 7 60
9 8 60
9 10 40
9 11 40
9 12 80
9 13 40
9 14 80
9 15 80
10 0 40
10 1 30
10 2 30
10 3 30
10 4 80
10 5 40
10 6 40
10 7 30
10 8 60
10 9 40
10 11 40
10 12 40
10 13 40
10 14 60
10 15 40
11 0 80
11 1 40
11 2 80
11 3 80
11 4 80
11 5 80
11 6 40
11 7 80
11 8 40
11 9 30
11 10 40
11 12 30
11 13 60
11 14 60
11 15 40
12 0 60
12 1 80
12 2 80
12 3 80
12 4 40
12 5 80
12 6 30
12 7 40
12 8 60
12 9 60
12 10 60
12 11 40
12 13 30
12 14 60
12 15 60
13 0 60
13 1 60
13 2 30
13 3 40
13 4 60
13 5 40
13 6 40
13 7 30
13 8 60
13 9 60
13 10 40
13 11 30
13 12 80
13 14 30
13 15 60
14 0 60
14 1 60
14 2 60
14 3 40
14 4 80
14 5 40
14 6 60
14 7 40
14 8 30
14 9 40
14 10 30
14 11 30
14 12 60
14 13 40
14 15 60
15 0 30
15 1 40
15 2 60
15 3 40
15 4 80
15 5 80
15 6 60
15 7 80
15 8 60
15 9 40
15 10 80
15 11 30
15 12 60
15 13 60
15 14 40
