NAME C13R2
SOURCE Zhang et al. (2018) methodology — reproducible synthetic benchmark
N_CUSTOMERS 13
N_STATIONS 2
VARIANT 1
GRID_MILES 200.0
VEHICLE_CAPACITY 3.0
BATTERY_KWH 110.0
CURB_WEIGHT_KG 2000.0
ALPHA_ARC 0.0981
BETA_VEH 2.11
EFF_D 1.11
EFF_M 1.25
SPEED_SEED 2662717985
CUSTOMER_SEED 22961
STATION_SEED 33174

NODES
0 160934.400000 160934.400000 0.000000 depot_start
1 304792.043554 144032.026991 0.100159 customer
2 264300.593208 205593.704231 0.108769 customer
3 229996.510842 164730.122445 0.057605 customer
4 48427.772550 233386.401641 0.066454 customer
5 127407.452797 214840.610697 0.131731 customer
6 125111.190866 66839.958709 0.141021 customer
7 117217.918730 249448.267386 0.083534 customer
8 269032.509336 92059.926594 0.099009 customer
9 266238.203216 186956.931566 0.131768 customer
10 52031.119472 12499.191909 0.087459 customer
11 304066.102120 179309.925268 0.060601 customer
12 57699.409093 147515.115144 0.140031 customer
13 32969.662999 70871.382639 0.099537 customer
14 216826.506533 158293.922767 0.000000 station
15 272237.197428 67957.617893 0.000000 station
16 160934.400000 160934.400000 0.000000 depot_end

SPEEDS
0 1 30
0 2 40
0 3 60
0 4 80
0 5 40
0 6 60
0 7 80
0 8 40
0 9 40
0 10 80
0 11 80
0 12 60
0 13 60
0 14 60
0 15 40
0 16 30
1 0 40
1 2 80
1 3 30
1 4 80
1 5 30
1 6 60
1 7 60
1 8 80
1 9 80
1 10 60
1 11 40
1 12 40
1 13 30
1 14 60
1 15 40
1 16 60
2 0 40
2 1 40
2 3 60
2 4 60
2 5 30
2 6 30
2 7 80
2 8 40
2 9 60
2 10 60
2 11 80
2 12 80
2 13 60
2 14 40
2 15 60
2 16 30
3 0 40
3 1 60
3 2 80
3 4 40
3 5 40
3 6 40
3 7 60
3 8 30
3 9 80
3 10 60
3 11 60
3 12 60
3 13 60
3 14 30
3 15 30
3 16 80
4 0 80
4 1 30
4 2 40
4 3 40
4 5 40
4 6 80
4 7 60
4 8 40
4 9 40
4 10 60
4 11 40
4 12 30
4 13 40
4 14 80
4 15 40
4 16 30
5 0 40
5 1 80
5 2 60
5 3 60
5 4 60
5 6 40
5 7 30
5 8 80
5 9 80
5 10 40
5 11 40
5 12 60
5 13 30
5 14 80
5 15 40
5 16 60
6 0 60
6 1 40
6 2 30
6 3 80
6 4 40
6 5 80
6 7 60
6 8 30
6 9 80
6 10 80
6 11 40
6 12 30
6 13 80
6 14 80
6 15 40
6 16 60
7 0 80
7 1 80
7 2 60
7 3 40
7 4 80
7 5 60
7 6 60
7 8 40
7 9 40
7 10 60
7 11 30
7 12 30
7 13 40
7 14 30
7 15 80
7 16 40
8 0 80
8 1 40
8 2 30
8 3 80
8 4 60
8 5 80
8 6 80
8 7 80
8 9 80
8 10 80
8 11 80
8 12 40
8 13 80
8 14 30
8 15 30
8 16 40
9 0 60
9 1 40
9 2 60
9 3 40
9 4 40
9 5 60
9 6 30
9 7 40
9 8 80
9 10 80
9 11 60
9 12 40
9 13 40
9 14 30
9 15 60
9 16 40
10 0 40
10 1 40
10 2 40
10 3 30
10 4 40
10 5 30
10 6 30
10 7 40
10 8 30
10 9 60
10 11 30
10 12 30
10 13 60
10 14 40
10 15 80
10 16 60
11 0 60
11 1 30
11 2 30
11 3 80
11 4 60
11 5 60
11 6 40
11 7 80
11 8 80
11 9 60
11 10 40
11 12 80
11 13 60
11 14 60
11 15 60
11 16 60
12 0 80
12 1 80
12 2 80
12 3 60
12 4 40
12 5 40
12 6 40
12 7 40
12 8 80
12 9 60
12 10 40
12 11 80
12 13 60
12 14 80
12 15 60
12 16 40
13 0 60
13 1 60
13 2 30
13 3 60
13 4 30
13 5 30
13 6 60
13 7 60
13 8 80
13 9 80
13 10 80
13 11 80
13 12 30
13 14 40
13 15 80
13 16 60
14 0 80
14 1 30
14 2 60
14 3 60
14 4 80
14 5 30
14 6 60
14 7 30
14 8 40
14 9 30
14 10 80
14 11 80
14 12 40
14 13 80
14 15 60
14 16 60
15 0 60
15 1 60
15 2 40
15 3 30
15 4 40
15 5 40
15 6 60
15 7 30
15 8 60
15 9 30
15 10 60
15 11 30
15 12 30
15 13 30
15 14 60
15 16 30
16 0 30
16 1 40
16 2 40
16 3 60
16 4 30
16 5 80
16 6 60
16 7 30
16 8 40
16 9 80
16 10 60
16 11 60
16 12 80
16 13 30
16 14 30
16 15 30
