NAME C14R2
SOURCE Zhang et al. (2018) methodology — reproducible synthetic benchmark
N_CUSTOMERS 14
N_STATIONS 2
VARIANT 1
GRID_MILES 200.0
VEHICLE_CAPACITY 3.0
BATTERY_KWH 110.0
CURB_WEIGHT_KG 2000.0
ALPHA_ARC 0.0981
BETA_VEH 2.11
EFF_D 1.11
EFF_M 1.25
SPEED_SEED 2662735146
CUSTOMER_SEED 23958
STATION_SEED 34165

NODES
0 160934.400000 160934.400000 0.000000 depot_start
1 321741.704373 128609.998844 0.051011 customer
2 163986.433530 244580.964516 0.121260 customer
3 177070.060418 62601.466092 0.104238 customer
4 186818.480144 94636.963283 0.141459 customer
5 304191.067998 132734.719662 0.097924 customer
6 186864.994442 223121.355125 0.110833 customer
7 111381.306673 282910.936274 0.081510 customer
8 224007.715834 212859.703082 0.136261 customer
9 218040.469230 88104.593021 0.075656 customer
10 192717.111819 213493.255621 0.127349 customer
11 166214.449198 99787.115586 0.077623 customer
12 60363.155193 230971.617921 0.116175 customer
13 55056.515571 194688.666369 0.059893 customer
14 131004.292573 137854.530010 0.112378 customer
15 110308.525407 216494.009628 0.000000 station
16 39233.445649 5281.306474 0.000000 station
17 160934.400000 160934.400000 0.000000 depot_end

SPEEDS
0 1 40
0 2 60
0 3 60
0 4 30
0 5 80
0 6 40
0 7 40
0 8 40
0 9 80
0 10 30
0 11 60
0 12 80
0 13 80
0 14 30
0 15 40
0 16 60
0 17 80
1 0 40
1 2 80
1 3 40
1 4 60
1 5 80
1 6 80
1 7 30
1 8 30
1 9 60
1 10 30
1 11 30
1 12 40
1 13 40
1 14 30
1 15 60
1 16 80
1 17 40
2 0 80
2 1 30
2 3 40
2 4 60
2 5 80
2 6 40
2 7 30
2 8 80
2 9 60
2 10 80
2 11 30
2 12 40
2 13 60
2 14 30
2 15 80
2 16 60
2 17 80
3 0 80
3 1 60
3 2 40
3 4 30
3 5 30
3 6 60
3 7 40
3 8 30
3 9 60
3 10 60
3 11 30
3 12 80
3 13 80
3 14 40
3 15 60
3 16 40
3 17 60
4 0 80
4 1 30
4 2 80
4 3 60
4 5 80
4 6 30
4 7 80
4 8 40
4 9 30
4 10 30
4 11 40
4 12 40
4 13 80
4 14 80
4 15 60
4 16 80
4 17 60
5 0 80
5 1 30
5 2 80
5 3 80
5 4 30
5 6 40
5 7 80
5 8 40
5 9 40
5 10 30
5 11 30
5 12 40
5 13 30
5 14 80
5 15 40
5 16 60
5 17 40
6 0 30
6 1 80
6 2 30
6 3 60
6 4 40
6 5 40
6 7 40
6 8 30
6 9 30
6 10 60
6 11 60
6 12 60
6 13 30
6 14 80
6 15 40
6 16 40
6 17 40
7 0 60
7 1 30
7 2 60
7 3 40
7 4 80
7 5 30
7 6 30
7 8 30
7 9 80
7 10 40
7 11 30
7 12 80
7 13 60
7 14 40
7 15 40
7 16 60
7 17 40
8 0 80
8 1 60
8 2 40
8 3 80
8 4 80
8 5 80
8 6 60
8 7 30
8 9 80
8 10 80
8 11 40
8 12 60
8 13 30
8 14 80
8 15 30
8 16 40
8 17 40
9 0 80
9 1 80
9 2 60
9 3 80
9 4 40
9 5 40
9 6 60
9 7 40
9 8 60
9 10 30
9 11 30
9 12 60
9 13 40
9 14 30
9 15 80
9 16 80
9 17 40
10 0 30
10 1 80
10 2 80
10 3 30
10 4 40
10 5 30
10 6 40
10 7 80
10 8 80
10 9 40
10 11 60
10 12 40
10 13 60
10 14 60
10 15 30
10 16 60
10 17 40
11 0 80
11 1 40
11 2 80
11 3 60
11 4 40
11 5 40
11 6 30
11 7 80
11 8 40
11 9 60
11 10 60
11 12 30
11 13 60
11 14 60
11 15 40
11 16 40
11 17 40
12 0 80
12 1 60
12 2 80
12 3 40
12 4 80
12 5 30
12 6 40
12 7 30
12 8 40
12 9 60
12 10 30
12 11 40
12 13 30
12 14 30
12 15 60
12 16 40
12 17 80
13 0 30
13 1 40
13 2 30
13 3 60
13 4 80
13 5 80
13 6 40
13 7 30
13 8 40
13 9 60
13 10 30
13 11 80
13 12 40
13 14 80
13 15 30
13 16 30
13 17 80
14 0 40
14 1 80
14 2 40
14 3 40
14 4 40
14 5 40
14 6 40
14 7 40
14 8 60
14 9 30
14 10 40
14 11 60
14 12 80
14 13 40
14 15 30
14 16 60
14 17 80
15 0 60
15 1 40
15 2 40
15 3 30
15 4 40
15 5 60
15 6 60
15 7 40
15 8 40
15 9 40
15 10 30
15 11 30
15 12 40
15 13 30
15 14 60
15 16 30
15 17 40
16 0 60
16 1 30
16 2 30
16 3 60
16 4 80
16 5 40
16 6 40
16 7 60
16 8 30
16 9 40
16 10 80
16 11 30
16 12 30
16 13 40
16 14 60
16 15 30
16 17 60
17 0 60
17 1 30
17 2 80
17 3 80
17 4 40
17 5 40
17 6 60
17 7 30
17 8 30
17 9 80
17 10 60
17 11 30
17 12 40
17 13 40
17 14 80
17 15 60
17 16 30
