NAME C15R2
SOURCE Zhang et al. (2018) methodology — reproducible synthetic benchmark
N_CUSTOMERS 15
N_STATIONS 2
VARIANT 1
GRID_MILES 200.0
VEHICLE_CAPACITY 3.0
BATTERY_KWH 110.0
CURB_WEIGHT_KG 2000.0
ALPHA_ARC 0.0981
BETA_VEH 2.11
EFF_D 1.11
EFF_M 1.25
SPEED_SEED 2662752307
CUSTOMER_SEED 24955
STATION_SEED 35156

NODES
0 160934.400000 160934.400000 0.000000 depot_start
1 93598.086654 217246.385162 0.133438 customer
2 128380.881072 315818.844177 0.100234 customer
3 95729.880420 141676.719137 0.063760 customer
4 152009.559869 134622.457552 0.116635 customer
5 95335.289397 69804.301776 0.111518 customer
6 162801.363372 124693.658443 0.050248 customer
7 150827.619722 291835.055787 0.090214 customer
8 241625.087970 99153.508864 0.100586 customer
9 294252.466743 112183.034961 0.122932 customer
10 94592.150420 179289.587593 0.088919 customer
11 237533.493243 58043.769152 0.105084 customer
12 238454.508594 209671.419957 0.113482 customer
13 205939.474130 206851.070629 0.147764 customer
14 117506.329710 83071.537236 0.125982 customer
15 94437.707807 264751.800127 0.060031 customer
16 279167.989122 296950.798682 0.000000 station
17 114014.480678 280747.210686 0.000000 station
18 160934.400000 160934.400000 0.000000 depot_end

SPEEDS
0 1 80
0 2 80
0 3 40
0 4 30
0 5 40
0 6 80
0 7 40
0 8 40
0 9 30
0 10 80
0 11 80
0 12 40
0 13 30
0 14 30
0 15 60
0 16 30
0 17 80
0 18 80
1 0 40
1 2 60
1 3 60
1 4 60
1 5 30
1 6 60
1 7 30
1 8 40
1 9 80
1 10 80
1 11 60
1 12 60
1 13 40
1 14 40
1 15 60
1 16 80
1 17 40
1 18 40
2 0 30
2 1 60
2 3 80
2 4 30
2 5 60
2 6 60
2 7 30
2 8 60
2 9 40
2 10 30
2 11 60
2 12 40
2 13 40
2 14 80
2 15 80
2 16 80
2 17 60
2 18 80
3 0 30
3 1 30
3 2 80
3 4 40
3 5 30
3 6 40
3 7 40
3 8 60
3 9 80
3 10 60
3 11 40
3 12 60
3 13 30
3 14 40
3 15 80
3 16 30
3 17 60
3 18 30
4 0 30
4 1 60
4 2 40
4 3 40
4 5 30
4 6 60
4 7 80
4 8 80
4 9 30
4 10 30
4 11 30
4 12 80
4 13 40
4 14 80
4 15 40
4 16 40
4 17 80
4 18 60
5 0 40
5 1 30
5 2 40
5 3 40
5 4 80
5 6 80
5 7 60
5 8 60
5 9 80
5 10 30
5 11 60
5 12 80
5 13 40
5 14 40
5 15 60
5 16 40
5 17 80
5 18 80
6 0 80
6 1 40
6 2 40
6 3 60
6 4 60
6 5 80
6 7 40
6 8 30
6 9 40
6 10 80
6 11 40
6 12 40
6 13 40
6 14 30
6 15 60
6 16 80
6 17 30
6 18 80
7 0 30
7 1 40
7 2 60
7 3 40
7 4 80
7 5 80
7 6 60
7 8 30
7 9 80
7 10 40
7 11 30
7 12 60
7 13 60
7 14 30
7 15 30
7 16 80
7 17 40
7 18 40
8 0 60
8 1 30
8 2 60
8 3 60
8 4 60
8 5 30
8 6 60
8 7 30
8 9 60
8 10 30
8 11 60
8 12 60
8 13 40
8 14 30
8 15 30
8 16 60
8 17 60
8 18 40
9 0 80
9 1 30
9 2 30
9 3 80
9 4 80
9 5 30
9 6 80
9 7 80
9 8 80
9 10 40
9 11 60
9 12 40
9 13 30
9 14 30
9 15 40
9 16 80
9 17 80
9 18 80
10 0 80
10 1 40
10 2 60
10 3 60
10 4 80
10 5 30
10 6 60
10 7 40
10 8 30
10 9 60
10 11 30
10 12 60
10 13 60
10 14 30
10 15 30
10 16 80
10 17 40
10 18 40
11 0 40
11 1 30
11 2 80
11 3 60
11 4 80
11 5 40
11 6 60
11 7 80
11 8 60
11 9 60
11 10 80
11 12 60
11 13 80
11 14 40
11 15 40
11 16 30
11 17 40
11 18 30
12 0 60
12 1 40
12 2 40
12 3 80
12 4 40
12 5 60
12 6 30
12 7 80
12 8 80
12 9 80
12 10 60
12 11 30
12 13 80
12 14 80
12 15 40
12 16 60
12 17 80
12 18 40
13 0 30
13 1 30
13 2 60
13 3 80
13 4 40
13 5 60
13 6 80
13 7 80
13 8 30
13 9 80
13 10 30
13 11 60
13 12 30
13 14 40
13 15 80
13 16 60
13 17 40
13 18 80
14 0 60
14 1 30
14 2 40
14 3 60
14 4 40
14 5 60
14 6 30
14 7 60
14 8 80
14 9 30
14 10 60
14 11 40
14 12 40
14 13 40
14 15 30
14 16 40
14 17 80
14 18 80
15 0 40
15 1 80
15 2 80
15 3 80
15 4 40
15 5 40
15 6 80
15 7 60
15 8 30
15 9 60
15 10 40
15 11 30
15 12 80
15 13 80
15 14 80
15 16 60
15 17 30
15 18 40
16 0 30
16 1 30
16 2 80
16 3 40
16 4 60
16 5 80
16 6 80
16 7 30
16 8 40
16 9 60
16 10 80
16 11 30
16 12 60
16 13 60
16 14 30
16 15 80
16 17 40
16 18 60
17 0 60
17 1 30
17 2 30
17 3 30
17 4 30
17 5 40
17 6 60
17 7 40
17 8 60
17 9 30
17 10 40
17 11 60
17 12 80
17 13 40
17 14 40
17 15 30
17 16 80
17 18 80
18 0 80
18 1 40
18 2 80
18 3 30
18 4 30
18 5 80
18 6 30
18 7 80
18 8 80
18 9 40
18 10 80
18 11 60
18 12 40
18 13 40
18 14 80
18 15 80
18 16 40
18 17 40
