NAME C16R2
SOURCE Zhang et al. (2018) methodology — reproducible synthetic benchmark
N_CUSTOMERS 16
N_STATIONS 2
VARIANT 1
GRID_MILES 200.0
VEHICLE_CAPACITY 3.0
BATTERY_KWH 110.0
CURB_WEIGHT_KG 2000.0
ALPHA_ARC 0.0981
BETA_VEH 2.11
EFF_D 1.11
EFF_M 1.25
SPEED_SEED 2662769468
CUSTOMER_SEED 25952
STATION_SEED 36147

NODES
0 160934.400000 160934.400000 0.000000 depot_start
1 269922.829260 38439.568278 0.072563 customer
2 285739.537686 311307.568180 0.133337 customer
3 188639.113470 245922.536447 0.141455 customer
4 70849.563822 36283.010682 0.071505 customer
5 125557.769512 311929.015111 0.106226 customer
6 230826.629037 15224.990461 0.093342 customer
7 11776.532999 235088.847233 0.089038 customer
8 39337.428245 108852.109058 0.129162 customer
9 153500.888453 165445.683579 0.097014 customer
10 252684.344308 85556.882084 0.067653 customer
11 160005.474004 189320.278186 0.143919 customer
12 194317.797482 217105.383677 0.099048 customer
13 92523.620033 19181.207617 0.119870 customer
14 103164.914188 194694.650783 0.068079 customer
15 58840.163064 118771.781046 0.073541 customer
16 49811.754170 12660.643449 0.149857 customer
17 125952.405677 192614.779183 0.000000 station
18 180138.665159 147127.126729 0.000000 station
19 160934.400000 160934.400000 0.000000 depot_end

SPEEDS
0 1 30
0 2 40
0 3 80
0 4 40
0 5 60
0 6 60
0 7 30
0 8 40
0 9 80
0 10 30
0 11 60
0 12 60
0 13 80
0 14 30
0 15 40
0 16 80
0 17 30
0 18 40
0 19 80
1 0 40
1 2 30
1 3 80
1 4 40
1 5 30
1 6 30
1 7 60
1 8 80
1 9 30
1 10 30
1 11 80
1 12 60
1 13 40
1 14 40
1 15 80
1 16 30
1 17 80
1 18 80
1 19 60
2 0 30
2 1 60
2 3 40
2 4 40
2 5 60
2 6 80
2 7 80
2 8 30
2 9 80
2 10 40
2 11 40
2 12 80
2 13 60
2 14 80
2 15 60
2 16 80
2 17 30
2 18 80
2 19 40
3 0 40
3 1 60
3 2 80
3 4 60
3 5 40
3 6 40
3 7 40
3 8 60
3 9 40
3 10 40
3 11 40
3 12 30
3 13 80
3 14 60
3 15 40
3 16 40
3 17 60
3 18 40
3 19 80
4 0 80
4 1 40
4 2 60
4 3 40
4 5 60
4 6 80
4 7 40
4 8 80
4 9 40
4 10 40
4 11 80
4 12 80
4 13 30
4 14 80
4 15 80
4 16 40
4 17 30
4 18 80
4 19 60
5 0 30
5 1 60
5 2 40
5 3 60
5 4 40
5 6 80
5 7 40
5 8 40
5 9 80
5 10 80
5 11 40
5 12 60
5 13 60
5 14 30
5 15 60
5 16 80
5 17 30
5 18 30
5 19 40
6 0 30
6 1 60
6 2 80
6 3 60
6 4 30
6 5 60
6 7 30
6 8 30
6 9 30
6 10 40
6 11 40
6 12 80
6 13 40
6 14 80
6 15 60
6 16 40
6 17 60
6 18 40
6 19 80
7 0 40
7 1 40
7 2 40
7 3 80
7 4 60
7 5 60
7 6 80
7 8 60
7 9 80
7 10 60
7 11 80
7 12 40
7 13 40
7 14 60
7 15 80
7 16 40
7 17 40
7 18 80
7 19 40
8 0 40
8 1 40
8 2 80
8 3 30
8 4 30
8 5 30
8 6 80
8 7 60
8 9 80
8 10 60
8 11 60
8 12 60
8 13 60
8 14 80
8 15 30
8 16 80
8 17 40
8 18 40
8 19 60
9 0 30
9 1 40
9 2 30
9 3 40
9 4 60
9 5 60
9 6 60
9 7 40
9 8 60
9 10 30
9 11 80
9 12 80
9 13 30
9 14 60
9 15 60
9 16 60
9 17 60
9 18 40
9 19 60
10 0 60
10 1 80
10 2 30
10 3 30
10 4 30
10 5 40
10 6 80
10 7 60
10 8 30
10 9 60
10 11 40
10 12 40
10 13 30
10 14 40
10 15 80
10 16 40
10 17 30
10 18 80
10 19 40
11 0 60
11 1 60
11 2 30
11 3 40
11 4 30
11 5 60
11 6 40
11 7 40
11 8 60
11 9 80
11 10 80
11 12 30
11 13 40
11 14 80
11 15 80
11 16 40
11 17 60
11 18 80
11 19 80
12 0 30
12 1 30
12 2 60
12 3 30
12 4 80
12 5 40
12 6 30
12 7 60
12 8 80
12 9 30
12 10 30
12 11 60
12 13 60
12 14 60
12 15 40
12 16 80
12 17 80
12 18 80
12 19 30
13 0 30
13 1 30
13 2 30
13 3 40
13 4 30
13 5 30
13 6 40
13 7 30
13 8 40
13 9 30
13 10 60
13 11 40
13 12 80
13 14 30
13 15 80
13 16 80
13 17 80
13 18 80
13 19 60
14 0 40
14 1 40
14 2 40
14 3 80
14 4 30
14 5 60
14 6 80
14 7 30
14 8 30
14 9 60
14 10 30
14 11 30
14 12 60
14 13 60
14 15 30
14 16 60
14 17 80
14 18 40
14 19 80
15 0 60
15 1 30
15 2 30
15 3 60
15 4 30
15 5 60
15 6 30
15 7 60
15 8 80
15 9 40
15 10 30
15 11 60
15 12 80
15 13 40
15 14 40
15 16 30
15 17 40
15 18 60
15 19 60
16 0 80
16 1 30
16 2 60
16 3 60
16 4 80
16 5 60
16 6 80
16 7 40
16 8 30
16 9 30
16 10 30
16 11 40
16 12 40
16 13 30
16 14 80
16 15 60
16 17 80
16 18 40
16 19 60
17 0 60
17 1 30
17 2 30
17 3 40
17 4 30
17 5 30
17 6 40
17 7 30
17 8 80
17 9 60
17 10 60
17 11 80
17 12 40
17 13 40
17 14 60
17 15 40
17 16 40
17 18 40
17 19 30
18 0 40
18 1 30
18 2 40
18 3 60
18 4 60
18 5 80
18 6 80
18 7 80
18 8 60
18 9 60
18 10 30
18 11 30
18 12 80
18 13 80
18 14 40
18 15 30
18 16 60
18 17 30
18 19 30
19 0 80
19 1 60
19 2 60
19 3 60
19 4 30
19 5 40
19 6 80
19 7 80
19 8 80
19 9 40
19 10 40
19 11 60
19 12 30
19 13 60
19 14 60
19 15 30
19 16 40
19 17 60
19 18 60
