NAME C17R2
SOURCE Zhang et al. (2018) methodology — reproducible synthetic benchmark
N_CUSTOMERS 17
N_STATIONS 2
VARIANT 1
GRID_MILES 200.0
VEHICLE_CAPACITY 3.0
BATTERY_KWH 110.0
CURB_WEIGHT_KG 2000.0
ALPHA_ARC 0.0981
BETA_VEH 2.11
EFF_D 1.11
EFF_M 1.25
SPEED_SEED 2662786629
CUSTOMER_SEED 26949
STATION_SEED 37138

NODES
0 160934.400000 160934.400000 0.000000 depot_start
1 269006.520577 150783.724359 0.068562 customer
2 104259.193954 297764.856558 0.101236 customer
3 26724.527395 312061.999809 0.136073 customer
4 162312.280122 63364.466893 0.061697 customer
5 178124.358384 279919.478503 0.084806 customer
6 251077.828978 113421.853854 0.051713 customer
7 282616.750921 311538.281989 0.079593 customer
8 115269.847005 182781.232256 0.080997 customer
9 115932.030534 252668.863532 0.147717 customer
10 253599.716635 11208.787619 0.093282 customer
11 165724.033874 262093.150390 0.050689 customer
12 46186.753534 238275.138572 0.136551 customer
13 74628.166772 223413.957448 0.128713 customer
14 240747.787969 159033.683659 0.108483 customer
15 13804.778008 149856.257027 0.124473 customer
16 159561.280205 262002.025481 0.133065 customer
17 204969.164735 292525.393469 0.066151 customer
18 57784.389172 186093.059643 0.000000 station
19 306970.219046 184636.127403 0.000000 station
20 160934.400000 160934.400000 0.000000 depot_end

SPEEDS
0 1 40
0 2 60
0 3 40
0 4 30
0 5 80
0 6 80
0 7 40
0 8 80
0 9 80
0 10 80
0 11 30
0 12 60
0 13 80
0 14 60
0 15 30
0 16 60
0 17 60
0 18 30
0 19 80
0 20 30
1 0 40
1 2 80
1 3 80
1 4 30
1 5 40
1 6 30
1 7 30
1 8 30
1 9 30
1 10 60
1 11 80
1 12 60
1 13 80
1 14 40
1 15 30
1 16 40
1 17 60
1 18 30
1 19 30
1 20 80
2 0 30
2 1 60
2 3 40
2 4 40
2 5 60
2 6 40
2 7 40
2 8 40
2 9 80
2 10 80
2 11 60
2 12 30
2 13 80
2 14 60
2 15 40
2 16 60
2 17 60
2 18 40
2 19 30
2 20 40
3 0 30
3 1 30
3 2 30
3 4 30
3 5 40
3 6 30
3 7 60
3 8 80
3 9 30
3 10 30
3 11 60
3 12 60
3 13 40
3 14 30
3 15 80
3 16 30
3 17 60
3 18 80
3 19 30
3 20 40
4 0 40
4 1 40
4 2 40
4 3 60
4 5 80
4 6 60
4 7 30
4 8 60
4 9 30
4 10 80
4 11 80
4 12 60
4 13 60
4 14 40
4 15 80
4 16 30
4 17 60
4 18 40
4 19 30
4 20 80
5 0 30
5 1 30
5 2 30
5 3 60
5 4 30
5 6 30
5 7 80
5 8 30
5 9 30
5 10 80
5 11 60
5 12 60
5 13 80
5 14 40
5 15 80
5 16 40
5 17 40
5 18 60
5 19 30
5 20 80
6 0 80
6 1 80
6 2 60
6 3 60
6 4 80
6 5 30
6 7 60
6 8 30
6 9 60
6 10 30
6 11 40
6 12 40
6 13 80
6 14 60
6 15 40
6 16 60
6 17 30
6 18 40
6 19 40
6 20 40
7 0 60
7 1 40
7 2 80
7 3 60
7 4 60
7 5 40
7 6 60
7 8 80
7 9 30
7 10 80
7 11 80
7 12 60
7 13 30
7 14 40
7 15 60
7 16 30
7 17 80
7 18 40
7 19 80
7 20 30
8 0 30
8 1 30
8 2 40
8 3 30
8 4 40
8 5 80
8 6 60
8 7 60
8 9 30
8 10 80
8 11 80
8 12 30
8 13 60
8 14 30
8 15 40
8 16 30
8 17 30
8 18 40
8 19 30
8 20 80
9 0 40
9 1 80
9 2 60
9 3 60
9 4 30
9 5 30
9 6 60
9 7 40
9 8 30
9 10 80
9 11 80
9 12 80
9 13 40
9 14 60
9 15 60
9 16 80
9 17 60
9 18 80
9 19 30
9 20 30
10 0 40
10 1 30
10 2 30
10 3 40
10 4 40
10 5 80
10 6 30
10 7 80
10 8 80
10 9 30
10 11 30
10 12 40
10 13 60
10 14 30
10 15 30
10 16 60
10 17 30
10 18 80
10 19 80
10 20 80
11 0 80
11 1 60
11 2 80
11 3 80
11 4 30
11 5 30
11 6 60
11 7 80
11 8 60
11 9 80
11 10 60
11 12 60
11 13 30
11 14 40
11 15 80
11 16 40
11 17 30
11 18 30
11 19 40
11 20 30
12 0 80
12 1 60
12 2 80
12 3 80
12 4 60
12 5 40
12 6 40
12 7 40
12 8 60
12 9 30
12 10 60
12 11 30
12 13 30
12 14 30
12 15 40
12 16 80
12 17 40
12 18 80
12 19 80
12 20 40
13 0 30
13 1 40
13 2 80
13 3 40
13 4 80
13 5 60
13 6 30
13 7 80
13 8 30
13 9 40
13 10 80
13 11 60
13 12 60
13 14 30
13 15 60
13 16 60
13 17 60
13 18 80
13 19 30
13 20 80
14 0 60
14 1 30
14 2 40
14 3 40
14 4 40
14 5 60
14 6 30
14 7 80
14 8 60
14 9 30
14 10 80
14 11 30
14 12 80
14 13 40
14 15 60
14 16 40
14 17 60
14 18 30
14 19 40
14 20 30
15 0 60
15 1 30
15 2 30
15 3 80
15 4 30
15 5 40
15 6 80
15 7 80
15 8 30
15 9 60
15 10 80
15 11 40
15 12 40
15 13 40
15 14 80
15 16 30
15 17 80
15 18 40
15 19 80
15 20 80
16 0 60
16 1 40
16 2 30
16 3 40
16 4 60
16 5 40
16 6 80
16 7 30
16 8 30
16 9 40
16 10 40
16 11 60
16 12 30
16 13 40
16 14 30
16 15 60
16 17 30
16 18 40
16 19 60
16 20 30
17 0 30
17 1 60
17 2 40
17 3 30
17 4 60
17 5 60
17 6 30
17 7 30
17 8 40
17 9 80
17 10 60
17 11 40
17 12 80
17 13 60
17 14 60
17 15 60
17 16 30
17 18 40
17 19 60
17 20 30
18 0 30
18 1 80
18 2 60
18 3 30
18 4 60
18 5 30
18 6 80
18 7 40
18 8 60
18 9 30
18 10 30
18 11 60
18 12 30
18 13 30
18 14 30
18 15 30
18 16 40
18 17 30
18 19 30
18 20 60
19 0 30
19 1 40
19 2 40
19 3 40
19 4 40
19 5 30
19 6 80
19 7 30
19 8 40
19 9 30
19 10 80
19 11 60
19 12 40
19 13 80
19 14 40
19 15 30
19 16 80
19 17 30
19 18 80
19 20 40
20 0 80
20 1 40
20 2 40
20 3 30
20 4 80
20 5 60
20 6 60
20 7 40
20 8 80
20 9 40
20 10 40
20 11 40
20 12 60
20 13 30
20 14 60
20 15 30
20 16 40
20 17 60
20 18 40
20 19 60
