NAME C18R2
SOURCE Zhang et al. (2018) methodology — reproducible synthetic benchmark
N_CUSTOMERS 18
N_STATIONS 2
VARIANT 1
GRID_MILES 200.0
VEHICLE_CAPACITY 3.0
BATTERY_KWH 110.0
CURB_WEIGHT_KG 2000.0
ALPHA_ARC 0.0981
BETA_VEH 2.11
EFF_D 1.11
EFF_M 1.25
SPEED_SEED 2662803790
CUSTOMER_SEED 27946
STATION_SEED 38129

NODES
0 160934.400000 160934.400000 0.000000 depot_start
1 148866.798823 194179.849550 0.094769 customer
2 247612.170807 112237.605781 0.096201 customer
3 236060.892535 168591.055670 0.131014 customer
4 59751.891977 158277.896759 0.127628 customer
5 279651.307942 203418.068996 0.133754 customer
6 124907.884922 217019.112149 0.087307 customer
7 34472.468067 231667.144568 0.080794 customer
8 215193.587560 217882.655495 0.095521 customer
9 22238.078337 264325.425829 0.067386 customer
10 212973.421055 250476.803793 0.076499 customer
11 318859.525103 63393.787206 0.148455 customer
12 247586.437040 298508.446966 0.057637 customer
13 7494.812588 131129.762595 0.100180 customer
14 95464.257730 141480.724549 0.114634 customer
15 171079.792581 304639.396284 0.050330 customer
16 254535.082143 206667.256963 0.054212 customer
17 254884.968505 168779.604681 0.140536 customer
18 279339.902734 213751.514866 0.134083 customer
19 312911.637565 37052.983139 0.000000 station
20 186725.833551 200274.654286 0.000000 station
21 160934.400000 160934.400000 0.000000 depot_end

SPEEDS
0 1 60
0 2 80
0 3 40
0 4 40
0 5 60
0 6 80
0 7 80
0 8 30
0 9 40
0 10 80
0 11 60
0 12 60
0 13 40
0 14 60
0 15 60
0 16 40
0 17 60
0 18 60
0 19 60
0 20 60
0 21 80
1 0 30
1 2 80
1 3 60
1 4 30
1 5 30
1 6 60
1 7 40
1 8 80
1 9 80
1 10 60
1 11 30
1 12 60
1 13 60
1 14 60
1 15 80
1 16 30
1 17 40
1 18 60
1 19 80
1 20 60
1 21 40
2 0 40
2 1 80
2 3 80
2 4 80
2 5 60
2 6 60
2 7 60
2 8 60
2 9 30
2 10 60
2 11 40
2 12 30
2 13 40
2 14 80
2 15 80
2 16 40
2 17 30
2 18 80
2 19 80
2 20 60
2 21 80
3 0 30
3 1 80
3 2 30
3 4 30
3 5 40
3 6 40
3 7 40
3 8 60
3 9 80
3 10 40
3 11 60
3 12 80
3 13 40
3 14 80
3 15 40
3 16 80
3 17 40
3 18 40
3 19 30
3 20 40
3 21 60
4 0 80
4 1 40
4 2 40
4 3 40
4 5 40
4 6 30
4 7 60
4 8 60
4 9 30
4 10 60
4 11 80
4 12 80
4 13 30
4 14 40
4 15 30
4 16 30
4 17 60
4 18 80
4 19 40
4 20 40
4 21 30
5 0 30
5 1 80
5 2 60
5 3 40
5 4 60
5 6 80
5 7 40
5 8 40
5 9 30
5 10 40
5 11 30
5 12 40
5 13 40
5 14 80
5 15 60
5 16 80
5 17 30
5 18 40
5 19 60
5 20 80
5 21 40
6 0 30
6 1 60
6 2 60
6 3 40
6 4 30
6 5 80
6 7 30
6 8 40
6 9 30
6 10 60
6 11 60
6 12 30
6 13 80
6 14 60
6 15 60
6 16 60
6 17 60
6 18 30
6 19 40
6 20 60
6 21 40
7 0 40
7 1 80
7 2 60
7 3 80
7 4 40
7 5 60
7 6 40
7 8 40
7 9 60
7 10 40
7 11 30
7 12 40
7 13 40
7 14 40
7 15 40
7 16 40
7 17 30
7 18 60
7 19 30
7 20 40
7 21 80
8 0 80
8 1 60
8 2 40
8 3 80
8 4 60
8 5 60
8 6 30
8 7 60
8 9 80
8 10 30
8 11 30
8 12 60
8 13 30
8 14 40
8 15 30
8 16 40
8 17 30
8 18 30
8 19 80
8 20 40
8 21 30
9 0 60
9 1 30
9 2 30
9 3 40
9 4 30
9 5 40
9 6 40
9 7 30
9 8 60
9 10 30
9 11 60
9 12 60
9 13 60
9 14 40
9 15 80
9 16 60
9 17 30
9 18 60
9 19 80
9 20 60
9 21 60
10 0 80
10 1 80
10 2 40
10 3 80
10 4 60
10 5 60
10 6 80
10 7 80
10 8 30
10 9 40
10 11 30
10 12 40
10 13 40
10 14 40
10 15 30
10 16 80
10 17 80
10 18 60
10 19 60
10 20 60
10 21 30
11 0 60
11 1 40
11 2 40
11 3 80
11 4 30
11 5 40
11 6 60
11 7 30
11 8 60
11 9 30
11 10 80
11 12 60
11 13 60
11 14 60
11 15 40
11 16 60
11 17 40
11 18 80
11 19 40
11 20 40
11 21 80
12 0 30
12 1 40
12 2 30
12 3 60
12 4 80
12 5 30
12 6 30
12 7 80
12 8 40
12 9 60
12 10 80
12 11 80
12 13 30
12 14 40
12 15 80
12 16 30
12 17 40
12 18 30
12 19 80
12 20 30
12 21 30
13 0 40
13 1 40
13 2 60
13 3 30
13 4 40
13 5 40
13 6 40
13 7 80
13 8 30
13 9 80
13 10 30
13 11 30
13 12 40
13 14 60
13 15 40
13 16 40
13 17 60
13 18 30
13 19 60
13 20 60
13 21 30
14 0 40
14 1 30
14 2 30
14 3 60
14 4 40
14 5 80
14 6 30
14 7 30
14 8 60
14 9 30
14 10 40
14 11 40
14 12 40
14 13 30
14 15 40
14 16 40
14 17 80
14 18 60
14 19 40
14 20 40
14 21 60
15 0 40
15 1 30
15 2 40
15 3 60
15 4 60
15 5 40
15 6 60
15 7 60
15 8 80
15 9 80
15 10 60
15 11 30
15 12 40
15 13 30
15 14 30
15 16 60
15 17 80
15 18 40
15 19 60
15 20 40
15 21 40
16 0 40
16 1 60
16 2 40
16 3 30
16 4 80
16 5 80
16 6 40
16 7 30
16 8 80
16 9 80
16 10 40
16 11 80
16 12 30
16 13 60
16 14 80
16 15 60
16 17 60
16 18 40
16 19 80
16 20 40
16 21 60
17 0 30
17 1 40
17 2 40
17 3 30
17 4 60
17 5 80
17 6 30
17 7 60
17 8 60
17 9 30
17 10 40
17 11 40
17 12 60
17 13 80
17 14 80
17 15 60
17 16 40
17 18 30
17 19 30
17 20 30
17 21 80
18 0 60
18 1 40
18 2 40
18 3 40
18 4 30
18 5 60
18 6 80
18 7 40
18 8 40
18 9 60
18 10 80
18 11 80
18 12 60
18 13 40
18 14 60
18 15 40
18 16 30
18 17 30
18 19 30
18 20 80
18 21 80
19 0 80
19 1 80
19 2 80
19 3 30
19 4 30
19 5 60
19 6 40
19 7 40
19 8 40
19 9 40
19 10 40
19 11 40
19 12 60
19 13 40
19 14 80
19 15 30
19 16 30
19 17 60
19 18 30
19 20 40
19 21 60
20 0 60
20 1 40
20 2 30
20 3 80
20 4 40
20 5 60
20 6 60
20 7 80
20 8 80
20 9 60
20 10 60
20 11 30
20 12 80
20 13 30
20 14 60
20 15 80
20 16 80
20 17 30
20 18 30
20 19 40
20 21 40
21 0 80
21 1 40
21 2 80
21 3 30
21 4 60
21 5 80
21 6 40
21 7 80
21 8 60
21 9 30
21 10 60
21 11 40
21 12 60
21 13 30
21 14 30
21 15 40
21 16 30
21 17 30
21 18 30
21 19 30
21 20 30
