NAME C19R2
SOURCE Zhang et al. (2018) methodology — reproducible synthetic benchmark
N_CUSTOMERS 19
N_STATIONS 2
VARIANT 1
GRID_MILES 200.0
VEHICLE_CAPACITY 3.0
BATTERY_KWH 110.0
CURB_WEIGHT_KG 2000.0
ALPHA_ARC 0.0981
BETA_VEH 2.11
EFF_D 1.11
EFF_M 1.25
SPEED_SEED 2662820951
CUSTOMER_SEED 28943
STATION_SEED 39120

NODES
0 160934.400000 160934.400000 0.000000 depot_start
1 115240.655905 132957.331065 0.099090 customer
2 4001.247736 36844.920391 0.059219 customer
3 108751.492994 253987.982752 0.115860 customer
4 37770.724598 257921.075121 0.114121 customer
5 113791.950498 201253.487948 0.087763 customer
6 129067.473108 30268.739162 0.133450 customer
7 306898.596578 128907.028635 0.118886 customer
8 255811.319804 71374.856631 0.113276 customer
9 19606.029544 309685.041495 0.128977 customer
10 226087.595608 54885.233602 0.074311 customer
11 181656.033444 141288.065679 0.055707 customer
12 102456.254207 5934.526455 0.098217 customer
13 31706.966973 69523.869064 0.107611 customer
14 281419.702171 286189.357553 0.071910 customer
15 156563.366244 8120.435924 0.050349 customer
16 158076.872151 102970.284333 0.131802 customer
17 140935.063805 157219.091387 0.077387 customer
18 109496.643442 146197.661307 0.065791 customer
19 190841.933159 249128.944937 0.125957 customer
20 207322.341111 165737.611916 0.000000 station
21 134680.346735 147734.752504 0.000000 station
22 160934.400000 160934.400000 0.000000 depot_end

SPEEDS
0 1 80
0 2 40
0 3 40
0 4 40
0 5 30
0 6 30
0 7 30
0 8 80
0 9 40
0 10 40
0 11 40
0 12 80
0 13 80
0 14 30
0 15 60
0 16 40
0 17 40
0 18 60
0 19 40
0 20 40
0 21 40
0 22 60
1 0 80
1 2 60
1 3 30
1 4 40
1 5 40
1 6 30
1 7 80
1 8 60
1 9 40
1 10 40
1 11 60
1 12 30
1 13 60
1 14 40
1 15 30
1 16 40
1 17 60
1 18 80
1 19 40
1 20 30
1 21 60
1 22 60
2 0 30
2 1 80
2 3 60
2 4 60
2 5 60
2 6 60
2 7 30
2 8 80
2 9 60
2 10 40
2 11 40
2 12 30
2 13 80
2 14 30
2 15 40
2 16 40
2 17 30
2 18 30
2 19 40
2 20 60
2 21 40
2 22 30
3 0 40
3 1 40
3 2 30
3 4 30
3 5 30
3 6 80
3 7 30
3 8 60
3 9 60
3 10 60
3 11 30
3 12 60
3 13 40
3 14 60
3 15 40
3 16 80
3 17 40
3 18 60
3 19 40
3 20 30
3 21 60
3 22 30
4 0 40
4 1 40
4 2 80
4 3 30
4 5 40
4 6 30
4 7 30
4 8 40
4 9 30
4 10 60
4 11 80
4 12 40
4 13 30
4 14 30
4 15 30
4 16 40
4 17 30
4 18 80
4 19 60
4 20 60
4 21 80
4 22 60
5 0 40
5 1 40
5 2 30
5 3 40
5 4 80
5 6 60
5 7 60
5 8 80
5 9 60
5 10 30
5 11 80
5 12 80
5 13 30
5 14 60
5 15 40
5 16 80
5 17 80
5 18 60
5 19 40
5 20 80
5 21 60
5 22 80
6 0 40
6 1 60
6 2 60
6 3 80
6 4 80
6 5 80
6 7 40
6 8 30
6 9 40
6 10 80
6 11 60
6 12 30
6 13 40
6 14 40
6 15 80
6 16 80
6 17 80
6 18 80
6 19 30
6 20 40
6 21 40
6 22 40
7 0 30
7 1 40
7 2 40
7 3 40
7 4 40
7 5 80
7 6 60
7 8 60
7 9 80
7 10 30
7 11 30
7 12 60
7 13 40
7 14 60
7 15 40
7 16 80
7 17 30
7 18 30
7 19 40
7 20 80
7 21 30
7 22 30
8 0 60
8 1 60
8 2 80
8 3 40
8 4 80
8 5 30
8 6 30
8 7 40
8 9 40
8 10 30
8 11 40
8 12 80
8 13 40
8 14 60
8 15 30
8 16 60
8 17 60
8 18 40
8 19 40
8 20 80
8 21 40
8 22 80
9 0 30
9 1 30
9 2 80
9 3 80
9 4 30
9 5 60
9 6 80
9 7 30
9 8 40
9 10 60
9 11 60
9 12 80
9 13 40
9 14 80
9 15 60
9 16 80
9 17 60
9 18 80
9 19 80
9 20 30
9 21 40
9 22 40
10 0 40
10 1 30
10 2 40
10 3 30
10 4 40
10 5 80
10 6 80
10 7 40
10 8 40
10 9 80
10 11 60
10 12 40
10 13 80
10 14 80
10 15 60
10 16 30
10 17 40
10 18 40
10 19 60
10 20 60
10 21 60
10 22 30
11 0 80
11 1 40
11 2 40
11 3 80
11 4 30
11 5 60
11 6 40
11 7 30
11 8 60
11 9 40
11 10 40
11 12 80
11 13 40
11 14 40
11 15 80
11 16 30
11 17 80
11 18 80
11 19 60
11 20 60
11 21 30
11 22 40
12 0 80
12 1 60
12 2 30
12 3 60
12 4 80
12 5 40
12 6 80
12 7 30
12 8 30
12 9 40
12 10 80
12 11 80
12 13 60
12 14 40
12 15 80
12 16 30
12 17 30
12 18 60
12 19 60
12 20 80
12 21 60
12 22 40
13 0 60
13 1 80
13 2 80
13 3 60
13 4 80
13 5 40
13 6 40
13 7 30
13 8 80
13 9 60
13 10 60
13 11 80
13 12 80
13 14 60
13 15 60
13 16 30
13 17 40
13 18 80
13 19 60
13 20 40
13 21 60
13 22 80
14 0 80
14 1 80
14 2 80
14 3 30
14 4 40
14 5 80
14 6 80
14 7 80
14 8 30
14 9 80
14 10 80
14 11 80
14 12 80
14 13 60
14 15 80
14 16 30
14 17 80
14 18 60
14 19 60
14 20 40
14 21 60
14 22 60
15 0 30
15 1 40
15 2 80
15 3 40
15 4 80
15 5 40
15 6 60
15 7 30
15 8 80
15 9 40
15 10 60
15 11 80
15 12 60
15 13 80
15 14 30
15 16 40
15 17 60
15 18 60
15 19 30
15 20 60
15 21 60
15 22 80
16 0 80
16 1 80
16 2 80
16 3 40
16 4 80
16 5 60
16 6 80
16 7 60
16 8 30
16 9 30
16 10 80
16 11 60
16 12 30
16 13 40
16 14 40
16 15 30
16 17 40
16 18 40
16 19 80
16 20 40
16 21 30
16 22 30
17 0 30
17 1 40
17 2 40
17 3 80
17 4 40
17 5 60
17 6 60
17 7 60
17 8 40
17 9 30
17 10 40
17 11 30
17 12 30
17 13 40
17 14 30
17 15 30
17 16 30
17 18 60
17 19 60
17 20 60
17 21 60
17 22 60
18 0 60
18 1 40
18 2 80
18 3 80
18 4 30
18 5 40
18 6 30
18 7 60
18 8 80
18 9 30
18 10 40
18 11 40
18 12 30
18 13 60
18 14 60
18 15 60
18 16 60
18 17 30
18 19 30
18 20 40
18 21 60
18 22 80
19 0 80
19 1 80
19 2 40
19 3 60
19 4 60
19 5 30
19 6 60
19 7 60
19 8 60
19 9 80
19 10 80
19 11 80
19 12 80
19 13 30
19 14 80
19 15 60
19 16 80
19 17 80
19 18 40
19 20 30
19 21 80
19 22 30
20 0 40
20 1 30
20 2 80
20 3 80
20 4 40
20 5 40
20 6 30
20 7 80
20 8 80
20 9 30
20 10 40
20 11 60
20 12 80
20 13 60
20 14 40
20 15 80
20 16 80
20 17 60
20 18 80
20 19 30
20 21 60
20 22 30
21 0 60
21 1 40
21 2 30
21 3 40
21 4 80
21 5 40
21 6 30
21 7 40
21 8 30
21 9 60
21 10 40
21 11 40
21 12 60
21 13 60
21 14 60
21 15 80
21 16 60
21 17 40
21 18 80
21 19 80
21 20 30
21 22 30
22 0 30
22 1 60
22 2 60
22 3 40
22 4 40
22 5 80
22 6 30
22 7 60
22 8 40
22 9 80
22 10 60
22 11 60
22 12 80
22 13 80
22 14 40
22 15 30
22 16 30
22 17 40
22 18 60
22 19 60
22 20 80
22 21 80
