NAME C20R2
SOURCE Zhang et al. (2018) methodology — reproducible synthetic benchmark
N_CUSTOMERS 20
N_STATIONS 2
VARIANT 1
GRID_MILES 200.0
VEHICLE_CAPACITY 3.0
BATTERY_KWH 110.0
CURB_WEIGHT_KG 2000.0
ALPHA_ARC 0.0981
BETA_VEH 2.11
EFF_D 1.11
EFF_M 1.25
SPEED_SEED 2664914593
CUSTOMER_SEED 29940
STATION_SEED 40111

NODES
0 160934.400000 160934.400000 0.000000 depot_start
1 286895.017246 68898.100668 0.093874 customer
2 239604.156788 238741.334435 0.070427 customer
3 281746.890970 265308.616703 0.141651 customer
4 155281.907164 214157.441483 0.128411 customer
5 309025.315815 247165.104690 0.110796 customer
6 295684.384562 233739.784132 0.065240 customer
7 123372.624834 29398.406520 0.099484 customer
8 113471.105479 255257.982601 0.086382 customer
9 88756.478458 249389.364733 0.101360 customer
10 207270.441805 302001.199814 0.069268 customer
11 297622.604094 56471.438310 0.132350 customer
12 193894.325006 53440.600355 0.089094 customer
13 25269.031559 232267.181387 0.128576 customer
14 145622.014243 125429.445323 0.108884 customer
15 144016.797432 278030.560512 0.081716 customer
16 298337.611012 236536.285674 0.096049 customer
17 107345.586583 177981.140362 0.094251 customer
18 198864.878989 205649.418405 0.104930 customer
19 226646.495796 132391.850080 0.112883 customer
20 273863.605828 289923.874689 0.117894 customer
21 184071.276934 190902.046724 0.000000 station
22 151960.846157 306290.207995 0.000000 station
23 160934.400000 160934.400000 0.000000 depot_end

SPEEDS
0 1 80
0 2 30
0 3 40
0 4 40
0 5 40
0 6 30
0 7 60
0 8 60
0 9 60
0 10 30
0 11 30
0 12 40
0 13 30
0 14 80
0 15 30
0 16 30
0 17 40
0 18 80
0 19 40
0 20 30
0 21 40
0 22 80
0 23 80
1 0 40
1 2 30
1 3 80
1 4 30
1 5 60
1 6 40
1 7 80
1 8 40
1 9 30
1 10 80
1 11 30
1 12 80
1 13 60
1 14 40
1 15 40
1 16 30
1 17 40
1 18 30
1 19 60
1 20 80
1 21 30
1 22 40
1 23 30
2 0 60
2 1 80
2 3 80
2 4 80
2 5 80
2 6 60
2 7 60
2 8 30
2 9 60
2 10 30
2 11 60
2 12 80
2 13 80
2 14 40
2 15 60
2 16 40
2 17 80
2 18 60
2 19 80
2 20 60
2 21 60
2 22 80
2 23 60
3 0 60
3 1 80
3 2 40
3 4 40
3 5 80
3 6 60
3 7 80
3 8 30
3 9 30
3 10 80
3 11 30
3 12 30
3 13 40
3 14 40
3 15 40
3 16 60
3 17 30
3 18 60
3 19 80
3 20 60
3 21 30
3 22 30
3 23 80
4 0 60
4 1 40
4 2 30
4 3 30
4 5 60
4 6 30
4 7 60
4 8 40
4 9 80
4 10 30
4 11 80
4 12 60
4 13 30
4 14 80
4 15 80
4 16 40
4 17 40
4 18 30
4 19 40
4 20 80
4 21 80
4 22 30
4 23 80
5 0 80
5 1 40
5 2 60
5 3 40
5 4 60
5 6 40
5 7 40
5 8 30
5 9 40
5 10 30
5 11 80
5 12 80
5 13 80
5 14 40
5 15 40
5 16 30
5 17 80
5 18 60
5 19 60
5 20 30
5 21 40
5 22 80
5 23 40
6 0 60
6 1 60
6 2 60
6 3 60
6 4 40
6 5 80
6 7 60
6 8 80
6 9 60
6 10 60
6 11 30
6 12 40
6 13 30
6 14 60
6 15 60
6 16 30
6 17 80
6 18 80
6 19 60
6 20 80
6 21 30
6 22 60
6 23 60
7 0 40
7 1 60
7 2 80
7 3 40
7 4 80
7 5 30
7 6 30
7 8 80
7 9 40
7 10 80
7 11 60
7 12 30
7 13 80
7 14 30
7 15 40
7 16 80
7 17 60
7 18 40
7 19 30
7 20 80
7 21 80
7 22 30
7 23 40
8 0 30
8 1 30
8 2 80
8 3 40
8 4 40
8 5 30
8 6 80
8 7 30
8 9 40
8 10 40
8 11 40
8 12 30
8 13 30
8 14 40
8 15 40
8 16 60
8 17 30
8 18 80
8 19 40
8 20 80
8 21 30
8 22 60
8 23 30
9 0 80
9 1 80
9 2 40
9 3 80
9 4 30
9 5 40
9 6 30
9 7 80
9 8 40
9 10 30
9 11 80
9 12 40
9 13 40
9 14 30
9 15 40
9 16 30
9 17 40
9 18 40
9 19 40
9 20 30
9 21 40
9 22 30
9 23 60
10 0 30
10 1 30
10 2 60
10 3 30
10 4 30
10 5 40
10 6 40
10 7 30
10 8 30
10 9 80
10 11 30
10 12 60
10 13 80
10 14 80
10 15 40
10 16 60
10 17 60
10 18 80
10 19 60
10 20 60
10 21 40
10 22 60
10 23 60
11 0 30
11 1 80
11 2 40
11 3 60
11 4 60
11 5 30
11 6 40
11 7 80
11 8 40
11 9 40
11 10 80
11 12 30
11 13 60
11 14 80
11 15 40
11 16 80
11 17 40
11 18 60
11 19 80
11 20 80
11 21 80
11 22 60
11 23 60
12 0 30
12 1 40
12 2 60
12 3 40
12 4 60
12 5 60
12 6 80
12 7 40
12 8 40
12 9 60
12 10 40
12 11 40
12 13 60
12 14 80
12 15 80
12 16 30
12 17 30
12 18 80
12 19 80
12 20 40
12 21 40
12 22 80
12 23 60
13 0 40
13 1 60
13 2 30
13 3 40
13 4 80
13 5 60
13 6 60
13 7 60
13 8 80
13 9 30
13 10 60
13 11 60
13 12 60
13 14 30
13 15 80
13 16 80
13 17 30
13 18 80
13 19 60
13 20 30
13 21 30
13 22 60
13 23 30
14 0 60
14 1 60
14 2 30
14 3 80
14 4 30
14 5 30
14 6 60
14 7 30
14 8 80
14 9 30
14 10 60
14 11 40
14 12 60
14 13 40
14 15 40
14 16 60
14 17 30
14 18 80
14 19 30
14 20 30
14 21 40
14 22 40
14 23 40
15 0 30
15 1 30
15 2 60
15 3 60
15 4 30
15 5 80
15 6 40
15 7 80
15 8 60
15 9 80
15 10 80
15 11 30
15 12 80
15 13 40
15 14 40
15 16 60
15 17 30
15 18 40
15 19 40
15 20 30
15 21 30
15 22 60
15 23 80
16 0 40
16 1 60
16 2 60
16 3 40
16 4 40
16 5 30
16 6 60
16 7 60
16 8 60
16 9 40
16 10 40
16 11 80
16 12 30
16 13 40
16 14 80
16 15 30
16 17 80
16 18 60
16 19 60
16 20 40
16 21 40
16 22 40
16 23 40
17 0 60
17 1 30
17 2 80
17 3 40
17 4 60
17 5 40
17 6 40
17 7 40
17 8 40
17 9 80
17 10 80
17 11 40
17 12 40
17 13 30
17 14 30
17 15 40
17 16 30
17 18 60
17 19 40
17 20 60
17 21 30
17 22 80
17 23 40
18 0 30
18 1 80
18 2 80
18 3 60
18 4 60
18 5 80
18 6 60
18 7 60
18 8 30
18 9 80
18 10 60
18 11 30
18 12 30
18 13 60
18 14 60
18 15 30
18 16 60
18 17 80
18 19 30
18 20 80
18 21 30
18 22 60
18 23 60
19 0 40
19 1 80
19 2 80
19 3 30
19 4 30
19 5 30
19 6 80
19 7 30
19 8 80
19 9 80
19 10 60
19 11 40
19 12 60
19 13 30
19 14 60
19 15 60
19 16 60
19 17 30
19 18 60
19 20 30
19 21 60
19 22 60
19 23 40
20 0 60
20 1 30
20 2 80
20 3 60
20 4 30
20 5 80
20 6 60
20 7 40
20 8 40
20 9 40
20 10 30
20 11 60
20 12 30
20 13 30
20 14 80
20 15 40
20 16 40
20 17 60
20 18 80
20 19 40
20 21 40
20 22 80
20 23 30
21 0 30
21 1 30
21 2 80
21 3 60
21 4 60
21 5 60
21 6 80
21 7 80
21 8 30
21 9 30
21 10 40
21 11 80
21 12 40
21 13 80
21 14 80
21 15 80
21 16 30
21 17 60
21 18 40
21 19 30
21 20 80
21 22 40
21 23 40
22 0 80
22 1 40
22 2 80
22 3 80
22 4 30
22 5 30
22 6 40
22 7 60
22 8 60
22 9 40
22 10 80
22 11 80
22 12 30
22 13 30
22 14 40
22 15 40
22 16 40
22 17 30
22 18 60
22 19 40
22 20 30
22 21 30
22 23 60
23 0 40
23 1 80
23 2 40
23 3 30
23 4 80
23 5 80
23 6 80
23 7 60
23 8 80
23 9 30
23 10 30
23 11 30
23 12 40
23 13 30
23 14 40
23 15 40
23 16 40
23 17 80
23 18 30
23 19 40
23 20 30
23 21 80
23 22 60
