NAME C21R2
SOURCE Zhang et al. (2018) methodology — reproducible synthetic benchmark
N_CUSTOMERS 21
N_STATIONS 2
VARIANT 1
GRID_MILES 200.0
VEHICLE_CAPACITY 3.0
BATTERY_KWH 110.0
CURB_WEIGHT_KG 2000.0
ALPHA_ARC 0.0981
BETA_VEH 2.11
EFF_D 1.11
EFF_M 1.25
SPEED_SEED 2664931754
CUSTOMER_SEED 30937
STATION_SEED 41102

NODES
0 160934.400000 160934.400000 0.000000 depot_start
1 314365.955961 236296.506973 0.087793 customer
2 245447.565017 66493.834128 0.129187 customer
3 290533.943627 58469.321577 0.056881 customer
4 175271.747444 61602.574938 0.066684 customer
5 168801.366292 69040.584810 0.108386 customer
6 36083.187397 125464.941256 0.122790 customer
7 39980.964712 204805.896598 0.093096 customer
8 194529.036423 90848.494026 0.086400 customer
9 42188.647297 188349.491498 0.065656 customer
10 278848.212215 257899.417007 0.088441 customer
11 273712.591420 179387.449292 0.085714 customer
12 277823.589150 51963.956566 0.140669 customer
13 214066.265797 159706.491151 0.113748 customer
14 313073.978087 296283.665792 0.111455 customer
15 66797.238375 297071.520085 0.105198 customer
16 64945.559924 224107.582496 0.137134 customer
17 76639.938634 84938.290374 0.092427 customer
18 113357.240178 193235.892543 0.126188 customer
19 246019.864630 18327.984068 0.063515 customer
20 307415.906434 74524.110499 0.053766 customer
21 93841.552489 133513.604708 0.088520 customer
22 2165.782106 230059.305927 0.000000 station
23 44626.931650 220473.147366 0.000000 station
24 160934.400000 160934.400000 0.000000 depot_end

SPEEDS
0 1 30
0 2 60
0 3 30
0 4 60
0 5 30
0 6 30
0 7 80
0 8 80
0 9 40
0 10 30
0 11 40
0 12 30
0 13 40
0 14 30
0 15 80
0 16 60
0 17 40
0 18 30
0 19 30
0 20 80
0 21 30
0 22 60
0 23 30
0 24 80
1 0 80
1 2 60
1 3 30
1 4 80
1 5 80
1 6 40
1 7 30
1 8 80
1 9 40
1 10 30
1 11 80
1 12 40
1 13 40
1 14 60
1 15 80
1 16 30
1 17 80
1 18 30
1 19 80
1 20 80
1 21 30
1 22 40
1 23 30
1 24 60
2 0 30
2 1 60
2 3 80
2 4 80
2 5 80
2 6 30
2 7 80
2 8 30
2 9 60
2 10 80
2 11 80
2 12 30
2 13 60
2 14 30
2 15 60
2 16 40
2 17 40
2 18 60
2 19 40
2 20 80
2 21 40
2 22 30
2 23 60
2 24 30
3 0 60
3 1 60
3 2 80
3 4 60
3 5 30
3 6 40
3 7 40
3 8 60
3 9 60
3 10 40
3 11 60
3 12 80
3 13 80
3 14 60
3 15 40
3 16 30
3 17 60
3 18 30
3 19 40
3 20 60
3 21 40
3 22 60
3 23 80
3 24 60
4 0 40
4 1 60
4 2 60
4 3 60
4 5 30
4 6 40
4 7 30
4 8 80
4 9 30
4 10 60
4 11 60
4 12 60
4 13 30
4 14 80
4 15 80
4 16 30
4 17 80
4 18 40
4 19 60
4 20 40
4 21 40
4 22 40
4 23 30
4 24 40
5 0 80
5 1 40
5 2 80
5 3 30
5 4 60
5 6 30
5 7 60
5 8 40
5 9 80
5 10 80
5 11 30
5 12 30
5 13 40
5 14 80
5 15 30
5 16 30
5 17 60
5 18 40
5 19 30
5 20 40
5 21 30
5 22 40
5 23 80
5 24 60
6 0 60
6 1 40
6 2 80
6 3 60
6 4 30
6 5 80
6 7 60
6 8 80
6 9 60
6 10 40
6 11 80
6 12 40
6 13 60
6 14 30
6 15 30
6 16 30
6 17 60
6 18 60
6 19 30
6 20 80
6 21 80
6 22 80
6 23 80
6 24 60
7 0 40
7 1 80
7 2 30
7 3 30
7 4 30
7 5 40
7 6 80
7 8 30
7 9 60
7 10 60
7 11 30
7 12 40
7 13 80
7 14 30
7 15 60
7 16 80
7 17 80
7 18 40
7 19 30
7 20 40
7 21 60
7 22 80
7 23 60
7 24 30
8 0 40
8 1 40
8 2 30
8 3 60
8 4 30
8 5 60
8 6 30
8 7 60
8 9 60
8 10 30
8 11 40
8 12 80
8 13 40
8 14 80
8 15 40
8 16 80
8 17 30
8 18 40
8 19 40
8 20 40
8 21 80
8 22 60
8 23 40
8 24 40
9 0 80
9 1 60
9 2 60
9 3 40
9 4 60
9 5 40
9 6 60
9 7 60
9 8 40
9 10 60
9 11 60
9 12 30
9 13 60
9 14 30
9 15 40
9 16 60
9 17 30
9 18 60
9 19 40
9 20 60
9 21 40
9 22 60
9 23 30
9 24 30
10 0 60
10 1 60
10 2 30
10 3 80
10 4 60
10 5 40
10 6 80
10 7 30
10 8 80
10 9 30
10 11 40
10 12 80
10 13 40
10 14 80
10 15 80
10 16 60
10 17 80
10 18 40
10 19 30
10 20 80
10 21 60
10 22 60
10 23 30
10 24 60
11 0 30
11 1 80
11 2 80
11 3 30
11 4 60
11 5 60
11 6 30
11 7 40
11 8 30
11 9 60
11 10 80
11 12 60
11 13 60
11 14 80
11 15 40
11 16 40
11 17 60
11 18 80
11 19 60
11 20 60
11 21 30
11 22 80
11 23 30
11 24 30
12 0 40
12 1 30
12 2 80
12 3 60
12 4 60
12 5 30
12 6 80
12 7 40
12 8 80
12 9 80
12 10 60
12 11 30
12 13 30
12 14 30
12 15 40
12 16 40
12 17 60
12 18 30
12 19 60
12 20 80
12 21 30
12 22 80
12 23 80
12 24 40
13 0 80
13 1 80
13 2 60
13 3 30
13 4 60
13 5 60
13 6 30
13 7 30
13 8 40
13 9 80
13 10 80
13 11 80
13 12 30
13 14 60
13 15 30
13 16 30
13 17 60
13 18 80
13 19 80
13 20 60
13 21 30
13 22 40
13 23 60
13 24 80
14 0 40
14 1 80
14 2 60
14 3 30
14 4 60
14 5 80
14 6 60
14 7 60
14 8 60
14 9 80
14 10 30
14 11 40
14 12 80
14 13 60
14 15 40
14 16 40
14 17 30
14 18 30
14 19 40
14 20 80
14 21 60
14 22 60
14 23 80
14 24 80
15 0 40
15 1 40
15 2 80
15 3 30
15 4 30
15 5 80
15 6 30
15 7 80
15 8 60
15 9 40
15 10 80
15 11 40
15 12 40
15 13 40
15 14 80
15 16 30
15 17 80
15 18 80
15 19 60
15 20 40
15 21 60
15 22 30
15 23 60
15 24 40
16 0 40
16 1 30
16 2 30
16 3 40
16 4 30
16 5 60
16 6 30
16 7 60
16 8 60
16 9 60
16 10 80
16 11 80
16 12 40
16 13 80
16 14 60
16 15 60
16 17 30
16 18 40
16 19 60
16 20 40
16 21 40
16 22 60
16 23 80
16 24 40
17 0 80
17 1 40
17 2 40
17 3 80
17 4 30
17 5 40
17 6 80
17 7 40
17 8 30
17 9 80
17 10 60
17 11 80
17 12 80
17 13 80
17 14 60
17 15 30
17 16 30
17 18 80
17 19 30
17 20 40
17 21 60
17 22 40
17 23 60
17 24 60
18 0 30
18 1 30
18 2 80
18 3 60
18 4 30
18 5 30
18 6 30
18 7 30
18 8 30
18 9 30
18 10 60
18 11 60
18 12 30
18 13 60
18 14 80
18 15 30
18 16 80
18 17 30
18 19 40
18 20 60
18 21 40
18 22 80
18 23 30
18 24 30
19 0 40
19 1 60
19 2 40
19 3 30
19 4 60
19 5 30
19 6 30
19 7 40
19 8 30
19 9 40
19 10 80
19 11 30
19 12 60
19 13 80
19 14 30
19 15 60
19 16 60
19 17 30
19 18 40
19 20 30
19 21 80
19 22 80
19 23 40
19 24 80
20 0 40
20 1 40
20 2 40
20 3 40
20 4 40
20 5 80
20 6 80
20 7 60
20 8 60
20 9 40
20 10 60
20 11 40
20 12 30
20 13 30
20 14 80
20 15 60
20 16 40
20 17 60
20 18 60
20 19 40
20 21 40
20 22 80
20 23 40
20 24 60
21 0 40
21 1 40
21 2 60
21 3 80
21 4 40
21 5 40
21 6 80
21 7 60
21 8 30
21 9 30
21 10 30
21 11 40
21 12 80
21 13 40
21 14 80
21 15 80
21 16 60
21 17 30
21 18 40
21 19 40
21 20 30
21 22 60
21 23 30
21 24 60
22 0 30
22 1 60
22 2 80
22 3 60
22 4 40
22 5 30
22 6 30
22 7 80
22 8 60
22 9 30
22 10 60
22 11 30
22 12 40
22 13 30
22 14 40
22 15 30
22 16 80
22 17 60
22 18 30
22 19 30
22 20 40
22 21 60
22 23 30
22 24 40
23 0 40
23 1 60
23 2 60
23 3 60
23 4 60
23 5 30
23 6 30
23 7 60
23 8 60
23 9 60
23 10 30
23 11 60
23 12 80
23 13 80
23 14 80
23 15 80
23 16 60
23 17 60
23 18 40
23 19 80
23 20 60
23 21 30
23 22 80
23 24 40
24 0 30
24 1 30
24 2 80
24 3 80
24 4 40
24 5 60
24 6 60
24 7 30
24 8 40
24 9 30
24 10 30
24 11 30
24 12 40
24 13 40
24 14 80
24 15 60
24 16 40
24 17 60
24 18 40
24 19 80
24 20 60
24 21 60
24 22 40
24 23 30
