NAME C22R2
SOURCE Zhang et al. (2018) methodology — reproducible synthetic benchmark
N_CUSTOMERS 22
N_STATIONS 2
VARIANT 1
GRID_MILES 200.0
VEHICLE_CAPACITY 3.0
BATTERY_KWH 110.0
CURB_WEIGHT_KG 2000.0
ALPHA_ARC 0.0981
BETA_VEH 2.11
EFF_D 1.11
EFF_M 1.25
SPEED_SEED 2664948915
CUSTOMER_SEED 31934
STATION_SEED 42093

NODES
0 160934.400000 160934.400000 0.000000 depot_start
1 114720.027271 242269.802407 0.076628 customer
2 64548.948014 113960.210399 0.067956 customer
3 202832.834152 92813.337474 0.131308 customer
4 203774.384185 88554.421781 0.133542 customer
5 79868.337885 136386.644857 0.145698 customer
6 192774.810992 305040.127736 0.055595 customer
7 77329.905243 171814.624362 0.105274 customer
8 150654.086509 11393.912695 0.074544 customer
9 16425.212600 229454.530853 0.110605 customer
10 84998.061369 241992.264424 0.075354 customer
11 46457.601599 143439.078011 0.137544 customer
12 118927.329458 306000.042443 0.065694 customer
13 63122.758438 274215.062576 0.062533 customer
14 258991.672909 18047.642579 0.136029 customer
15 219044.075637 78607.856166 0.123704 customer
16 188063.784574 43215.366071 0.121704 customer
17 35765.938432 134236.037543 0.097717 customer
18 300629.051307 59781.264603 0.143873 customer
19 232529.000127 240616.914987 0.101468 customer
20 282667.119050 248754.339133 0.104797 customer
21 282108.322614 266319.746823 0.080949 customer
22 5941.933889 104558.290035 0.131186 customer
23 246847.527517 246800.668683 0.000000 station
24 21614.482664 171951.960290 0.000000 station
25 160934.400000 160934.400000 0.000000 depot_end

SPEEDS
0 1 40
0 2 30
0 3 40
0 4 30
0 5 60
0 6 80
0 7 30
0 8 60
0 9 40
0 10 30
0 11 30
0 12 30
0 13 80
0 14 30
0 15 80
0 16 80
0 17 30
0 18 30
0 19 60
0 20 80
0 21 60
0 22 60
0 23 60
0 24 30
0 25 80
1 0 30
1 2 30
1 3 40
1 4 80
1 5 60
1 6 80
1 7 60
1 8 40
1 9 40
1 10 30
1 11 60
1 12 30
1 13 60
1 14 80
1 15 60
1 16 80
1 17 30
1 18 30
1 19 80
1 20 60
1 21 60
1 22 30
1 23 30
1 24 40
1 25 30
2 0 30
2 1 80
2 3 60
2 4 30
2 5 60
2 6 30
2 7 60
2 8 30
2 9 60
2 10 30
2 11 30
2 12 80
2 13 30
2 14 40
2 15 60
2 16 40
2 17 40
2 18 80
2 19 30
2 20 80
2 21 30
2 22 40
2 23 80
2 24 80
2 25 30
3 0 40
3 1 60
3 2 40
3 4 80
3 5 40
3 6 80
3 7 40
3 8 30
3 9 30
3 10 80
3 11 40
3 12 40
3 13 40
3 14 40
3 15 30
3 16 40
3 17 60
3 18 30
3 19 80
3 20 40
3 21 80
3 22 40
3 23 30
3 24 60
3 25 80
4 0 80
4 1 40
4 2 30
4 3 60
4 5 40
4 6 30
4 7 30
4 8 40
4 9 30
4 10 80
4 11 60
4 12 80
4 13 80
4 14 60
4 15 80
4 16 30
4 17 40
4 18 60
4 19 60
4 20 80
4 21 30
4 22 80
4 23 80
4 24 60
4 25 80
5 0 40
5 1 60
5 2 80
5 3 80
5 4 60
5 6 60
5 7 60
5 8 60
5 9 80
5 10 40
5 11 30
5 12 40
5 13 30
5 14 60
5 15 40
5 16 80
5 17 30
5 18 60
5 19 80
5 20 40
5 21 60
5 22 60
5 23 30
5 24 60
5 25 60
6 0 40
6 1 30
6 2 30
6 3 60
6 4 30
6 5 30
6 7 60
6 8 60
6 9 80
6 10 30
6 11 80
6 12 30
6 13 60
6 14 40
6 15 40
6 16 60
6 17 60
6 18 30
6 19 30
6 20 80
6 21 60
6 22 60
6 23 60
6 24 80
6 25 40
7 0 80
7 1 40
7 2 30
7 3 60
7 4 80
7 5 30
7 6 80
7 8 40
7 9 40
7 10 60
7 11 30
7 12 80
7 13 80
7 14 40
7 15 60
7 16 30
7 17 40
7 18 80
7 19 30
7 20 40
7 21 80
7 22 80
7 23 80
7 24 80
7 25 40
8 0 80
8 1 40
8 2 60
8 3 40
8 4 40
8 5 30
8 6 40
8 7 60
8 9 40
8 10 80
8 11 60
8 12 40
8 13 40
8 14 80
8 15 40
8 16 30
8 17 80
8 18 60
8 19 30
8 20 40
8 21 60
8 22 30
8 23 60
8 24 80
8 25 80
9 0 40
9 1 30
9 2 80
9 3 60
9 4 60
9 5 40
9 6 30
9 7 60
9 8 60
9 10 60
9 11 30
9 12 40
9 13 80
9 14 60
9 15 40
9 16 40
9 17 60
9 18 30
9 19 60
9 20 60
9 21 40
9 22 60
9 23 30
9 24 60
9 25 60
10 0 80
10 1 60
10 2 30
10 3 60
10 4 40
10 5 80
10 6 40
10 7 30
10 8 40
10 9 30
10 11 80
10 12 80
10 13 30
10 14 30
10 15 60
10 16 80
10 17 80
10 18 80
10 19 40
10 20 60
10 21 40
10 22 30
10 23 60
10 24 40
10 25 60
11 0 30
11 1 40
11 2 60
11 3 80
11 4 80
11 5 30
11 6 40
11 7 30
11 8 40
11 9 60
11 10 40
11 12 30
11 13 30
11 14 30
11 15 60
11 16 30
11 17 40
11 18 60
11 19 30
11 20 40
11 21 80
11 22 60
11 23 40
11 24 80
11 25 60
12 0 60
12 1 30
12 2 40
12 3 80
12 4 30
12 5 40
12 6 60
12 7 60
12 8 60
12 9 30
12 10 60
12 11 40
12 13 40
12 14 40
12 15 40
12 16 80
12 17 80
12 18 40
12 19 80
12 20 30
12 21 80
12 22 40
12 23 80
12 24 60
12 25 80
13 0 30
13 1 40
13 2 40
13 3 80
13 4 30
13 5 60
13 6 80
13 7 40
13 8 40
13 9 40
13 10 40
13 11 80
13 12 40
13 14 80
13 15 40
13 16 30
13 17 60
13 18 40
13 19 40
13 20 30
13 21 80
13 22 30
13 23 60
13 24 80
13 25 40
14 0 80
14 1 40
14 2 80
14 3 30
14 4 60
14 5 40
14 6 30
14 7 60
14 8 30
14 9 80
14 10 30
14 11 40
14 12 80
14 13 40
14 15 80
14 16 30
14 17 40
14 18 40
14 19 30
14 20 40
14 21 40
14 22 30
14 23 80
14 24 40
14 25 60
15 0 80
15 1 80
15 2 30
15 3 40
15 4 80
15 5 40
15 6 30
15 7 80
15 8 60
15 9 30
15 10 40
15 11 40
15 12 80
15 13 80
15 14 30
15 16 60
15 17 80
15 18 40
15 19 80
15 20 40
15 21 60
15 22 40
15 23 60
15 24 80
15 25 40
16 0 80
16 1 60
16 2 80
16 3 80
16 4 30
16 5 80
16 6 80
16 7 40
16 8 80
16 9 30
16 10 30
16 11 60
16 12 30
16 13 30
16 14 40
16 15 80
16 17 30
16 18 40
16 19 40
16 20 60
16 21 30
16 22 40
16 23 80
16 24 40
16 25 60
17 0 60
17 1 40
17 2 30
17 3 60
17 4 40
17 5 40
17 6 60
17 7 40
17 8 60
17 9 60
17 10 80
17 11 80
17 12 40
17 13 80
17 14 40
17 15 40
17 16 60
17 18 60
17 19 30
17 20 30
17 21 30
17 22 60
17 23 30
17 24 60
17 25 80
18 0 80
18 1 30
18 2 60
18 3 30
18 4 60
18 5 80
18 6 40
18 7 30
18 8 80
18 9 40
18 10 80
18 11 30
18 12 80
18 13 40
18 14 80
18 15 80
18 16 60
18 17 30
18 19 40
18 20 30
18 21 30
18 22 40
18 23 80
18 24 60
18 25 60
19 0 30
19 1 30
19 2 80
19 3 30
19 4 40
19 5 40
19 6 30
19 7 40
19 8 60
19 9 80
19 10 30
19 11 80
19 12 40
19 13 30
19 14 40
19 15 60
19 16 60
19 17 40
19 18 60
19 20 80
19 21 40
19 22 40
19 23 80
19 24 80
19 25 30
20 0 60
20 1 60
20 2 40
20 3 40
20 4 40
20 5 60
20 6 30
20 7 60
20 8 30
20 9 40
20 10 60
20 11 80
20 12 30
20 13 60
20 14 40
20 15 80
20 16 30
20 17 30
20 18 40
20 19 40
20 21 40
20 22 80
20 23 40
20 24 30
20 25 80
21 0 30
21 1 30
21 2 80
21 3 60
21 4 60
21 5 30
21 6 40
21 7 30
21 8 40
21 9 40
21 10 40
21 11 40
21 12 60
21 13 80
21 14 80
21 15 30
21 16 30
21 17 60
21 18 60
21 19 30
21 20 60
21 22 40
21 23 60
21 24 80
21 25 40
22 0 80
22 1 30
22 2 40
22 3 80
22 4 80
22 5 60
22 6 80
22 7 80
22 8 60
22 9 80
22 10 80
22 11 40
22 12 60
22 13 30
22 14 80
22 15 60
22 16 60
22 17 40
22 18 40
22 19 30
22 20 40
22 21 30
22 23 60
22 24 30
22 25 30
23 0 60
23 1 30
23 2 30
23 3 40
23 4 80
23 5 60
23 6 80
23 7 60
23 8 60
23 9 80
23 10 30
23 11 60
23 12 80
23 13 80
23 14 80
23 15 60
23 16 30
23 17 40
23 18 80
23 19 40
23 20 60
23 21 60
23 22 80
23 24 80
23 25 40
24 0 40
24 1 30
24 2 60
24 3 80
24 4 60
24 5 60
24 6 60
24 7 30
24 8 80
24 9 60
24 10 60
24 11 80
24 12 40
24 13 80
24 14 40
24 15 40
24 16 60
24 17 80
24 18 30
24 19 60
24 20 60
24 21 40
24 22 30
24 23 40
24 25 40
25 0 80
25 1 30
25 2 60
25 3 80
25 4 80
25 5 40
25 6 40
25 7 60
25 8 60
25 9 80
25 10 30
25 11 80
25 12 30
25 13 30
25 14 60
25 15 80
25 16 40
25 17 60
25 18 40
25 19 30
25 20 30
25 21 40
25 22 60
25 23 30
25 24 60
