NAME C23R2
SOURCE Zhang et al. (2018) methodology — reproducible synthetic benchmark
N_CUSTOMERS 23
N_STATIONS 2
VARIANT 1
GRID_MILES 200.0
VEHICLE_CAPACITY 3.0
BATTERY_KWH 110.0
CURB_WEIGHT_KG 2000.0
ALPHA_ARC 0.0981
BETA_VEH 2.11
EFF_D 1.11
EFF_M 1.25
SPEED_SEED 2664966076
CUSTOMER_SEED 32931
STATION_SEED 43084

NODES
0 160934.400000 160934.400000 0.000000 depot_start
1 71251.761651 169764.985864 0.149632 customer
2 208136.616341 45587.373730 0.118090 customer
3 27293.808618 24612.945675 0.077168 customer
4 303891.456239 39454.614776 0.149898 customer
5 19417.058791 71494.365074 0.108663 customer
6 297829.443837 321042.410324 0.072597 customer
7 273602.224880 169060.243521 0.062482 customer
8 80278.935431 273.292256 0.086820 customer
9 174814.801472 316846.743473 0.099179 customer
10 59381.903996 214794.361734 0.089121 customer
11 235149.503383 219410.799703 0.146791 customer
12 150495.981598 83057.367474 0.113256 customer
13 208078.006450 288300.966374 0.135843 customer
14 174688.496443 195021.787623 0.149189 customer
15 73494.446465 192510.245912 0.083733 customer
16 169297.091578 237312.524580 0.063311 customer
17 213253.854467 302995.969558 0.084143 customer
18 99280.761882 101306.243287 0.148384 customer
19 198718.412290 65216.820582 0.130635 customer
20 250835.152263 244811.559961 0.110646 customer
21 42427.966504 215906.065147 0.083692 customer
22 137615.652004 185401.139712 0.074393 customer
23 317540.043280 48545.073028 0.101762 customer
24 66011.088056 187739.550937 0.000000 station
25 17742.481629 29186.011447 0.000000 station
26 160934.400000 160934.400000 0.000000 depot_end

SPEEDS
0 1 30
0 2 60
0 3 40
0 4 30
0 5 80
0 6 30
0 7 60
0 8 80
0 9 40
0 10 30
0 11 40
0 12 80
0 13 80
0 14 30
0 15 80
0 16 60
0 17 40
0 18 30
0 19 30
0 20 30
0 21 80
0 22 40
0 23 30
0 24 30
0 25 80
0 26 40
1 0 60
1 2 60
1 3 80
1 4 30
1 5 80
1 6 40
1 7 80
1 8 60
1 9 60
1 10 80
1 11 80
1 12 30
1 13 60
1 14 30
1 15 60
1 16 30
1 17 30
1 18 80
1 19 30
1 20 60
1 21 40
1 22 40
1 23 80
1 24 80
1 25 40
1 26 30
2 0 40
2 1 30
2 3 60
2 4 80
2 5 30
2 6 60
2 7 60
2 8 60
2 9 40
2 10 80
2 11 80
2 12 60
2 13 80
2 14 60
2 15 40
2 16 30
2 17 30
2 18 40
2 19 40
2 20 80
2 21 60
2 22 30
2 23 40
2 24 30
2 25 60
2 26 60
3 0 60
3 1 40
3 2 80
3 4 60
3 5 60
3 6 60
3 7 30
3 8 80
3 9 60
3 10 60
3 11 30
3 12 80
3 13 80
3 14 30
3 15 30
3 16 80
3 17 80
3 18 80
3 19 40
3 20 60
3 21 30
3 22 30
3 23 80
3 24 30
3 25 80
3 26 30
4 0 40
4 1 40
4 2 40
4 3 30
4 5 80
4 6 80
4 7 80
4 8 40
4 9 30
4 10 40
4 11 40
4 12 60
4 13 80
4 14 40
4 15 30
4 16 80
4 17 60
4 18 30
4 19 40
4 20 80
4 21 80
4 22 30
4 23 40
4 24 30
4 25 40
4 26 30
5 0 80
5 1 30
5 2 30
5 3 80
5 4 40
5 6 60
5 7 60
5 8 60
5 9 30
5 10 80
5 11 80
5 12 40
5 13 60
5 14 60
5 15 60
5 16 40
5 17 60
5 18 40
5 19 80
5 20 30
5 21 60
5 22 60
5 23 80
5 24 30
5 25 80
5 26 30
6 0 40
6 1 60
6 2 30
6 3 30
6 4 40
6 5 80
6 7 30
6 8 60
6 9 60
6 10 60
6 11 80
6 12 60
6 13 40
6 14 60
6 15 60
6 16 30
6 17 60
6 18 60
6 19 80
6 20 30
6 21 80
6 22 40
6 23 60
6 24 60
6 25 60
6 26 80
7 0 30
7 1 80
7 2 60
7 3 30
7 4 30
7 5 30
7 6 80
7 8 30
7 9 60
7 10 30
7 11 40
7 12 60
7 13 40
7 14 80
7 15 40
7 16 80
7 17 60
7 18 60
7 19 30
7 20 30
7 21 30
7 22 60
7 23 30
7 24 30
7 25 30
7 26 80
8 0 30
8 1 80
8 2 30
8 3 80
8 4 80
8 5 40
8 6 30
8 7 60
8 9 30
8 10 30
8 11 30
8 12 60
8 13 40
8 14 30
8 15 40
8 16 80
8 17 60
8 18 40
8 19 40
8 20 30
8 21 80
8 22 60
8 23 80
8 24 40
8 25 30
8 26 60
9 0 80
9 1 60
9 2 80
9 3 80
9 4 60
9 5 30
9 6 30
9 7 80
9 8 30
9 10 40
9 11 60
9 12 40
9 13 80
9 14 60
9 15 60
9 16 80
9 17 30
9 18 30
9 19 60
9 20 40
9 21 80
9 22 80
9 23 40
9 24 60
9 25 40
9 26 40
10 0 60
10 1 40
10 2 60
10 3 40
10 4 40
10 5 60
10 6 60
10 7 40
10 8 40
10 9 30
10 11 80
10 12 40
10 13 40
10 14 40
10 15 40
10 16 60
10 17 80
10 18 40
10 19 30
10 20 30
10 21 40
10 22 60
10 23 60
10 24 60
10 25 30
10 26 60
11 0 60
11 1 30
11 2 30
11 3 30
11 4 40
11 5 60
11 6 80
11 7 60
11 8 80
11 9 60
11 10 40
11 12 40
11 13 80
11 14 30
11 15 30
11 16 80
11 17 60
11 18 60
11 19 40
11 20 60
11 21 30
11 22 60
11 23 30
11 24 30
11 25 60
11 26 30
12 0 30
12 1 30
12 2 60
12 3 40
12 4 80
12 5 60
12 6 30
12 7 60
12 8 60
12 9 40
12 10 80
12 11 60
12 13 80
12 14 60
12 15 30
12 16 40
12 17 40
12 18 40
12 19 60
12 20 60
12 21 60
12 22 60
12 23 40
12 24 80
12 25 40
12 26 40
13 0 30
13 1 60
13 2 30
13 3 80
13 4 60
13 5 30
13 6 80
13 7 80
13 8 60
13 9 80
13 10 30
13 11 40
13 12 30
13 14 40
13 15 40
13 16 30
13 17 60
13 18 60
13 19 60
13 20 60
13 21 60
13 22 60
13 23 60
13 24 30
13 25 30
13 26 30
14 0 40
14 1 40
14 2 40
14 3 60
14 4 40
14 5 60
14 6 40
14 7 80
14 8 80
14 9 60
14 10 60
14 11 30
14 12 30
14 13 80
14 15 80
14 16 30
14 17 60
14 18 40
14 19 60
14 20 40
14 21 60
14 22 80
14 23 30
14 24 40
14 25 60
14 26 30
15 0 60
15 1 80
15 2 80
15 3 80
15 4 60
15 5 40
15 6 40
15 7 60
15 8 80
15 9 60
15 10 40
15 11 30
15 12 30
15 13 60
15 14 80
15 16 60
15 17 80
15 18 80
15 19 60
15 20 60
15 21 40
15 22 30
15 23 60
15 24 40
15 25 60
15 26 30
16 0 30
16 1 30
16 2 40
16 3 40
16 4 60
16 5 30
16 6 40
16 7 30
16 8 80
16 9 80
16 10 30
16 11 40
16 12 60
16 13 40
16 14 60
16 15 30
16 17 40
16 18 60
16 19 40
16 20 30
16 21 40
16 22 30
16 23 30
16 24 60
16 25 40
16 26 60
17 0 80
17 1 80
17 2 40
17 3 80
17 4 40
17 5 30
17 6 60
17 7 80
17 8 80
17 9 80
17 10 40
17 11 80
17 12 40
17 13 30
17 14 80
17 15 80
17 16 60
17 18 60
17 19 60
17 20 60
17 21 60
17 22 30
17 23 40
17 24 60
17 25 40
17 26 80
18 0 60
18 1 30
18 2 60
18 3 80
18 4 40
18 5 80
18 6 40
18 7 60
18 8 40
18 9 40
18 10 60
18 11 40
18 12 30
18 13 80
18 14 80
18 15 60
18 16 60
18 17 60
18 19 80
18 20 80
18 21 40
18 22 30
18 23 80
18 24 30
18 25 40
18 26 80
19 0 30
19 1 40
19 2 30
19 3 80
19 4 80
19 5 40
19 6 60
19 7 30
19 8 40
19 9 30
19 10 40
19 11 80
19 12 40
19 13 80
19 14 80
19 15 60
19 16 40
19 17 80
19 18 80
19 20 40
19 21 60
19 22 80
19 23 30
19 24 60
19 25 60
19 26 30
20 0 60
20 1 80
20 2 80
20 3 60
20 4 40
20 5 60
20 6 60
20 7 60
20 8 60
20 9 80
20 10 40
20 11 60
20 12 60
20 13 60
20 14 40
20 15 30
20 16 80
20 17 80
20 18 80
20 19 40
20 21 60
20 22 40
20 23 80
20 24 60
20 25 80
20 26 80
21 0 60
21 1 60
21 2 30
21 3 40
21 4 60
21 5 60
21 6 80
21 7 80
21 8 80
21 9 80
21 10 30
21 11 60
21 12 80
21 13 30
21 14 80
21 15 60
21 16 30
21 17 60
21 18 30
21 19 60
21 20 30
21 22 40
21 23 30
21 24 30
21 25 30
21 26 60
22 0 60
22 1 40
22 2 80
22 3 40
22 4 30
22 5 80
22 6 80
22 7 30
22 8 60
22 9 40
22 10 80
22 11 60
22 12 80
22 13 60
22 14 40
22 15 40
22 16 80
22 17 80
22 18 30
22 19 40
22 20 40
22 21 30
22 23 30
22 24 40
22 25 80
22 26 80
23 0 30
23 1 40
23 2 30
23 3 80
23 4 40
23 5 30
23 6 80
23 7 80
23 8 30
23 9 40
23 10 40
23 11 30
23 12 80
23 13 60
23 14 60
23 15 80
23 16 60
23 17 60
23 18 80
23 19 30
23 20 80
23 21 30
23 22 30
23 24 30
23 25 40
23 26 30
24 0 80
24 1 40
24 2 80
24 3 30
24 4 60
24 5 60
24 6 60
24 7 40
24 8 30
24 9 40
24 10 80
24 11 40
24 12 60
24 13 40
24 14 60
24 15 30
24 16 60
24 17 80
24 18 40
24 19 40
24 20 80
24 21 60
24 22 30
24 23 60
24 25 80
24 26 80
25 0 40
25 1 40
25 2 30
25 3 60
25 4 30
25 5 60
25 6 80
25 7 80
25 8 30
25 9 60
25 10 40
25 11 30
25 12 30
25 13 40
25 14 60
25 15 80
25 16 80
25 17 40
25 18 60
25 19 30
25 20 80
25 21 30
25 22 60
25 23 40
25 24 80
25 26 80
26 0 30
26 1 80
26 2 80
26 3 60
26 4 30
26 5 60
26 6 30
26 7 80
26 8 30
26 9 40
26 10 30
26 11 60
26 12 40
26 13 40
26 14 30
26 15 40
26 16 30
26 17 30
26 18 60
26 19 40
26 20 80
26 21 80
26 22 60
26 23 30
26 24 80
26 25 40
