NAME C24R2
SOURCE Zhang et al. (2018) methodology — reproducible synthetic benchmark
N_CUSTOMERS 24
N_STATIONS 2
VARIANT 1
GRID_MILES 200.0
VEHICLE_CAPACITY 3.0
BATTERY_KWH 110.0
CURB_WEIGHT_KG 2000.0
ALPHA_ARC 0.0981
BETA_VEH 2.11
EFF_D 1.11
EFF_M 1.25
SPEED_SEED 2664983237
CUSTOMER_SEED 33928
STATION_SEED 44075

NODES
0 160934.400000 160934.400000 0.000000 depot_start
1 253648.111583 237367.756469 0.061677 customer
2 248270.173619 6770.271802 0.058836 customer
3 281797.818390 165381.025477 0.085463 customer
4 80944.704423 40448.814837 0.075367 customer
5 46193.933849 153865.357441 0.109640 customer
6 224450.373752 97050.270331 0.083587 customer
7 287950.168788 163100.574905 0.081905 customer
8 30773.174885 256607.971563 0.111515 customer
9 1235.394524 38806.806306 0.114634 customer
10 194480.667304 124568.651140 0.070087 customer
11 53862.506084 141430.106975 0.125198 customer
12 185026.888496 68430.813083 0.132804 customer
13 210664.148293 33857.207751 0.085229 customer
14 127490.368614 155746.689374 0.070221 customer
15 8095.059189 39141.682571 0.146486 customer
16 117062.411228 149517.190249 0.127671 customer
17 313283.889150 100782.848757 0.096972 customer
18 113323.441066 36188.618976 0.088526 customer
19 76407.617491 277905.026076 0.120614 customer
20 145013.748458 122537.146221 0.059944 customer
21 233833.287396 141745.484619 0.053090 customer
22 128169.179823 36381.470141 0.076613 customer
23 234125.033380 68073.994128 0.134411 customer
24 312254.083264 24111.909424 0.104651 customer
25 246776.143972 121662.010502 0.000000 station
26 290216.478620 115679.642434 0.000000 station
27 160934.400000 160934.400000 0.000000 depot_end

SPEEDS
0 1 80
0 2 40
0 3 30
0 4 60
0 5 40
0 6 30
0 7 30
0 8 80
0 9 30
0 10 60
0 11 80
0 12 80
0 13 40
0 14 60
0 15 60
0 16 40
0 17 30
0 18 80
0 19 40
0 20 40
0 21 60
0 22 40
0 23 30
0 24 60
0 25 40
0 26 60
0 27 80
1 0 40
1 2 60
1 3 60
1 4 80
1 5 40
1 6 30
1 7 80
1 8 80
1 9 80
1 10 60
1 11 40
1 12 30
1 13 30
1 14 30
1 15 80
1 16 30
1 17 40
1 18 40
1 19 40
1 20 40
1 21 40
1 22 30
1 23 30
1 24 60
1 25 40
1 26 40
1 27 80
2 0 30
2 1 80
2 3 40
2 4 60
2 5 60
2 6 40
2 7 60
2 8 80
2 9 30
2 10 80
2 11 40
2 12 80
2 13 80
2 14 80
2 15 60
2 16 30
2 17 40
2 18 60
2 19 60
2 20 40
2 21 30
2 22 30
2 23 80
2 24 40
2 25 60
2 26 80
2 27 80
3 0 30
3 1 80
3 2 40
3 4 80
3 5 60
3 6 30
3 7 60
3 8 40
3 9 30
3 10 60
3 11 30
3 12 60
3 13 40
3 14 60
3 15 60
3 16 80
3 17 80
3 18 80
3 19 60
3 20 60
3 21 80
3 22 30
3 23 80
3 24 80
3 25 40
3 26 80
3 27 60
4 0 80
4 1 80
4 2 80
4 3 60
4 5 40
4 6 60
4 7 40
4 8 30
4 9 30
4 10 80
4 11 30
4 12 60
4 13 60
4 14 80
4 15 60
4 16 60
4 17 30
4 18 60
4 19 80
4 20 30
4 21 80
4 22 30
4 23 80
4 24 30
4 25 80
4 26 30
4 27 60
5 0 40
5 1 80
5 2 80
5 3 30
5 4 60
5 6 60
5 7 60
5 8 30
5 9 40
5 10 60
5 11 40
5 12 40
5 13 40
5 14 60
5 15 30
5 16 60
5 17 80
5 18 30
5 19 60
5 20 80
5 21 30
5 22 80
5 23 40
5 24 30
5 25 60
5 26 80
5 27 60
6 0 80
6 1 60
6 2 80
6 3 60
6 4 60
6 5 60
6 7 40
6 8 30
6 9 30
6 10 40
6 11 40
6 12 60
6 13 80
6 14 30
6 15 30
6 16 40
6 17 60
6 18 60
6 19 60
6 20 30
6 21 40
6 22 80
6 23 30
6 24 30
6 25 30
6 26 60
6 27 30
7 0 60
7 1 60
7 2 30
7 3 30
7 4 60
7 5 40
7 6 30
7 8 30
7 9 80
7 10 40
7 11 40
7 12 30
7 13 30
7 14 80
7 15 30
7 16 60
7 17 80
7 18 30
7 19 40
7 20 60
7 21 60
7 22 30
7 23 30
7 24 30
7 25 40
7 26 60
7 27 80
8 0 80
8 1 40
8 2 30
8 3 40
8 4 80
8 5 80
8 6 60
8 7 80
8 9 60
8 10 30
8 11 30
8 12 40
8 13 80
8 14 30
8 15 40
8 16 30
8 17 60
8 18 60
8 19 40
8 20 80
8 21 80
8 22 30
8 23 80
8 24 30
8 25 30
8 26 80
8 27 80
9 0 40
9 1 60
9 2 40
9 3 80
9 4 80
9 5 40
9 6 40
9 7 80
9 8 30
9 10 80
9 11 40
9 12 80
9 13 60
9 14 40
9 15 30
9 16 80
9 17 60
9 18 80
9 19 40
9 20 80
9 21 80
9 22 30
9 23 30
9 24 80
9 25 40
9 26 40
9 27 30
10 0 80
10 1 60
10 2 60
10 3 60
10 4 30
10 5 80
10 6 30
10 7 60
10 8 80
10 9 30
10 11 40
10 12 60
10 13 30
10 14 80
10 15 30
10 16 80
10 17 40
10 18 80
10 19 30
10 20 60
10 21 40
10 22 60
10 23 30
10 24 30
10 25 30
10 26 40
10 27 60
11 0 40
11 1 30
11 2 80
11 3 40
11 4 80
11 5 40
11 6 40
11 7 30
11 8 30
11 9 60
11 10 30
11 12 80
11 13 60
11 14 30
11 15 60
11 16 60
11 17 40
11 18 60
11 19 60
11 20 40
11 21 40
11 22 40
11 23 80
11 24 60
11 25 80
11 26 80
11 27 40
12 0 60
12 1 30
12 2 40
12 3 40
12 4 30
12 5 60
12 6 80
12 7 80
12 8 60
12 9 60
12 10 40
12 11 80
12 13 40
12 14 60
12 15 60
12 16 40
12 17 60
12 18 60
12 19 60
12 20 30
12 21 30
12 22 30
12 23 30
12 24 60
12 25 40
12 26 80
12 27 80
13 0 30
13 1 80
13 2 60
13 3 40
13 4 80
13 5 30
13 6 80
13 7 80
13 8 60
13 9 40
13 10 40
13 11 80
13 12 40
13 14 80
13 15 60
13 16 60
13 17 60
13 18 80
13 19 60
13 20 30
13 21 40
13 22 30
13 23 40
13 24 40
13 25 60
13 26 40
13 27 80
14 0 80
14 1 40
14 2 60
14 3 40
14 4 30
14 5 80
14 6 60
14 7 40
14 8 40
14 9 30
14 10 40
14 11 80
14 12 60
14 13 30
14 15 30
14 16 60
14 17 40
14 18 40
14 19 60
14 20 30
14 21 60
14 22 40
14 23 60
14 24 80
14 25 40
14 26 40
14 27 80
15 0 60
15 1 30
15 2 40
15 3 40
15 4 60
15 5 60
15 6 80
15 7 60
15 8 40
15 9 80
15 10 40
15 11 80
15 12 80
15 13 60
15 14 80
15 16 80
15 17 40
15 18 60
15 19 80
15 20 60
15 21 40
15 22 60
15 23 40
15 24 30
15 25 40
15 26 60
15 27 40
16 0 80
16 1 40
16 2 60
16 3 80
16 4 80
16 5 30
16 6 40
16 7 40
16 8 60
16 9 40
16 10 40
16 11 40
16 12 60
16 13 40
16 14 60
16 15 80
16 17 40
16 18 60
16 19 30
16 20 30
16 21 30
16 22 40
16 23 60
16 24 40
16 25 60
16 26 40
16 27 30
17 0 40
17 1 60
17 2 30
17 3 40
17 4 30
17 5 80
17 6 60
17 7 80
17 8 80
17 9 40
17 10 40
17 11 80
17 12 60
17 13 30
17 14 60
17 15 40
17 16 80
17 18 30
17 19 80
17 20 30
17 21 60
17 22 60
17 23 60
17 24 40
17 25 40
17 26 60
17 27 80
18 0 30
18 1 60
18 2 80
18 3 80
18 4 80
18 5 80
18 6 40
18 7 30
18 8 80
18 9 40
18 10 30
18 11 80
18 12 60
18 13 40
18 14 80
18 15 30
18 16 30
18 17 80
18 19 60
18 20 80
18 21 40
18 22 80
18 23 30
18 24 80
18 25 60
18 26 60
18 27 60
19 0 60
19 1 30
19 2 60
19 3 60
19 4 40
19 5 40
19 6 30
19 7 40
19 8 30
19 9 80
19 10 80
19 11 60
19 12 80
19 13 80
19 14 40
19 15 40
19 16 80
19 17 40
19 18 30
19 20 40
19 21 60
19 22 40
19 23 30
19 24 40
19 25 80
19 26 60
19 27 60
20 0 80
20 1 40
20 2 40
20 3 30
20 4 80
20 5 60
20 6 80
20 7 60
20 8 60
20 9 60
20 10 40
20 11 40
20 12 30
20 13 30
20 14 40
20 15 60
20 16 80
20 17 60
20 18 40
20 19 80
20 21 40
20 22 80
20 23 30
20 24 40
20 25 30
20 26 80
20 27 30
21 0 80
21 1 30
21 2 30
21 3 80
21 4 60
21 5 30
21 6 30
21 7 80
21 8 40
21 9 30
21 10 60
21 11 30
21 12 30
21 13 80
21 14 60
21 15 40
21 16 60
21 17 30
21 18 80
21 19 40
21 20 30
21 22 40
21 23 80
21 24 40
21 25 40
21 26 30
21 27 80
22 0 40
22 1 60
22 2 80
22 3 30
22 4 80
22 5 30
22 6 60
22 7 60
22 8 80
22 9 80
22 10 30
22 11 40
22 12 40
22 13 30
22 14 80
22 15 80
22 16 80
22 17 60
22 18 80
22 19 40
22 20 60
22 21 30
22 23 40
22 24 40
22 25 60
22 26 60
22 27 60
23 0 30
23 1 80
23 2 40
23 3 60
23 4 60
23 5 60
23 6 80
23 7 60
23 8 80
23 9 80
23 10 60
23 11 40
23 12 80
23 13 80
23 14 80
23 15 60
23 16 60
23 17 60
23 18 80
23 19 80
23 20 80
23 21 30
23 22 30
23 24 30
23 25 40
23 26 60
23 27 80
24 0 40
24 1 30
24 2 40
24 3 40
24 4 30
24 5 80
24 6 40
24 7 30
24 8 80
24 9 60
24 10 80
24 11 40
24 12 40
24 13 40
24 14 30
24 15 40
24 16 40
24 17 30
24 18 30
24 19 60
24 20 80
24 21 80
24 22 60
24 23 40
24 25 60
24 26 80
24 27 40
25 0 60
25 1 60
25 2 40
25 3 40
25 4 60
25 5 30
25 6 80
25 7 40
25 8 60
25 9 30
25 10 60
25 11 40
25 12 60
25 13 30
25 14 80
25 15 60
25 16 80
25 17 40
25 18 30
25 19 60
25 20 60
25 21 30
25 22 60
25 23 60
25 24 60
25 26 60
25 27 30
26 0 30
26 1 80
26 2 30
26 3 40
26 4 80
26 5 60
26 6 30
26 7 40
26 8 30
26 9 40
26 10 60
26 11 40
26 12 80
26 13 40
26 14 40
26 15 80
26 16 80
26 17 40
26 18 30
26 19 60
26 20 40
26 21 40
26 22 40
26 23 60
26 24 30
26 25 40
26 27 60
27 0 40
27 1 30
27 2 30
27 3 60
27 4 30
27 5 60
27 6 40
27 7 60
27 8 60
27 9 80
27 10 40
27 11 60
27 12 80
27 13 80
27 14 60
27 15 60
27 16 30
27 17 40
27 18 30
27 19 30
27 20 40
27 21 40
27 22 60
27 23 80
27 24 30
27 25 40
27 26 40
