NAME C25R6-1
SOURCE Zhang et al. (2018) methodology — reproducible synthetic benchmark
N_CUSTOMERS 25
N_STATIONS 6
VARIANT 1
GRID_MILES 200.0
VEHICLE_CAPACITY 3.0
BATTERY_KWH 110.0
CURB_WEIGHT_KG 2000.0
ALPHA_ARC 0.0981
BETA_VEH 2.11
EFF_D 1.11
EFF_M 1.25
SPEED_SEED 402136858
CUSTOMER_SEED 34925
STATION_SEED 45614

NODES
0 160934.400000 160934.400000 0.000000 depot_start
1 291375.839230 232531.579810 0.088570 customer
2 69758.008948 94404.031361 0.053415 customer
3 231842.506409 49054.090465 0.071722 customer
4 296109.404813 16970.594710 0.070205 customer
5 237771.083871 150341.982879 0.106637 customer
6 227287.819102 70216.849796 0.143420 customer
7 134531.514647 20386.129971 0.071867 customer
8 61672.339304 60959.732571 0.088379 customer
9 125547.643260 41114.813215 0.089038 customer
10 63595.427396 119263.411850 0.100746 customer
11 73093.779095 307167.740324 0.055719 customer
12 284497.777519 140811.943956 0.093161 customer
13 261962.784616 113927.402370 0.099166 customer
14 127657.551300 38513.817993 0.114384 customer
15 53843.166316 84156.789117 0.056121 customer
16 178612.783487 162616.047064 0.078041 customer
17 244838.049906 310858.979664 0.106224 customer
18 59774.099610 265513.517214 0.075684 customer
19 268009.252515 79888.309738 0.052975 customer
20 301016.451440 49573.397868 0.086379 customer
21 61922.997203 217523.355947 0.122089 customer
22 275984.928473 266770.057894 0.089287 customer
23 170110.097947 186800.733792 0.064544 customer
24 183589.356214 224757.096339 0.113734 customer
25 156211.656766 102347.605001 0.134261 customer
26 143518.560685 8259.354868 0.000000 station
27 215041.748304 244701.546110 0.000000 station
28 250012.323118 89030.147550 0.000000 station
29 208529.256164 130962.023345 0.000000 station
30 107437.705972 94400.072015 0.000000 station
31 93502.436008 83144.046497 0.000000 station
32 160934.400000 160934.400000 0.000000 depot_end

SPEEDS
0 1 80
0 2 30
0 3 80
0 4 30
0 5 80
0 6 40
0 7 80
0 8 30
0 9 30
0 10 30
0 11 30
0 12 30
0 13 60
0 14 60
0 15 60
0 16 80
0 17 30
0 18 60
0 19 30
0 20 60
0 21 30
0 22 80
0 23 80
0 24 80
0 25 30
0 26 40
0 27 80
0 28 80
0 29 60
0 30 30
0 31 30
0 32 80
1 0 40
1 2 30
1 3 40
1 4 80
1 5 40
1 6 60
1 7 40
1 8 60
1 9 40
1 10 60
1 11 30
1 12 40
1 13 30
1 14 30
1 15 60
1 16 40
1 17 30
1 18 30
1 19 60
1 20 60
1 21 40
1 22 40
1 23 40
1 24 60
1 25 40
1 26 40
1 27 30
1 28 80
1 29 80
1 30 40
1 31 40
1 32 30
2 0 80
2 1 80
2 3 40
2 4 60
2 5 60
2 6 60
2 7 40
2 8 40
2 9 40
2 10 60
2 11 80
2 12 30
2 13 80
2 14 30
2 15 80
2 16 30
2 17 60
2 18 30
2 19 60
2 20 30
2 21 80
2 22 40
2 23 60
2 24 30
2 25 60
2 26 80
2 27 40
2 28 40
2 29 60
2 30 60
2 31 60
2 32 80
3 0 40
3 1 40
3 2 60
3 4 40
3 5 80
3 6 60
3 7 60
3 8 60
3 9 60
3 10 80
3 11 80
3 12 40
3 13 60
3 14 40
3 15 40
3 16 30
3 17 80
3 18 60
3 19 60
3 20 40
3 21 30
3 22 80
3 23 30
3 24 40
3 25 60
3 26 60
3 27 40
3 28 40
3 29 30
3 30 60
3 31 80
3 32 60
4 0 80
4 1 80
4 2 80
4 3 80
4 5 30
4 6 30
4 7 40
4 8 30
4 9 80
4 10 40
4 11 60
4 12 40
4 13 60
4 14 30
4 15 80
4 16 60
4 17 40
4 18 60
4 19 80
4 20 60
4 21 30
4 22 80
4 23 30
4 24 40
4 25 40
4 26 80
4 27 80
4 28 60
4 29 40
4 30 60
4 31 30
4 32 40
5 0 60
5 1 80
5 2 80
5 3 30
5 4 80
5 6 30
5 7 60
5 8 60
5 9 30
5 10 80
5 11 60
5 12 60
5 13 40
5 14 80
5 15 80
5 16 80
5 17 40
5 18 80
5 19 60
5 20 40
5 21 60
5 22 30
5 23 40
5 24 80
5 25 40
5 26 60
5 27 80
5 28 80
5 29 30
5 30 60
5 31 30
5 32 60
6 0 60
6 1 40
6 2 40
6 3 30
6 4 30
6 5 40
6 7 60
6 8 60
6 9 60
6 10 80
6 11 80
6 12 60
6 13 40
6 14 80
6 15 40
6 16 40
6 17 60
6 18 30
6 19 80
6 20 30
6 21 40
6 22 40
6 23 40
6 24 60
6 25 30
6 26 60
6 27 30
6 28 40
6 29 60
6 30 60
6 31 40
6 32 40
7 0 60
7 1 80
7 2 40
7 3 80
7 4 30
7 5 30
7 6 30
7 8 40
7 9 40
7 10 40
7 11 40
7 12 60
7 13 60
7 14 60
7 15 60
7 16 30
7 17 30
7 18 60
7 19 80
7 20 40
7 21 80
7 22 80
7 23 40
7 24 40
7 25 80
7 26 30
7 27 80
7 28 60
7 29 80
7 30 60
7 31 30
7 32 80
8 0 60
8 1 40
8 2 80
8 3 40
8 4 80
8 5 30
8 6 40
8 7 80
8 9 80
8 10 40
8 11 30
8 12 60
8 13 60
8 14 40
8 15 40
8 16 40
8 17 30
8 18 80
8 19 30
8 20 40
8 21 30
8 22 80
8 23 60
8 24 30
8 25 40
8 26 80
8 27 40
8 28 80
8 29 40
8 30 60
8 31 60
8 32 60
9 0 80
9 1 80
9 2 30
9 3 60
9 4 80
9 5 40
9 6 30
9 7 40
9 8 40
9 10 60
9 11 30
9 12 40
9 13 40
9 14 30
9 15 80
9 16 80
9 17 80
9 18 40
9 19 60
9 20 40
9 21 30
9 22 30
9 23 60
9 24 60
9 25 60
9 26 40
9 27 30
9 28 60
9 29 30
9 30 60
9 31 80
9 32 60
10 0 80
10 1 60
10 2 40
10 3 80
10 4 80
10 5 40
10 6 30
10 7 80
10 8 40
10 9 80
10 11 30
10 12 30
10 13 30
10 14 40
10 15 30
10 16 40
10 17 60
10 18 60
10 19 30
10 20 80
10 21 60
10 22 60
10 23 60
10 24 80
10 25 30
10 26 80
10 27 40
10 28 30
10 29 40
10 30 80
10 31 30
10 32 60
11 0 40
11 1 60
11 2 40
11 3 80
11 4 60
11 5 30
11 6 80
11 7 40
11 8 30
11 9 60
11 10 30
11 12 40
11 13 30
11 14 30
11 15 60
11 16 30
11 17 60
11 18 80
11 19 60
11 20 60
11 21 40
11 22 30
11 23 60
11 24 40
11 25 80
11 26 60
11 27 40
11 28 80
11 29 40
11 30 60
11 31 40
11 32 30
12 0 80
12 1 80
12 2 80
12 3 40
12 4 60
12 5 80
12 6 40
12 7 30
12 8 30
12 9 80
12 10 60
12 11 80
12 13 80
12 14 80
12 15 60
12 16 30
12 17 40
12 18 60
12 19 80
12 20 40
12 21 30
12 22 30
12 23 60
12 24 80
12 25 80
12 26 40
12 27 40
12 28 30
12 29 40
12 30 80
12 31 60
12 32 30
13 0 80
13 1 40
13 2 30
13 3 40
13 4 80
13 5 60
13 6 30
13 7 30
13 8 60
13 9 40
13 10 60
13 11 30
13 12 40
13 14 80
13 15 40
13 16 40
13 17 60
13 18 80
13 19 40
13 20 40
13 21 40
13 22 30
13 23 30
13 24 30
13 25 30
13 26 60
13 27 60
13 28 40
13 29 40
13 30 80
13 31 30
13 32 80
14 0 80
14 1 60
14 2 80
14 3 30
14 4 80
14 5 30
14 6 60
14 7 80
14 8 30
14 9 60
14 10 40
14 11 40
14 12 80
14 13 40
14 15 80
14 16 30
14 17 40
14 18 60
14 19 30
14 20 40
14 21 30
14 22 40
14 23 80
14 24 60
14 25 30
14 26 80
14 27 40
14 28 60
14 29 40
14 30 40
14 31 80
14 32 40
15 0 40
15 1 30
15 2 80
15 3 60
15 4 40
15 5 80
15 6 60
15 7 30
15 8 60
15 9 60
15 10 30
15 11 40
15 12 30
15 13 60
15 14 60
15 16 80
15 17 30
15 18 40
15 19 80
15 20 40
15 21 30
15 22 30
15 23 80
15 24 60
15 25 60
15 26 80
15 27 30
15 28 40
15 29 40
15 30 60
15 31 40
15 32 60
16 0 40
16 1 60
16 2 80
16 3 30
16 4 60
16 5 40
16 6 40
16 7 30
16 8 60
16 9 80
16 10 40
16 11 80
16 12 60
16 13 80
16 14 30
16 15 40
16 17 40
16 18 80
16 19 30
16 20 40
16 21 60
16 22 80
16 23 40
16 24 60
16 25 60
16 26 60
16 27 80
16 28 80
16 29 30
16 30 80
16 31 30
16 32 30
17 0 60
17 1 40
17 2 40
17 3 40
17 4 30
17 5 80
17 6 80
17 7 40
17 8 60
17 9 60
17 10 80
17 11 60
17 12 40
17 13 30
17 14 80
17 15 40
17 16 30
17 18 80
17 19 30
17 20 30
17 21 40
17 22 30
17 23 60
17 24 80
17 25 60
17 26 80
17 27 80
17 28 40
17 29 60
17 30 60
17 31 40
17 32 40
18 0 40
18 1 60
18 2 40
18 3 80
18 4 40
18 5 40
18 6 60
18 7 40
18 8 30
18 9 40
18 10 60
18 11 30
18 12 30
18 13 80
18 14 40
18 15 30
18 16 40
18 17 60
18 19 60
18 20 80
18 21 60
18 22 60
18 23 30
18 24 60
18 25 80
18 26 80
18 27 30
18 28 40
18 29 30
18 30 80
18 31 30
18 32 80
19 0 60
19 1 80
19 2 40
19 3 30
19 4 60
19 5 30
19 6 40
19 7 80
19 8 30
19 9 60
19 10 60
19 11 80
19 12 30
19 13 30
19 14 30
19 15 30
19 16 80
19 17 80
19 18 30
19 20 40
19 21 60
19 22 60
19 23 60
19 24 30
19 25 40
19 26 80
19 27 40
19 28 40
19 29 30
19 30 40
19 31 30
19 32 80
20 0 40
20 1 30
20 2 80
20 3 30
20 4 60
20 5 80
20 6 80
20 7 80
20 8 80
20 9 60
20 10 60
20 11 40
20 12 40
20 13 30
20 14 60
20 15 60
20 16 30
20 17 80
20 18 60
20 19 30
20 21 60
20 22 40
20 23 40
20 24 30
20 25 30
20 26 80
20 27 80
20 28 60
20 29 60
20 30 40
20 31 40
20 32 40
21 0 80
21 1 30
21 2 30
21 3 40
21 4 80
21 5 40
21 6 40
21 7 40
21 8 40
21 9 30
21 10 30
21 11 80
21 12 30
21 13 60
21 14 40
21 15 80
21 16 30
21 17 40
21 18 40
21 19 30
21 20 60
21 22 40
21 23 40
21 24 60
21 25 80
21 26 80
21 27 30
21 28 30
21 29 30
21 30 30
21 31 30
21 32 80
22 0 30
22 1 40
22 2 40
22 3 80
22 4 60
22 5 80
22 6 80
22 7 80
22 8 60
22 9 80
22 10 60
22 11 80
22 12 80
22 13 40
22 14 80
22 15 80
22 16 30
22 17 80
22 18 60
22 19 30
22 20 40
22 21 80
22 23 80
22 24 80
22 25 80
22 26 40
22 27 60
22 28 40
22 29 40
22 30 80
22 31 30
22 32 30
23 0 40
23 1 30
23 2 30
23 3 30
23 4 30
23 5 30
23 6 40
23 7 30
23 8 30
23 9 40
23 10 60
23 11 40
23 12 40
23 13 40
23 14 30
23 15 80
23 16 60
23 17 60
23 18 40
23 19 60
23 20 40
23 21 60
23 22 80
23 24 40
23 25 40
23 26 80
23 27 40
23 28 40
23 29 40
23 30 40
23 31 60
23 32 60
24 0 40
24 1 60
24 2 30
24 3 60
24 4 40
24 5 80
24 6 30
24 7 60
24 8 80
24 9 30
24 10 40
24 11 60
24 12 60
24 13 60
24 14 30
24 15 60
24 16 60
24 17 30
24 18 80
24 19 30
24 20 80
24 21 40
24 22 40
24 23 80
24 25 80
24 26 60
24 27 60
24 28 40
24 29 80
24 30 60
24 31 30
24 32 30
25 0 40
25 1 40
25 2 80
25 3 60
25 4 40
25 5 30
25 6 60
25 7 40
25 8 40
25 9 40
25 10 30
25 11 30
25 12 30
25 13 60
25 14 60
25 15 60
25 16 80
25 17 30
25 18 60
25 19 30
25 20 80
25 21 40
25 22 60
25 23 30
25 24 80
25 26 30
25 27 40
25 28 30
25 29 40
25 30 30
25 31 80
25 32 80
26 0 60
26 1 40
26 2 80
26 3 60
26 4 40
26 5 80
26 6 40
26 7 80
26 8 80
26 9 40
26 10 40
26 11 80
26 12 30
26 13 30
26 14 40
26 15 60
26 16 80
26 17 30
26 18 60
26 19 30
26 20 80
26 21 40
26 22 30
26 23 60
26 24 80
26 25 80
26 27 80
26 28 40
26 29 80
26 30 60
26 31 60
26 32 80
27 0 60
27 1 60
27 2 80
27 3 80
27 4 40
27 5 80
27 6 40
27 7 80
27 8 30
27 9 40
27 10 40
27 11 40
27 12 80
27 13 30
27 14 60
27 15 40
27 16 60
27 17 40
27 18 40
27 19 30
27 20 30
27 21 60
27 22 80
27 23 40
27 24 60
27 25 80
27 26 60
27 28 80
27 29 80
27 30 80
27 31 60
27 32 40
28 0 60
28 1 80
28 2 60
28 3 80
28 4 40
28 5 40
28 6 30
28 7 40
28 8 60
28 9 80
28 10 80
28 11 80
28 12 80
28 13 60
28 14 60
28 15 60
28 16 60
28 17 30
28 18 80
28 19 30
28 20 60
28 21 40
28 22 30
28 23 40
28 24 80
28 25 40
28 26 30
28 27 40
28 29 60
28 30 30
28 31 60
28 32 80
29 0 60
29 1 30
29 2 30
29 3 40
29 4 80
29 5 80
29 6 80
29 7 80
29 8 30
29 9 80
29 10 80
29 11 30
29 12 80
29 13 40
29 14 60
29 15 60
29 16 60
29 17 40
29 18 40
29 19 60
29 20 80
29 21 60
29 22 80
29 23 40
29 24 30
29 25 40
29 26 40
29 27 40
29 28 80
29 30 30
29 31 60
29 32 30
30 0 80
30 1 30
30 2 30
30 3 40
30 4 40
30 5 40
30 6 60
30 7 40
30 8 30
30 9 80
30 10 40
30 11 30
30 12 80
30 13 30
30 14 40
30 15 80
30 16 40
30 17 30
30 18 30
30 19 40
30 20 30
30 21 80
30 22 80
30 23 30
30 24 60
30 25 60
30 26 80
30 27 40
30 28 60
30 29 80
30 31 30
30 32 80
31 0 40
31 1 80
31 2 40
31 3 40
31 4 30
31 5 60
31 6 40
31 7 30
31 8 40
31 9 40
31 10 80
31 11 30
31 12 80
31 13 60
31 14 80
31 15 80
31 16 30
31 17 60
31 18 40
31 19 30
31 20 30
31 21 40
31 22 60
31 23 80
31 24 40
31 25 60
31 26 60
31 27 80
31 28 30
31 29 30
31 30 40
31 32 40
32 0 60
32 1 30
32 2 30
32 3 40
32 4 60
32 5 60
32 6 30
32 7 30
32 8 60
32 9 30
32 10 60
32 11 30
32 12 40
32 13 30
32 14 40
32 15 60
32 16 80
32 17 80
32 18 40
32 19 40
32 20 60
32 21 40
32 22 30
32 23 60
32 24 80
32 25 60
32 26 60
32 27 80
32 28 60
32 29 40
32 30 40
32 31 60
