NAME C25R2-1
SOURCE Zhang et al. (2018) methodology — reproducible synthetic benchmark
N_CUSTOMERS 25
N_STATIONS 2
VARIANT 1
GRID_MILES 200.0
VEHICLE_CAPACITY 3.0
BATTERY_KWH 110.0
CURB_WEIGHT_KG 2000.0
ALPHA_ARC 0.0981
BETA_VEH 2.11
EFF_D 1.11
EFF_M 1.25
SPEED_SEED 402068214
CUSTOMER_SEED 34925
STATION_SEED 45066

NODES
0 160934.400000 160934.400000 0.000000 depot_start
1 291375.839230 232531.579810 0.088570 customer
2 69758.008948 94404.031361 0.053415 customer
3 231842.506409 49054.090465 0.071722 customer
4 296109.404813 16970.594710 0.070205 customer
5 237771.083871 150341.982879 0.106637 customer
6 227287.819102 70216.849796 0.143420 customer
7 134531.514647 20386.129971 0.071867 customer
8 61672.339304 60959.732571 0.088379 customer
9 125547.643260 41114.813215 0.089038 customer
10 63595.427396 119263.411850 0.100746 customer
11 73093.779095 307167.740324 0.055719 customer
12 284497.777519 140811.943956 0.093161 customer
13 261962.784616 113927.402370 0.099166 customer
14 127657.551300 38513.817993 0.114384 customer
15 53843.166316 84156.789117 0.056121 customer
16 178612.783487 162616.047064 0.078041 customer
17 244838.049906 310858.979664 0.106224 customer
18 59774.099610 265513.517214 0.075684 customer
19 268009.252515 79888.309738 0.052975 customer
20 301016.451440 49573.397868 0.086379 customer
21 61922.997203 217523.355947 0.122089 customer
22 275984.928473 266770.057894 0.089287 customer
23 170110.097947 186800.733792 0.064544 customer
24 183589.356214 224757.096339 0.113734 customer
25 156211.656766 102347.605001 0.134261 customer
26 98549.665367 39455.179886 0.000000 station
27 289440.984125 12525.644108 0.000000 station
28 160934.400000 160934.400000 0.000000 depot_end

SPEEDS
0 1 30
0 2 60
0 3 40
0 4 60
0 5 30
0 6 40
0 7 80
0 8 40
0 9 40
0 10 60
0 11 80
0 12 30
0 13 40
0 14 60
0 15 60
0 16 40
0 17 40
0 18 30
0 19 40
0 20 40
0 21 30
0 22 60
0 23 40
0 24 40
0 25 30
0 26 80
0 27 60
0 28 80
1 0 30
1 2 60
1 3 40
1 4 30
1 5 60
1 6 60
1 7 30
1 8 60
1 9 40
1 10 80
1 11 40
1 12 40
1 13 60
1 14 40
1 15 60
1 16 40
1 17 40
1 18 60
1 19 40
1 20 40
1 21 60
1 22 40
1 23 40
1 24 60
1 25 30
1 26 30
1 27 60
1 28 60
2 0 60
2 1 60
2 3 40
2 4 60
2 5 40
2 6 60
2 7 80
2 8 40
2 9 80
2 10 60
2 11 80
2 12 80
2 13 30
2 14 80
2 15 60
2 16 60
2 17 30
2 18 40
2 19 80
2 20 60
2 21 80
2 22 80
2 23 60
2 24 80
2 25 60
2 26 30
2 27 40
2 28 60
3 0 40
3 1 60
3 2 60
3 4 80
3 5 30
3 6 30
3 7 40
3 8 40
3 9 60
3 10 80
3 11 30
3 12 40
3 13 40
3 14 40
3 15 80
3 16 40
3 17 60
3 18 60
3 19 30
3 20 80
3 21 30
3 22 80
3 23 80
3 24 40
3 25 80
3 26 60
3 27 80
3 28 60
4 0 80
4 1 80
4 2 30
4 3 80
4 5 40
4 6 80
4 7 60
4 8 40
4 9 60
4 10 40
4 11 60
4 12 30
4 13 30
4 14 40
4 15 80
4 16 30
4 17 60
4 18 80
4 19 30
4 20 40
4 21 30
4 22 60
4 23 60
4 24 60
4 25 80
4 26 40
4 27 30
4 28 80
5 0 80
5 1 80
5 2 60
5 3 40
5 4 80
5 6 30
5 7 80
5 8 30
5 9 60
5 10 80
5 11 30
5 12 60
5 13 30
5 14 80
5 15 80
5 16 60
5 17 80
5 18 40
5 19 60
5 20 60
5 21 30
5 22 80
5 23 40
5 24 60
5 25 40
5 26 80
5 27 30
5 28 40
6 0 80
6 1 40
6 2 40
6 3 60
6 4 80
6 5 60
6 7 80
6 8 40
6 9 40
6 10 30
6 11 80
6 12 60
6 13 40
6 14 80
6 15 60
6 16 80
6 17 30
6 18 60
6 19 60
6 20 40
6 21 30
6 22 40
6 23 60
6 24 30
6 25 80
6 26 80
6 27 60
6 28 30
7 0 60
7 1 60
7 2 30
7 3 40
7 4 60
7 5 30
7 6 40
7 8 60
7 9 40
7 10 80
7 11 80
7 12 60
7 13 80
7 14 60
7 15 40
7 16 60
7 17 80
7 18 60
7 19 80
7 20 60
7 21 60
7 22 60
7 23 80
7 24 30
7 25 60
7 26 30
7 27 30
7 28 60
8 0 30
8 1 60
8 2 40
8 3 40
8 4 40
8 5 30
8 6 80
8 7 40
8 9 30
8 10 30
8 11 60
8 12 40
8 13 80
8 14 60
8 15 60
8 16 30
8 17 60
8 18 30
8 19 60
8 20 80
8 21 40
8 22 40
8 23 30
8 24 80
8 25 60
8 26 30
8 27 60
8 28 80
9 0 40
9 1 30
9 2 40
9 3 60
9 4 40
9 5 40
9 6 80
9 7 40
9 8 30
9 10 60
9 11 80
9 12 30
9 13 40
9 14 40
9 15 40
9 16 40
9 17 40
9 18 60
9 19 80
9 20 60
9 21 80
9 22 80
9 23 60
9 24 30
9 25 60
9 26 60
9 27 60
9 28 60
10 0 40
10 1 30
10 2 30
10 3 40
10 4 30
10 5 80
10 6 40
10 7 40
10 8 80
10 9 60
10 11 30
10 12 80
10 13 30
10 14 60
10 15 60
10 16 40
10 17 30
10 18 30
10 19 60
10 20 30
10 21 80
10 22 60
10 23 40
10 24 40
10 25 60
10 26 60
10 27 40
10 28 80
11 0 40
11 1 30
11 2 40
11 3 80
11 4 30
11 5 40
11 6 60
11 7 80
11 8 40
11 9 60
11 10 40
11 12 30
11 13 40
11 14 40
11 15 80
11 16 60
11 17 40
11 18 30
11 19 80
11 20 60
11 21 60
11 22 60
11 23 30
11 24 60
11 25 80
11 26 30
11 27 40
11 28 60
12 0 60
12 1 80
12 2 80
12 3 60
12 4 60
12 5 60
12 6 40
12 7 60
12 8 40
12 9 30
12 10 60
12 11 60
12 13 40
12 14 80
12 15 30
12 16 80
12 17 80
12 18 30
12 19 40
12 20 60
12 21 40
12 22 60
12 23 40
12 24 60
12 25 40
12 26 80
12 27 30
12 28 40
13 0 40
13 1 30
13 2 80
13 3 60
13 4 80
13 5 60
13 6 60
13 7 60
13 8 40
13 9 80
13 10 80
13 11 30
13 12 40
13 14 40
13 15 40
13 16 80
13 17 40
13 18 40
13 19 60
13 20 60
13 21 40
13 22 80
13 23 40
13 24 30
13 25 60
13 26 30
13 27 60
13 28 80
14 0 60
14 1 40
14 2 30
14 3 40
14 4 60
14 5 80
14 6 40
14 7 80
14 8 60
14 9 30
14 10 80
14 11 80
14 12 30
14 13 80
14 15 40
14 16 40
14 17 80
14 18 40
14 19 40
14 20 40
14 21 30
14 22 80
14 23 60
14 24 40
14 25 60
14 26 40
14 27 40
14 28 60
15 0 80
15 1 60
15 2 30
15 3 40
15 4 30
15 5 40
15 6 30
15 7 30
15 8 40
15 9 30
15 10 40
15 11 30
15 12 30
15 13 60
15 14 60
15 16 30
15 17 60
15 18 30
15 19 60
15 20 60
15 21 60
15 22 40
15 23 80
15 24 40
15 25 40
15 26 40
15 27 80
15 28 30
16 0 40
16 1 30
16 2 60
16 3 30
16 4 60
16 5 80
16 6 40
16 7 30
16 8 80
16 9 40
16 10 30
16 11 60
16 12 40
16 13 80
16 14 30
16 15 30
16 17 80
16 18 80
16 19 30
16 20 60
16 21 40
16 22 30
16 23 60
16 24 40
16 25 80
16 26 60
16 27 60
16 28 30
17 0 80
17 1 40
17 2 30
17 3 60
17 4 40
17 5 40
17 6 60
17 7 30
17 8 60
17 9 60
17 10 30
17 11 40
17 12 30
17 13 60
17 14 30
17 15 80
17 16 60
17 18 80
17 19 60
17 20 30
17 21 80
17 22 30
17 23 30
17 24 30
17 25 40
17 26 60
17 27 80
17 28 30
18 0 60
18 1 60
18 2 40
18 3 40
18 4 40
18 5 30
18 6 30
18 7 40
18 8 80
18 9 60
18 10 80
18 11 60
18 12 80
18 13 40
18 14 60
18 15 80
18 16 60
18 17 60
18 19 80
18 20 80
18 21 80
18 22 40
18 23 60
18 24 40
18 25 80
18 26 40
18 27 30
18 28 30
19 0 60
19 1 40
19 2 80
19 3 40
19 4 60
19 5 40
19 6 80
19 7 60
19 8 80
19 9 30
19 10 80
19 11 80
19 12 80
19 13 30
19 14 60
19 15 40
19 16 40
19 17 60
19 18 30
19 20 40
19 21 40
19 22 40
19 23 80
19 24 40
19 25 30
19 26 30
19 27 40
19 28 80
20 0 60
20 1 60
20 2 40
20 3 80
20 4 30
20 5 60
20 6 80
20 7 40
20 8 80
20 9 30
20 10 60
20 11 40
20 12 60
20 13 30
20 14 80
20 15 30
20 16 30
20 17 80
20 18 80
20 19 40
20 21 80
20 22 60
20 23 40
20 24 40
20 25 60
20 26 80
20 27 80
20 28 60
21 0 80
21 1 30
21 2 60
21 3 80
21 4 40
21 5 60
21 6 30
21 7 60
21 8 60
21 9 40
21 10 60
21 11 40
21 12 40
21 13 40
21 14 40
21 15 60
21 16 80
21 17 30
21 18 40
21 19 80
21 20 40
21 22 60
21 23 30
21 24 40
21 25 40
21 26 40
21 27 60
21 28 60
22 0 60
22 1 40
22 2 60
22 3 40
22 4 30
22 5 40
22 6 60
22 7 40
22 8 40
22 9 60
22 10 60
22 11 30
22 12 80
22 13 80
22 14 80
22 15 40
22 16 60
22 17 60
22 18 80
22 19 60
22 20 80
22 21 60
22 23 40
22 24 80
22 25 60
22 26 60
22 27 80
22 28 60
23 0 80
23 1 40
23 2 30
23 3 80
23 4 80
23 5 80
23 6 30
23 7 40
23 8 80
23 9 80
23 10 30
23 11 30
23 12 80
23 13 30
23 14 40
23 15 80
23 16 80
23 17 60
23 18 40
23 19 80
23 20 40
23 21 80
23 22 80
23 24 60
23 25 80
23 26 60
23 27 40
23 28 80
24 0 60
24 1 40
24 2 30
24 3 30
24 4 80
24 5 60
24 6 40
24 7 40
24 8 80
24 9 60
24 10 40
24 11 60
24 12 80
24 13 60
24 14 80
24 15 60
24 16 40
24 17 80
24 18 40
24 19 60
24 20 40
24 21 80
24 22 60
24 23 30
24 25 30
24 26 60
24 27 30
24 28 40
25 0 30
25 1 60
25 2 40
25 3 60
25 4 40
25 5 30
25 6 80
25 7 30
25 8 80
25 9 60
25 10 40
25 11 80
25 12 80
25 13 30
25 14 80
25 15 30
25 16 80
25 17 40
25 18 30
25 19 80
25 20 60
25 21 40
25 22 40
25 23 80
25 24 40
25 26 60
25 27 80
25 28 60
26 0 30
26 1 40
26 2 30
26 3 30
26 4 40
26 5 60
26 6 30
26 7 30
26 8 40
26 9 30
26 10 60
26 11 30
26 12 30
26 13 60
26 14 60
26 15 40
26 16 60
26 17 30
26 18 30
26 19 30
26 20 40
26 21 60
26 22 80
26 23 30
26 24 30
26 25 30
26 27 40
26 28 80
27 0 80
27 1 30
27 2 40
27 3 80
27 4 80
27 5 30
27 6 30
27 7 30
27 8 80
27 9 60
27 10 40
27 11 40
27 12 40
27 13 80
27 14 30
27 15 30
27 16 30
27 17 30
27 18 80
27 19 60
27 20 30
27 21 80
27 22 60
27 23 60
27 24 40
27 25 60
27 26 80
27 28 30
28 0 40
28 1 40
28 2 60
28 3 80
28 4 60
28 5 80
28 6 60
28 7 40
28 8 30
28 9 40
28 10 40
28 11 80
28 12 80
28 13 30
28 14 30
28 15 30
28 16 80
28 17 40
28 18 40
28 19 60
28 20 60
28 21 60
28 22 60
28 23 40
28 24 80
28 25 60
28 26 40
28 27 40
