NAME C25R8-2
SOURCE Zhang et al. (2018) methodology — reproducible synthetic benchmark
N_CUSTOMERS 25
N_STATIONS 8
VARIANT 2
GRID_MILES 200.0
VEHICLE_CAPACITY 3.0
BATTERY_KWH 110.0
CURB_WEIGHT_KG 2000.0
ALPHA_ARC 0.0981
BETA_VEH 2.11
EFF_D 1.11
EFF_M 1.25
SPEED_SEED 402171181
CUSTOMER_SEED 34925
STATION_SEED 45905

NODES
0 160934.400000 160934.400000 0.000000 depot_start
1 291375.839230 232531.579810 0.088570 customer
2 69758.008948 94404.031361 0.053415 customer
3 231842.506409 49054.090465 0.071722 customer
4 296109.404813 16970.594710 0.070205 customer
5 237771.083871 150341.982879 0.106637 customer
6 227287.819102 70216.849796 0.143420 customer
7 134531.514647 20386.129971 0.071867 customer
8 61672.339304 60959.732571 0.088379 customer
9 125547.643260 41114.813215 0.089038 customer
10 63595.427396 119263.411850 0.100746 customer
11 73093.779095 307167.740324 0.055719 customer
12 284497.777519 140811.943956 0.093161 customer
13 261962.784616 113927.402370 0.099166 customer
14 127657.551300 38513.817993 0.114384 customer
15 53843.166316 84156.789117 0.056121 customer
16 178612.783487 162616.047064 0.078041 customer
17 244838.049906 310858.979664 0.106224 customer
18 59774.099610 265513.517214 0.075684 customer
19 268009.252515 79888.309738 0.052975 customer
20 301016.451440 49573.397868 0.086379 customer
21 61922.997203 217523.355947 0.122089 customer
22 275984.928473 266770.057894 0.089287 customer
23 170110.097947 186800.733792 0.064544 customer
24 183589.356214 224757.096339 0.113734 customer
25 156211.656766 102347.605001 0.134261 customer
26 185866.829683 111602.570161 0.000000 station
27 239037.889363 124769.180873 0.000000 station
28 109542.518008 187222.864102 0.000000 station
29 113149.298750 198344.070961 0.000000 station
30 12050.147932 35988.912885 0.000000 station
31 35767.457558 103167.400549 0.000000 station
32 208952.421222 304535.069085 0.000000 station
33 93863.486240 280006.706768 0.000000 station
34 160934.400000 160934.400000 0.000000 depot_end

SPEEDS
0 1 40
0 2 60
0 3 40
0 4 40
0 5 80
0 6 80
0 7 40
0 8 80
0 9 40
0 10 60
0 11 30
0 12 60
0 13 30
0 14 30
0 15 80
0 16 80
0 17 30
0 18 60
0 19 60
0 20 80
0 21 80
0 22 80
0 23 60
0 24 80
0 25 30
0 26 80
0 27 40
0 28 60
0 29 60
0 30 80
0 31 30
0 32 60
0 33 60
0 34 40
1 0 60
1 2 30
1 3 30
1 4 80
1 5 60
1 6 80
1 7 30
1 8 60
1 9 30
1 10 40
1 11 80
1 12 40
1 13 60
1 14 30
1 15 80
1 16 40
1 17 30
1 18 80
1 19 40
1 20 60
1 21 80
1 22 30
1 23 30
1 24 60
1 25 80
1 26 30
1 27 30
1 28 40
1 29 60
1 30 30
1 31 40
1 32 40
1 33 60
1 34 40
2 0 60
2 1 40
2 3 30
2 4 60
2 5 40
2 6 60
2 7 80
2 8 60
2 9 60
2 10 60
2 11 60
2 12 30
2 13 60
2 14 60
2 15 40
2 16 60
2 17 60
2 18 60
2 19 30
2 20 60
2 21 40
2 22 60
2 23 80
2 24 40
2 25 80
2 26 80
2 27 60
2 28 40
2 29 30
2 30 40
2 31 60
2 32 80
2 33 60
2 34 40
3 0 40
3 1 80
3 2 60
3 4 60
3 5 40
3 6 80
3 7 40
3 8 30
3 9 80
3 10 60
3 11 30
3 12 60
3 13 60
3 14 80
3 15 30
3 16 30
3 17 30
3 18 80
3 19 60
3 20 40
3 21 80
3 22 40
3 23 80
3 24 60
3 25 60
3 26 40
3 27 30
3 28 60
3 29 80
3 30 30
3 31 80
3 32 80
3 33 60
3 34 80
4 0 40
4 1 60
4 2 40
4 3 80
4 5 30
4 6 40
4 7 30
4 8 40
4 9 80
4 10 60
4 11 60
4 12 30
4 13 60
4 14 40
4 15 80
4 16 40
4 17 80
4 18 60
4 19 80
4 20 30
4 21 40
4 22 60
4 23 30
4 24 80
4 25 30
4 26 40
4 27 40
4 28 30
4 29 30
4 30 80
4 31 60
4 32 60
4 33 60
4 34 80
5 0 40
5 1 30
5 2 40
5 3 80
5 4 40
5 6 40
5 7 40
5 8 80
5 9 40
5 10 60
5 11 60
5 12 60
5 13 60
5 14 80
5 15 60
5 16 60
5 17 60
5 18 30
5 19 40
5 20 30
5 21 80
5 22 80
5 23 60
5 24 40
5 25 30
5 26 40
5 27 30
5 28 60
5 29 60
5 30 30
5 31 80
5 32 60
5 33 80
5 34 30
6 0 60
6 1 60
6 2 30
6 3 60
6 4 40
6 5 80
6 7 40
6 8 40
6 9 60
6 10 80
6 11 80
6 12 30
6 13 40
6 14 30
6 15 80
6 16 80
6 17 30
6 18 40
6 19 30
6 20 80
6 21 60
6 22 80
6 23 80
6 24 60
6 25 60
6 26 80
6 27 30
6 28 30
6 29 30
6 30 60
6 31 60
6 32 40
6 33 60
6 34 80
7 0 80
7 1 40
7 2 80
7 3 60
7 4 80
7 5 40
7 6 30
7 8 40
7 9 60
7 10 40
7 11 40
7 12 60
7 13 80
7 14 80
7 15 80
7 16 60
7 17 30
7 18 60
7 19 40
7 20 60
7 21 40
7 22 80
7 23 30
7 24 30
7 25 40
7 26 60
7 27 60
7 28 30
7 29 80
7 30 30
7 31 40
7 32 60
7 33 60
7 34 30
8 0 80
8 1 40
8 2 80
8 3 40
8 4 30
8 5 60
8 6 60
8 7 30
8 9 30
8 10 40
8 11 60
8 12 60
8 13 30
8 14 30
8 15 30
8 16 60
8 17 60
8 18 30
8 19 60
8 20 40
8 21 40
8 22 80
8 23 80
8 24 80
8 25 80
8 26 40
8 27 40
8 28 80
8 29 80
8 30 40
8 31 80
8 32 40
8 33 60
8 34 80
9 0 30
9 1 40
9 2 40
9 3 40
9 4 60
9 5 60
9 6 60
9 7 30
9 8 80
9 10 40
9 11 30
9 12 60
9 13 40
9 14 40
9 15 60
9 16 30
9 17 30
9 18 80
9 19 30
9 20 80
9 21 30
9 22 40
9 23 40
9 24 80
9 25 60
9 26 60
9 27 80
9 28 40
9 29 60
9 30 30
9 31 40
9 32 80
9 33 30
9 34 80
10 0 60
10 1 80
10 2 30
10 3 60
10 4 40
10 5 40
10 6 60
10 7 80
10 8 80
10 9 30
10 11 30
10 12 80
10 13 60
10 14 60
10 15 30
10 16 30
10 17 60
10 18 30
10 19 30
10 20 30
10 21 80
10 22 30
10 23 80
10 24 60
10 25 40
10 26 80
10 27 30
10 28 80
10 29 80
10 30 30
10 31 80
10 32 40
10 33 80
10 34 40
11 0 30
11 1 80
11 2 40
11 3 80
11 4 30
11 5 30
11 6 40
11 7 60
11 8 40
11 9 60
11 10 40
11 12 60
11 13 30
11 14 40
11 15 80
11 16 30
11 17 30
11 18 80
11 19 80
11 20 30
11 21 30
11 22 80
11 23 40
11 24 40
11 25 60
11 26 60
11 27 30
11 28 40
11 29 60
11 30 80
11 31 60
11 32 80
11 33 60
11 34 80
12 0 40
12 1 80
12 2 80
12 3 40
12 4 40
12 5 80
12 6 80
12 7 60
12 8 60
12 9 80
12 10 30
12 11 80
12 13 80
12 14 60
12 15 60
12 16 40
12 17 40
12 18 60
12 19 40
12 20 30
12 21 30
12 22 40
12 23 40
12 24 60
12 25 40
12 26 40
12 27 60
12 28 80
12 29 80
12 30 40
12 31 40
12 32 80
12 33 40
12 34 30
13 0 60
13 1 80
13 2 80
13 3 60
13 4 30
13 5 80
13 6 30
13 7 80
13 8 60
13 9 80
13 10 30
13 11 30
13 12 40
13 14 30
13 15 80
13 16 30
13 17 80
13 18 40
13 19 40
13 20 60
13 21 80
13 22 40
13 23 60
13 24 60
13 25 40
13 26 40
13 27 40
13 28 80
13 29 80
13 30 60
13 31 40
13 32 30
13 33 40
13 34 30
14 0 40
14 1 30
14 2 30
14 3 80
14 4 60
14 5 40
14 6 60
14 7 30
14 8 80
14 9 40
14 10 30
14 11 80
14 12 30
14 13 60
14 15 60
14 16 80
14 17 40
14 18 40
14 19 40
14 20 80
14 21 30
14 22 80
14 23 40
14 24 40
14 25 30
14 26 40
14 27 80
14 28 40
14 29 40
14 30 80
14 31 40
14 32 30
14 33 30
14 34 40
15 0 40
15 1 40
15 2 80
15 3 80
15 4 80
15 5 40
15 6 30
15 7 80
15 8 60
15 9 60
15 10 60
15 11 40
15 12 40
15 13 40
15 14 30
15 16 40
15 17 60
15 18 80
15 19 30
15 20 40
15 21 80
15 22 40
15 23 80
15 24 80
15 25 60
15 26 40
15 27 40
15 28 60
15 29 60
15 30 80
15 31 30
15 32 30
15 33 30
15 34 30
16 0 80
16 1 40
16 2 40
16 3 80
16 4 60
16 5 80
16 6 80
16 7 30
16 8 40
16 9 40
16 10 60
16 11 40
16 12 40
16 13 40
16 14 80
16 15 60
16 17 60
16 18 40
16 19 60
16 20 80
16 21 30
16 22 30
16 23 60
16 24 30
16 25 60
16 26 30
16 27 30
16 28 30
16 29 60
16 30 30
16 31 30
16 32 60
16 33 40
16 34 30
17 0 30
17 1 30
17 2 80
17 3 80
17 4 30
17 5 60
17 6 60
17 7 40
17 8 60
17 9 40
17 10 30
17 11 40
17 12 40
17 13 60
17 14 80
17 15 30
17 16 60
17 18 60
17 19 30
17 20 40
17 21 30
17 22 80
17 23 30
17 24 40
17 25 80
17 26 40
17 27 80
17 28 60
17 29 40
17 30 80
17 31 80
17 32 80
17 33 30
17 34 30
18 0 30
18 1 80
18 2 60
18 3 80
18 4 80
18 5 40
18 6 60
18 7 40
18 8 60
18 9 40
18 10 80
18 11 40
18 12 40
18 13 40
18 14 80
18 15 30
18 16 80
18 17 80
18 19 40
18 20 30
18 21 60
18 22 60
18 23 30
18 24 60
18 25 40
18 26 30
18 27 80
18 28 40
18 29 60
18 30 80
18 31 80
18 32 30
18 33 30
18 34 60
19 0 60
19 1 40
19 2 80
19 3 40
19 4 60
19 5 80
19 6 30
19 7 80
19 8 60
19 9 80
19 10 30
19 11 80
19 12 60
19 13 60
19 14 30
19 15 80
19 16 60
19 17 30
19 18 40
19 20 30
19 21 30
19 22 80
19 23 30
19 24 30
19 25 30
19 26 40
19 27 60
19 28 30
19 29 40
19 30 40
19 31 60
19 32 30
19 33 30
19 34 60
20 0 80
20 1 60
20 2 30
20 3 30
20 4 30
20 5 60
20 6 80
20 7 40
20 8 40
20 9 30
20 10 40
20 11 60
20 12 80
20 13 40
20 14 30
20 15 80
20 16 30
20 17 60
20 18 60
20 19 30
20 21 30
20 22 40
20 23 40
20 24 60
20 25 80
20 26 40
20 27 40
20 28 30
20 29 40
20 30 40
20 31 60
20 32 80
20 33 60
20 34 30
21 0 30
21 1 80
21 2 80
21 3 60
21 4 80
21 5 30
21 6 60
21 7 60
21 8 30
21 9 30
21 10 40
21 11 60
21 12 40
21 13 60
21 14 40
21 15 30
21 16 30
21 17 60
21 18 40
21 19 40
21 20 80
21 22 80
21 23 40
21 24 80
21 25 40
21 26 60
21 27 60
21 28 80
21 29 60
21 30 80
21 31 60
21 32 80
21 33 40
21 34 30
22 0 60
22 1 80
22 2 30
22 3 40
22 4 60
22 5 60
22 6 40
22 7 30
22 8 80
22 9 40
22 10 60
22 11 80
22 12 60
22 13 80
22 14 40
22 15 40
22 16 30
22 17 80
22 18 40
22 19 60
22 20 40
22 21 30
22 23 30
22 24 80
22 25 30
22 26 30
22 27 40
22 28 80
22 29 60
22 30 40
22 31 40
22 32 30
22 33 40
22 34 60
23 0 40
23 1 60
23 2 80
23 3 80
23 4 40
23 5 40
23 6 60
23 7 80
23 8 60
23 9 80
23 10 80
23 11 40
23 12 60
23 13 30
23 14 60
23 15 80
23 16 60
23 17 30
23 18 40
23 19 60
23 20 80
23 21 40
23 22 80
23 24 80
23 25 30
23 26 80
23 27 80
23 28 40
23 29 60
23 30 40
23 31 40
23 32 60
23 33 60
23 34 60
24 0 80
24 1 80
24 2 80
24 3 40
24 4 40
24 5 60
24 6 30
24 7 30
24 8 60
24 9 80
24 10 60
24 11 60
24 12 40
24 13 60
24 14 40
24 15 40
24 16 40
24 17 30
24 18 80
24 19 60
24 20 30
24 21 60
24 22 80
24 23 30
24 25 60
24 26 60
24 27 30
24 28 80
24 29 80
24 30 80
24 31 60
24 32 40
24 33 80
24 34 80
25 0 60
25 1 40
25 2 30
25 3 30
25 4 40
25 5 40
25 6 60
25 7 30
25 8 60
25 9 40
25 10 30
25 11 60
25 12 40
25 13 60
25 14 40
25 15 40
25 16 40
25 17 80
25 18 60
25 19 30
25 20 30
25 21 40
25 22 60
25 23 30
25 24 30
25 26 80
25 27 30
25 28 30
25 29 60
25 30 60
25 31 80
25 32 40
25 33 40
25 34 30
26 0 80
26 1 30
26 2 80
26 3 60
26 4 60
26 5 40
26 6 30
26 7 60
26 8 40
26 9 30
26 10 40
26 11 40
26 12 30
26 13 30
26 14 80
26 15 30
26 16 60
26 17 30
26 18 30
26 19 80
26 20 40
26 21 80
26 22 80
26 23 60
26 24 30
26 25 30
26 27 40
26 28 80
26 29 30
26 30 30
26 31 60
26 32 60
26 33 80
26 34 40
27 0 40
27 1 80
27 2 40
27 3 80
27 4 40
27 5 40
27 6 40
27 7 80
27 8 30
27 9 80
27 10 60
27 11 80
27 12 30
27 13 60
27 14 80
27 15 60
27 16 80
27 17 60
27 18 40
27 19 80
27 20 60
27 21 30
27 22 80
27 23 30
27 24 80
27 25 30
27 26 60
27 28 30
27 29 30
27 30 60
27 31 30
27 32 30
27 33 80
27 34 40
28 0 40
28 1 30
28 2 80
28 3 60
28 4 80
28 5 40
28 6 60
28 7 40
28 8 40
28 9 40
28 10 30
28 11 30
28 12 60
28 13 80
28 14 30
28 15 30
28 16 80
28 17 60
28 18 80
28 19 30
28 20 40
28 21 80
28 22 30
28 23 80
28 24 60
28 25 60
28 26 80
28 27 40
28 29 40
28 30 40
28 31 40
28 32 80
28 33 40
28 34 80
29 0 40
29 1 60
29 2 60
29 3 60
29 4 80
29 5 80
29 6 40
29 7 60
29 8 60
29 9 80
29 10 30
29 11 30
29 12 80
29 13 60
29 14 30
29 15 40
29 16 40
29 17 40
29 18 40
29 19 80
29 20 30
29 21 40
29 22 60
29 23 60
29 24 60
29 25 40
29 26 40
29 27 80
29 28 80
29 30 30
29 31 30
29 32 60
29 33 80
29 34 40
30 0 60
30 1 60
30 2 40
30 3 60
30 4 40
30 5 60
30 6 80
30 7 60
30 8 30
30 9 60
30 10 40
30 11 60
30 12 80
30 13 80
30 14 30
30 15 30
30 16 40
30 17 80
30 18 80
30 19 30
30 20 60
30 21 30
30 22 30
30 23 30
30 24 60
30 25 80
30 26 30
30 27 60
30 28 40
30 29 60
30 31 30
30 32 80
30 33 80
30 34 30
31 0 60
31 1 30
31 2 30
31 3 40
31 4 80
31 5 80
31 6 60
31 7 80
31 8 30
31 9 60
31 10 80
31 11 30
31 12 60
31 13 60
31 14 40
31 15 30
31 16 30
31 17 60
31 18 40
31 19 30
31 20 60
31 21 30
31 22 60
31 23 60
31 24 60
31 25 80
31 26 30
31 27 30
31 28 80
31 29 80
31 30 80
31 32 80
31 33 30
31 34 60
32 0 40
32 1 80
32 2 80
32 3 60
32 4 30
32 5 80
32 6 80
32 7 60
32 8 30
32 9 80
32 10 60
32 11 60
32 12 40
32 13 80
32 14 40
32 15 40
32 16 60
32 17 80
32 18 30
32 19 30
32 20 80
32 21 30
32 22 30
32 23 40
32 24 30
32 25 40
32 26 30
32 27 40
32 28 30
32 29 60
32 30 40
32 31 40
32 33 30
32 34 40
33 0 40
33 1 30
33 2 40
33 3 30
33 4 40
33 5 30
33 6 80
33 7 60
33 8 80
33 9 60
33 10 60
33 11 60
33 12 60
33 13 60
33 14 40
33 15 40
33 16 40
33 17 30
33 18 30
33 19 30
33 20 60
33 21 30
33 22 80
33 23 30
33 24 60
33 25 40
33 26 30
33 27 30
33 28 80
33 29 30
33 30 30
33 31 40
33 32 80
33 34 60
34 0 40
34 1 60
34 2 30
34 3 30
34 4 80
34 5 60
34 6 60
34 7 30
34 8 80
34 9 40
34 10 40
34 11 60
34 12 60
34 13 30
34 14 60
34 15 40
34 16 60
34 17 60
34 18 40
34 19 60
34 20 80
34 21 80
34 22 80
34 23 40
34 24 40
34 25 30
34 26 40
34 27 30
34 28 40
34 29 30
34 30 30
34 31 60
34 32 30
34 33 30
