NAME C50R6-1
SOURCE Zhang et al. (2018) methodology — reproducible synthetic benchmark
N_CUSTOMERS 50
N_STATIONS 6
VARIANT 1
GRID_MILES 200.0
VEHICLE_CAPACITY 3.0
BATTERY_KWH 110.0
CURB_WEIGHT_KG 2000.0
ALPHA_ARC 0.0981
BETA_VEH 2.11
EFF_D 1.11
EFF_M 1.25
SPEED_SEED 2998956510
CUSTOMER_SEED 59850
STATION_SEED 70389

NODES
0 160934.400000 160934.400000 0.000000 depot_start
1 186847.138572 39839.552598 0.085313 customer
2 2665.635826 224201.111598 0.065431 customer
3 285652.025200 297277.234926 0.094302 customer
4 251242.037208 314568.677533 0.118913 customer
5 157283.406526 129163.869839 0.077616 customer
6 256829.842764 263225.827141 0.098908 customer
7 306228.615141 197907.042289 0.112597 customer
8 93744.291947 4340.650494 0.099322 customer
9 237721.216137 261324.906181 0.070001 customer
10 128764.422547 31296.457718 0.103697 customer
11 237623.735083 148879.747977 0.128899 customer
12 113390.205045 253623.521541 0.057514 customer
13 250606.382640 212416.396362 0.076665 customer
14 64176.336647 70151.544139 0.060692 customer
15 135076.792039 138466.167171 0.143878 customer
16 294846.915039 253518.044578 0.135892 customer
17 54696.024139 1887.784619 0.121442 customer
18 151287.624413 163066.400690 0.111149 customer
19 229860.652377 165128.876224 0.121738 customer
20 51865.733971 256315.265762 0.083486 customer
21 258461.559547 7248.001147 0.128998 customer
22 206082.857867 207151.591396 0.069880 customer
23 3199.029065 164753.392628 0.071727 customer
24 14718.841775 306551.262819 0.099306 customer
25 287613.960954 269609.577533 0.129319 customer
26 25944.315049 101689.462098 0.076793 customer
27 112611.310912 39537.658080 0.134227 customer
28 228970.231502 218745.148188 0.060099 customer
29 244046.441301 290600.190553 0.085347 customer
30 103464.285277 168285.541998 0.052859 customer
31 164096.685493 29208.328633 0.102661 customer
32 95761.369515 234499.219719 0.116703 customer
33 43401.759236 121470.180803 0.117752 customer
34 280370.331853 295607.825978 0.127538 customer
35 40533.340947 38024.651110 0.064098 customer
36 128357.425101 306227.438341 0.117109 customer
37 101147.748724 120074.217180 0.137011 customer
38 145664.860592 3714.637824 0.085746 customer
39 109155.114772 102815.547907 0.133275 customer
40 242977.374255 298914.322295 0.061584 customer
41 151966.402042 128850.369814 0.107046 customer
42 125417.648204 286475.741975 0.072752 customer
43 264286.417960 81790.513939 0.100019 customer
44 35229.892670 297509.162742 0.148858 customer
45 250985.338659 12821.269419 0.083405 customer
46 125748.897605 199140.768129 0.075190 customer
47 315606.812379 276563.902500 0.120781 customer
48 166927.256643 241190.899152 0.062396 customer
49 215309.755375 137555.133323 0.062304 customer
50 59093.098139 138153.136538 0.079525 customer
51 9814.813844 56342.707702 0.000000 station
52 286404.631168 226638.970899 0.000000 station
53 265123.985856 264976.444418 0.000000 station
54 246034.717670 123975.933557 0.000000 station
55 102173.380817 307959.039254 0.000000 station
56 170870.347348 210024.166442 0.000000 station
57 160934.400000 160934.400000 0.000000 depot_end

SPEEDS
0 1 60
0 2 60
0 3 40
0 4 60
0 5 30
0 6 60
0 7 30
0 8 30
0 9 60
0 10 80
0 11 30
0 12 80
0 13 40
0 14 30
0 15 40
0 16 80
0 17 40
0 18 60
0 19 80
0 20 40
0 21 80
0 22 60
0 23 60
0 24 30
0 25 60
0 26 60
0 27 30
0 28 30
0 29 80
0 30 40
0 31 80
0 32 30
0 33 80
0 34 30
0 35 80
0 36 60
0 37 60
0 38 30
0 39 40
0 40 40
0 41 80
0 42 40
0 43 30
0 44 80
0 45 80
0 46 30
0 47 60
0 48 40
0 49 80
0 50 60
0 51 80
0 52 30
0 53 30
0 54 40
0 55 80
0 56 40
0 57 80
1 0 40
1 2 60
1 3 40
1 4 40
1 5 60
1 6 40
1 7 40
1 8 60
1 9 60
1 10 40
1 11 30
1 12 80
1 13 80
1 14 80
1 15 80
1 16 60
1 17 30
1 18 80
1 19 30
1 20 40
1 21 40
1 22 30
1 23 80
1 24 40
1 25 40
1 26 60
1 27 40
1 28 40
1 29 60
1 30 40
1 31 60
1 32 40
1 33 40
1 34 40
1 35 30
1 36 80
1 37 60
1 38 40
1 39 30
1 40 80
1 41 60
1 42 60
1 43 40
1 44 60
1 45 80
1 46 40
1 47 40
1 48 80
1 49 30
1 50 40
1 51 30
1 52 40
1 53 40
1 54 80
1 55 60
1 56 80
1 57 80
2 0 40
2 1 80
2 3 40
2 4 80
2 5 30
2 6 80
2 7 30
2 8 30
2 9 60
2 10 30
2 11 40
2 12 80
2 13 30
2 14 40
2 15 80
2 16 60
2 17 60
2 18 60
2 19 60
2 20 60
2 21 30
2 22 80
2 23 60
2 24 80
2 25 40
2 26 80
2 27 30
2 28 60
2 29 80
2 30 40
2 31 80
2 32 40
2 33 40
2 34 40
2 35 60
2 36 40
2 37 60
2 38 40
2 39 80
2 40 30
2 41 30
2 42 30
2 43 40
2 44 30
2 45 40
2 46 40
2 47 40
2 48 40
2 49 60
2 50 30
2 51 30
2 52 40
2 53 80
2 54 30
2 55 30
2 56 30
2 57 40
3 0 30
3 1 40
3 2 60
3 4 60
3 5 40
3 6 80
3 7 80
3 8 80
3 9 80
3 10 80
3 11 80
3 12 60
3 13 60
3 14 40
3 15 30
3 16 80
3 17 60
3 18 80
3 19 40
3 20 80
3 21 40
3 22 40
3 23 60
3 24 60
3 25 80
3 26 60
3 27 40
3 28 60
3 29 30
3 30 60
3 31 30
3 32 60
3 33 30
3 34 80
3 35 60
3 36 80
3 37 80
3 38 80
3 39 40
3 40 40
3 41 40
3 42 40
3 43 40
3 44 60
3 45 60
3 46 80
3 47 40
3 48 30
3 49 30
3 50 40
3 51 40
3 52 80
3 53 60
3 54 40
3 55 30
3 56 30
3 57 60
4 0 30
4 1 30
4 2 80
4 3 30
4 5 80
4 6 60
4 7 30
4 8 60
4 9 60
4 10 40
4 11 30
4 12 30
4 13 60
4 14 40
4 15 80
4 16 40
4 17 40
4 18 60
4 19 60
4 20 30
4 21 40
4 22 40
4 23 30
4 24 60
4 25 80
4 26 30
4 27 30
4 28 80
4 29 30
4 30 40
4 31 60
4 32 30
4 33 30
4 34 40
4 35 60
4 36 60
4 37 40
4 38 60
4 39 60
4 40 60
4 41 80
4 42 60
4 43 40
4 44 80
4 45 40
4 46 30
4 47 80
4 48 60
4 49 40
4 50 30
4 51 80
4 52 80
4 53 60
4 54 30
4 55 60
4 56 60
4 57 60
5 0 60
5 1 30
5 2 80
5 3 60
5 4 30
5 6 80
5 7 30
5 8 60
5 9 40
5 10 60
5 11 40
5 12 80
5 13 60
5 14 80
5 15 40
5 16 40
5 17 40
5 18 80
5 19 60
5 20 40
5 21 40
5 22 40
5 23 80
5 24 30
5 25 80
5 26 80
5 27 80
5 28 30
5 29 80
5 30 80
5 31 30
5 32 30
5 33 60
5 34 60
5 35 30
5 36 60
5 37 60
5 38 40
5 39 80
5 40 60
5 41 40
5 42 40
5 43 40
5 44 40
5 45 60
5 46 60
5 47 30
5 48 30
5 49 30
5 50 80
5 51 40
5 52 40
5 53 60
5 54 30
5 55 40
5 56 40
5 57 40
6 0 40
6 1 80
6 2 30
6 3 60
6 4 80
6 5 30
6 7 30
6 8 60
6 9 40
6 10 30
6 11 30
6 12 30
6 13 40
6 14 80
6 15 40
6 16 40
6 17 80
6 18 40
6 19 80
6 20 40
6 21 30
6 22 30
6 23 80
6 24 80
6 25 60
6 26 80
6 27 60
6 28 40
6 29 80
6 30 40
6 31 30
6 32 80
6 33 60
6 34 30
6 35 80
6 36 40
6 37 80
6 38 30
6 39 80
6 40 80
6 41 30
6 42 60
6 43 30
6 44 60
6 45 80
6 46 40
6 47 60
6 48 60
6 49 80
6 50 30
6 51 30
6 52 40
6 53 80
6 54 60
6 55 80
6 56 80
6 57 60
7 0 80
7 1 80
7 2 40
7 3 60
7 4 40
7 5 40
7 6 60
7 8 60
7 9 80
7 10 80
7 11 80
7 12 60
7 13 30
7 14 40
7 15 60
7 16 80
7 17 80
7 18 30
7 19 40
7 20 80
7 21 30
7 22 60
7 23 80
7 24 60
7 25 60
7 26 30
7 27 60
7 28 40
7 29 40
7 30 60
7 31 80
7 32 80
7 33 40
7 34 30
7 35 40
7 36 30
7 37 30
7 38 60
7 39 80
7 40 40
7 41 80
7 42 80
7 43 60
7 44 60
7 45 80
7 46 60
7 47 60
7 48 60
7 49 80
7 50 60
7 51 60
7 52 80
7 53 80
7 54 60
7 55 30
7 56 40
7 57 60
8 0 60
8 1 30
8 2 80
8 3 30
8 4 30
8 5 30
8 6 60
8 7 80
8 9 40
8 10 80
8 11 40
8 12 80
8 13 30
8 14 40
8 15 30
8 16 80
8 17 30
8 18 30
8 19 60
8 20 60
8 21 80
8 22 40
8 23 40
8 24 80
8 25 80
8 26 40
8 27 60
8 28 40
8 29 30
8 30 30
8 31 40
8 32 30
8 33 40
8 34 60
8 35 40
8 36 30
8 37 60
8 38 60
8 39 60
8 40 60
8 41 60
8 42 80
8 43 60
8 44 80
8 45 40
8 46 60
8 47 80
8 48 60
8 49 40
8 50 40
8 51 30
8 52 60
8 53 60
8 54 30
8 55 30
8 56 30
8 57 80
9 0 60
9 1 40
9 2 40
9 3 60
9 4 30
9 5 40
9 6 30
9 7 60
9 8 60
9 10 40
9 11 60
9 12 60
9 13 80
9 14 80
9 15 40
9 16 80
9 17 60
9 18 30
9 19 40
9 20 80
9 21 80
9 22 60
9 23 60
9 24 30
9 25 60
9 26 60
9 27 80
9 28 60
9 29 80
9 30 80
9 31 40
9 32 60
9 33 40
9 34 80
9 35 80
9 36 80
9 37 30
9 38 80
9 39 60
9 40 30
9 41 60
9 42 30
9 43 30
9 44 80
9 45 80
9 46 30
9 47 60
9 48 80
9 49 60
9 50 60
9 51 80
9 52 60
9 53 30
9 54 80
9 55 40
9 56 30
9 57 80
10 0 40
10 1 40
10 2 40
10 3 40
10 4 40
10 5 60
10 6 60
10 7 80
10 8 60
10 9 80
10 11 60
10 12 30
10 13 40
10 14 60
10 15 30
10 16 60
10 17 60
10 18 60
10 19 80
10 20 80
10 21 60
10 22 40
10 23 60
10 24 40
10 25 40
10 26 80
10 27 30
10 28 40
10 29 40
10 30 80
10 31 60
10 32 80
10 33 80
10 34 40
10 35 40
10 36 40
10 37 60
10 38 80
10 39 80
10 40 80
10 41 80
10 42 30
10 43 60
10 44 40
10 45 30
10 46 60
10 47 40
10 48 80
10 49 60
10 50 30
10 51 30
10 52 80
10 53 60
10 54 40
10 55 80
10 56 80
10 57 40
11 0 60
11 1 80
11 2 30
11 3 30
11 4 40
11 5 60
11 6 30
11 7 40
11 8 60
11 9 80
11 10 60
11 12 40
11 13 40
11 14 30
11 15 30
11 16 30
11 17 40
11 18 40
11 19 40
11 20 80
11 21 30
11 22 60
11 23 60
11 24 30
11 25 30
11 26 60
11 27 30
11 28 60
11 29 30
11 30 80
11 31 40
11 32 30
11 33 80
11 34 80
11 35 80
11 36 30
11 37 30
11 38 40
11 39 60
11 40 40
11 41 40
11 42 40
11 43 80
11 44 40
11 45 60
11 46 30
11 47 30
11 48 60
11 49 60
11 50 80
11 51 80
11 52 80
11 53 80
11 54 30
11 55 80
11 56 30
11 57 40
12 0 80
12 1 60
12 2 80
12 3 40
12 4 80
12 5 80
12 6 60
12 7 30
12 8 30
12 9 40
12 10 40
12 11 80
12 13 30
12 14 30
12 15 80
12 16 30
12 17 60
12 18 30
12 19 40
12 20 60
12 21 60
12 22 40
12 23 40
12 24 80
12 25 80
12 26 80
12 27 30
12 28 30
12 29 80
12 30 30
12 31 60
12 32 40
12 33 40
12 34 80
12 35 30
12 36 60
12 37 80
12 38 40
12 39 80
12 40 40
12 41 40
12 42 30
12 43 60
12 44 60
12 45 30
12 46 60
12 47 80
12 48 80
12 49 60
12 50 60
12 51 40
12 52 30
12 53 40
12 54 80
12 55 60
12 56 40
12 57 40
13 0 60
13 1 60
13 2 40
13 3 80
13 4 60
13 5 60
13 6 60
13 7 30
13 8 60
13 9 40
13 10 60
13 11 40
13 12 30
13 14 60
13 15 60
13 16 30
13 17 60
13 18 30
13 19 30
13 20 60
13 21 60
13 22 40
13 23 40
13 24 30
13 25 30
13 26 40
13 27 80
13 28 30
13 29 40
13 30 80
13 31 40
13 32 80
13 33 80
13 34 80
13 35 60
13 36 40
13 37 60
13 38 80
13 39 80
13 40 80
13 41 30
13 42 60
13 43 40
13 44 30
13 45 30
13 46 60
13 47 30
13 48 60
13 49 80
13 50 30
13 51 30
13 52 80
13 53 80
13 54 80
13 55 80
13 56 60
13 57 60
14 0 60
14 1 80
14 2 60
14 3 60
14 4 30
14 5 80
14 6 80
14 7 80
14 8 40
14 9 80
14 10 60
14 11 30
14 12 60
14 13 40
14 15 30
14 16 40
14 17 40
14 18 40
14 19 40
14 20 30
14 21 30
14 22 60
14 23 60
14 24 30
14 25 40
14 26 60
14 27 80
14 28 30
14 29 60
14 30 40
14 31 40
14 32 80
14 33 80
14 34 40
14 35 80
14 36 40
14 37 40
14 38 80
14 39 30
14 40 60
14 41 60
14 42 40
14 43 60
14 44 40
14 45 80
14 46 80
14 47 80
14 48 80
14 49 60
14 50 60
14 51 40
14 52 40
14 53 60
14 54 30
14 55 60
14 56 30
14 57 30
15 0 40
15 1 60
15 2 60
15 3 40
15 4 80
15 5 40
15 6 80
15 7 80
15 8 60
15 9 80
15 10 40
15 11 30
15 12 60
15 13 60
15 14 60
15 16 30
15 17 30
15 18 40
15 19 80
15 20 40
15 21 40
15 22 60
15 23 60
15 24 80
15 25 80
15 26 80
15 27 80
15 28 30
15 29 60
15 30 80
15 31 80
15 32 40
15 33 80
15 34 60
15 35 80
15 36 30
15 37 60
15 38 60
15 39 80
15 40 30
15 41 80
15 42 30
15 43 80
15 44 60
15 45 40
15 46 80
15 47 80
15 48 40
15 49 80
15 50 80
15 51 30
15 52 30
15 53 40
15 54 80
15 55 30
15 56 80
15 57 30
16 0 60
16 1 40
16 2 80
16 3 30
16 4 80
16 5 60
16 6 80
16 7 30
16 8 60
16 9 30
16 10 30
16 11 40
16 12 30
16 13 40
16 14 80
16 15 30
16 17 80
16 18 60
16 19 60
16 20 80
16 21 60
16 22 40
16 23 40
16 24 30
16 25 60
16 26 80
16 27 30
16 28 80
16 29 80
16 30 40
16 31 60
16 32 80
16 33 30
16 34 60
16 35 80
16 36 40
16 37 30
16 38 80
16 39 80
16 40 60
16 41 30
16 42 40
16 43 30
16 44 60
16 45 60
16 46 80
16 47 40
16 48 40
16 49 30
16 50 60
16 51 60
16 52 30
16 53 30
16 54 80
16 55 60
16 56 40
16 57 80
17 0 40
17 1 30
17 2 30
17 3 30
17 4 40
17 5 80
17 6 80
17 7 60
17 8 60
17 9 80
17 10 30
17 11 80
17 12 60
17 13 40
17 14 60
17 15 60
17 16 30
17 18 30
17 19 60
17 20 60
17 21 40
17 22 30
17 23 40
17 24 40
17 25 30
17 26 60
17 27 30
17 28 60
17 29 40
17 30 80
17 31 40
17 32 80
17 33 80
17 34 30
17 35 40
17 36 80
17 37 40
17 38 40
17 39 80
17 40 30
17 41 40
17 42 40
17 43 80
17 44 40
17 45 80
17 46 30
17 47 30
17 48 40
17 49 60
17 50 60
17 51 40
17 52 40
17 53 40
17 54 80
17 55 80
17 56 80
17 57 40
18 0 30
18 1 60
18 2 60
18 3 30
18 4 40
18 5 30
18 6 80
18 7 60
18 8 60
18 9 30
18 10 30
18 11 60
18 12 30
18 13 40
18 14 30
18 15 80
18 16 30
18 17 80
18 19 40
18 20 60
18 21 40
18 22 80
18 23 60
18 24 30
18 25 40
18 26 80
18 27 80
18 28 30
18 29 60
18 30 60
18 31 40
18 32 40
18 33 30
18 34 40
18 35 60
18 36 30
18 37 80
18 38 60
18 39 40
18 40 40
18 41 60
18 42 40
18 43 40
18 44 60
18 45 30
18 46 80
18 47 80
18 48 40
18 49 60
18 50 40
18 51 40
18 52 30
18 53 40
18 54 40
18 55 60
18 56 40
18 57 30
19 0 30
19 1 60
19 2 60
19 3 80
19 4 40
19 5 60
19 6 60
19 7 60
19 8 80
19 9 60
19 10 80
19 11 30
19 12 30
19 13 60
19 14 30
19 15 40
19 16 80
19 17 30
19 18 60
19 20 40
19 21 60
19 22 30
19 23 60
19 24 80
19 25 60
19 26 80
19 27 40
19 28 60
19 29 40
19 30 80
19 31 60
19 32 80
19 33 60
19 34 30
19 35 30
19 36 60
19 37 30
19 38 60
19 39 40
19 40 30
19 41 60
19 42 30
19 43 60
19 44 60
19 45 80
19 46 60
19 47 30
19 48 40
19 49 40
19 50 80
19 51 80
19 52 40
19 53 30
19 54 60
19 55 30
19 56 30
19 57 60
20 0 40
20 1 60
20 2 30
20 3 40
20 4 60
20 5 80
20 6 60
20 7 80
20 8 30
20 9 40
20 10 60
20 11 80
20 12 80
20 13 40
20 14 40
20 15 40
20 16 60
20 17 60
20 18 80
20 19 60
20 21 60
20 22 60
20 23 80
20 24 80
20 25 30
20 26 60
20 27 30
20 28 30
20 29 30
20 30 30
20 31 40
20 32 80
20 33 80
20 34 60
20 35 40
20 36 60
20 37 80
20 38 60
20 39 60
20 40 40
20 41 40
20 42 80
20 43 40
20 44 80
20 45 40
20 46 40
20 47 30
20 48 80
20 49 30
20 50 60
20 51 80
20 52 40
20 53 40
20 54 40
20 55 30
20 56 30
20 57 80
21 0 40
21 1 80
21 2 40
21 3 40
21 4 60
21 5 30
21 6 60
21 7 60
21 8 30
21 9 40
21 10 80
21 11 60
21 12 30
21 13 60
21 14 30
21 15 30
21 16 40
21 17 40
21 18 40
21 19 40
21 20 40
21 22 40
21 23 30
21 24 80
21 25 40
21 26 60
21 27 60
21 28 60
21 29 80
21 30 80
21 31 40
21 32 30
21 33 80
21 34 60
21 35 40
21 36 60
21 37 40
21 38 60
21 39 40
21 40 80
21 41 40
21 42 80
21 43 80
21 44 80
21 45 80
21 46 60
21 47 80
21 48 60
21 49 40
21 50 80
21 51 30
21 52 30
21 53 40
21 54 60
21 55 80
21 56 80
21 57 80
22 0 80
22 1 60
22 2 30
22 3 80
22 4 60
22 5 30
22 6 40
22 7 40
22 8 30
22 9 80
22 10 30
22 11 30
22 12 80
22 13 40
22 14 80
22 15 80
22 16 40
22 17 60
22 18 30
22 19 40
22 20 80
22 21 40
22 23 80
22 24 30
22 25 30
22 26 40
22 27 80
22 28 30
22 29 30
22 30 80
22 31 80
22 32 80
22 33 80
22 34 30
22 35 40
22 36 60
22 37 40
22 38 40
22 39 80
22 40 80
22 41 80
22 42 30
22 43 60
22 44 30
22 45 30
22 46 30
22 47 40
22 48 80
22 49 30
22 50 80
22 51 40
22 52 60
22 53 80
22 54 30
22 55 60
22 56 30
22 57 40
23 0 40
23 1 30
23 2 80
23 3 80
23 4 40
23 5 40
23 6 40
23 7 40
23 8 80
23 9 80
23 10 80
23 11 40
23 12 40
23 13 30
23 14 60
23 15 40
23 16 40
23 17 80
23 18 40
23 19 80
23 20 40
23 21 40
23 22 30
23 24 40
23 25 80
23 26 40
23 27 60
23 28 80
23 29 30
23 30 80
23 31 60
23 32 80
23 33 80
23 34 40
23 35 80
23 36 30
23 37 30
23 38 80
23 39 30
23 40 40
23 41 80
23 42 30
23 43 40
23 44 40
23 45 80
23 46 30
23 47 60
23 48 80
23 49 80
23 50 60
23 51 60
23 52 30
23 53 80
23 54 30
23 55 80
23 56 30
23 57 60
24 0 30
24 1 60
24 2 30
24 3 80
24 4 30
24 5 60
24 6 40
24 7 80
24 8 60
24 9 30
24 10 60
24 11 30
24 12 30
24 13 40
24 14 30
24 15 30
24 16 60
24 17 60
24 18 30
24 19 40
24 20 80
24 21 80
24 22 40
24 23 40
24 25 30
24 26 80
24 27 30
24 28 40
24 29 30
24 30 60
24 31 40
24 32 60
24 33 60
24 34 60
24 35 80
24 36 40
24 37 60
24 38 40
24 39 30
24 40 30
24 41 30
24 42 30
24 43 40
24 44 60
24 45 40
24 46 60
24 47 60
24 48 60
24 49 60
24 50 30
24 51 80
24 52 60
24 53 80
24 54 40
24 55 30
24 56 60
24 57 40
25 0 40
25 1 40
25 2 30
25 3 40
25 4 40
25 5 30
25 6 30
25 7 30
25 8 80
25 9 80
25 10 40
25 11 80
25 12 40
25 13 60
25 14 40
25 15 30
25 16 40
25 17 40
25 18 40
25 19 30
25 20 60
25 21 60
25 22 40
25 23 30
25 24 60
25 26 40
25 27 30
25 28 80
25 29 40
25 30 60
25 31 40
25 32 30
25 33 40
25 34 80
25 35 60
25 36 60
25 37 60
25 38 80
25 39 40
25 40 30
25 41 40
25 42 40
25 43 60
25 44 60
25 45 40
25 46 30
25 47 60
25 48 60
25 49 80
25 50 40
25 51 30
25 52 40
25 53 40
25 54 40
25 55 80
25 56 40
25 57 30
26 0 40
26 1 60
26 2 40
26 3 80
26 4 60
26 5 60
26 6 30
26 7 60
26 8 80
26 9 80
26 10 40
26 11 30
26 12 40
26 13 80
26 14 80
26 15 80
26 16 40
26 17 60
26 18 30
26 19 60
26 20 30
26 21 40
26 22 30
26 23 80
26 24 80
26 25 40
26 27 60
26 28 30
26 29 60
26 30 80
26 31 60
26 32 80
26 33 60
26 34 60
26 35 30
26 36 30
26 37 40
26 38 80
26 39 30
26 40 30
26 41 30
26 42 30
26 43 40
26 44 80
26 45 30
26 46 60
26 47 40
26 48 30
26 49 30
26 50 60
26 51 30
26 52 40
26 53 60
26 54 40
26 55 40
26 56 80
26 57 80
27 0 30
27 1 80
27 2 60
27 3 60
27 4 80
27 5 80
27 6 40
27 7 40
27 8 80
27 9 60
27 10 40
27 11 60
27 12 80
27 13 60
27 14 30
27 15 80
27 16 80
27 17 30
27 18 30
27 19 30
27 20 80
27 21 40
27 22 30
27 23 80
27 24 60
27 25 30
27 26 80
27 28 40
27 29 30
27 30 40
27 31 60
27 32 30
27 33 80
27 34 80
27 35 40
27 36 80
27 37 80
27 38 80
27 39 40
27 40 40
27 41 60
27 42 30
27 43 40
27 44 60
27 45 40
27 46 80
27 47 60
27 48 30
27 49 60
27 50 40
27 51 40
27 52 80
27 53 40
27 54 30
27 55 60
27 56 60
27 57 40
28 0 40
28 1 80
28 2 80
28 3 80
28 4 40
28 5 40
28 6 60
28 7 60
28 8 30
28 9 80
28 10 30
28 11 30
28 12 40
28 13 80
28 14 40
28 15 60
28 16 80
28 17 40
28 18 60
28 19 40
28 20 60
28 21 80
28 22 60
28 23 80
28 24 60
28 25 40
28 26 80
28 27 60
28 29 30
28 30 40
28 31 60
28 32 60
28 33 30
28 34 60
28 35 30
28 36 80
28 37 80
28 38 80
28 39 80
28 40 30
28 41 40
28 42 80
28 43 30
28 44 60
28 45 80
28 46 80
28 47 40
28 48 40
28 49 30
28 50 30
28 51 80
28 52 60
28 53 60
28 54 30
28 55 40
28 56 30
28 57 80
29 0 80
29 1 30
29 2 30
29 3 60
29 4 30
29 5 30
29 6 30
29 7 40
29 8 30
29 9 30
29 10 30
29 11 40
29 12 40
29 13 40
29 14 30
29 15 40
29 16 30
29 17 80
29 18 40
29 19 80
29 20 60
29 21 30
29 22 60
29 23 40
29 24 60
29 25 60
29 26 40
29 27 40
29 28 40
29 30 40
29 31 80
29 32 60
29 33 40
29 34 30
29 35 80
29 36 30
29 37 40
29 38 40
29 39 60
29 40 30
29 41 80
29 42 30
29 43 40
29 44 80
29 45 60
29 46 60
29 47 40
29 48 40
29 49 80
29 50 60
29 51 30
29 52 40
29 53 30
29 54 80
29 55 40
29 56 80
29 57 40
30 0 80
30 1 60
30 2 40
30 3 40
30 4 60
30 5 40
30 6 60
30 7 80
30 8 30
30 9 80
30 10 60
30 11 30
30 12 80
30 13 30
30 14 80
30 15 30
30 16 80
30 17 60
30 18 80
30 19 80
30 20 60
30 21 60
30 22 80
30 23 80
30 24 30
30 25 30
30 26 80
30 27 30
30 28 80
30 29 60
30 31 40
30 32 30
30 33 80
30 34 40
30 35 60
30 36 80
30 37 40
30 38 30
30 39 80
30 40 80
30 41 80
30 42 30
30 43 60
30 44 80
30 45 60
30 46 30
30 47 30
30 48 40
30 49 30
30 50 80
30 51 80
30 52 30
30 53 40
30 54 80
30 55 30
30 56 80
30 57 80
31 0 60
31 1 60
31 2 40
31 3 80
31 4 30
31 5 80
31 6 80
31 7 30
31 8 40
31 9 40
31 10 30
31 11 80
31 12 30
31 13 40
31 14 40
31 15 40
31 16 60
31 17 30
31 18 40
31 19 60
31 20 40
31 21 40
31 22 30
31 23 80
31 24 40
31 25 80
31 26 80
31 27 80
31 28 80
31 29 60
31 30 40
31 32 60
31 33 80
31 34 40
31 35 40
31 36 80
31 37 80
31 38 40
31 39 40
31 40 30
31 41 60
31 42 30
31 43 30
31 44 60
31 45 80
31 46 40
31 47 30
31 48 40
31 49 80
31 50 80
31 51 60
31 52 40
31 53 80
31 54 80
31 55 40
31 56 60
31 57 40
32 0 40
32 1 40
32 2 40
32 3 60
32 4 30
32 5 80
32 6 60
32 7 60
32 8 80
32 9 80
32 10 60
32 11 30
32 12 30
32 13 60
32 14 60
32 15 30
32 16 40
32 17 80
32 18 60
32 19 80
32 20 60
32 21 40
32 22 80
32 23 30
32 24 80
32 25 40
32 26 40
32 27 30
32 28 80
32 29 40
32 30 40
32 31 30
32 33 40
32 34 80
32 35 80
32 36 80
32 37 40
32 38 80
32 39 30
32 40 30
32 41 80
32 42 60
32 43 40
32 44 80
32 45 40
32 46 60
32 47 40
32 48 30
32 49 30
32 50 60
32 51 30
32 52 60
32 53 40
32 54 40
32 55 60
32 56 80
32 57 80
33 0 40
33 1 40
33 2 80
33 3 80
33 4 60
33 5 30
33 6 40
33 7 60
33 8 60
33 9 60
33 10 60
33 11 80
33 12 30
33 13 80
33 14 60
33 15 60
33 16 40
33 17 30
33 18 60
33 19 30
33 20 80
33 21 60
33 22 60
33 23 30
33 24 80
33 25 40
33 26 60
33 27 30
33 28 60
33 29 30
33 30 60
33 31 80
33 32 30
33 34 30
33 35 30
33 36 30
33 37 80
33 38 60
33 39 30
33 40 40
33 41 80
33 42 40
33 43 80
33 44 40
33 45 30
33 46 30
33 47 80
33 48 40
33 49 80
33 50 30
33 51 60
33 52 60
33 53 60
33 54 60
33 55 60
33 56 80
33 57 80
34 0 40
34 1 30
34 2 40
34 3 60
34 4 30
34 5 30
34 6 80
34 7 40
34 8 40
34 9 60
34 10 40
34 11 30
34 12 30
34 13 40
34 14 60
34 15 30
34 16 80
34 17 80
34 18 30
34 19 40
34 20 60
34 21 80
34 22 60
34 23 30
34 24 40
34 25 30
34 26 30
34 27 40
34 28 40
34 29 80
34 30 60
34 31 60
34 32 80
34 33 80
34 35 60
34 36 80
34 37 60
34 38 80
34 39 60
34 40 40
34 41 60
34 42 30
34 43 30
34 44 60
34 45 30
34 46 80
34 47 30
34 48 60
34 49 30
34 50 60
34 51 80
34 52 60
34 53 40
34 54 60
34 55 60
34 56 80
34 57 60
35 0 60
35 1 30
35 2 40
35 3 60
35 4 60
35 5 80
35 6 60
35 7 80
35 8 60
35 9 80
35 10 40
35 11 80
35 12 40
35 13 80
35 14 40
35 15 40
35 16 30
35 17 30
35 18 30
35 19 30
35 20 80
35 21 40
35 22 80
35 23 60
35 24 40
35 25 80
35 26 40
35 27 80
35 28 60
35 29 80
35 30 40
35 31 60
35 32 60
35 33 80
35 34 60
35 36 80
35 37 60
35 38 30
35 39 80
35 40 40
35 41 80
35 42 30
35 43 60
35 44 40
35 45 30
35 46 60
35 47 60
35 48 60
35 49 40
35 50 80
35 51 40
35 52 30
35 53 30
35 54 30
35 55 30
35 56 80
35 57 60
36 0 60
36 1 80
36 2 60
36 3 40
36 4 30
36 5 30
36 6 60
36 7 80
36 8 30
36 9 60
36 10 80
36 11 30
36 12 60
36 13 60
36 14 80
36 15 40
36 16 80
36 17 30
36 18 30
36 19 80
36 20 30
36 21 80
36 22 80
36 23 80
36 24 80
36 25 40
36 26 80
36 27 80
36 28 30
36 29 40
36 30 30
36 31 80
36 32 80
36 33 60
36 34 30
36 35 40
36 37 30
36 38 30
36 39 30
36 40 60
36 41 80
36 42 60
36 43 80
36 44 30
36 45 60
36 46 30
36 47 30
36 48 80
36 49 30
36 50 60
36 51 30
36 52 40
36 53 60
36 54 30
36 55 60
36 56 80
36 57 80
37 0 30
37 1 40
37 2 40
37 3 80
37 4 80
37 5 80
37 6 30
37 7 40
37 8 40
37 9 80
37 10 80
37 11 40
37 12 60
37 13 30
37 14 80
37 15 60
37 16 30
37 17 30
37 18 60
37 19 30
37 20 60
37 21 30
37 22 80
37 23 40
37 24 30
37 25 40
37 26 40
37 27 60
37 28 60
37 29 30
37 30 30
37 31 80
37 32 60
37 33 30
37 34 30
37 35 40
37 36 80
37 38 40
37 39 30
37 40 30
37 41 80
37 42 30
37 43 40
37 44 80
37 45 30
37 46 30
37 47 80
37 48 40
37 49 60
37 50 80
37 51 60
37 52 60
37 53 80
37 54 40
37 55 30
37 56 40
37 57 60
38 0 80
38 1 60
38 2 40
38 3 40
38 4 60
38 5 40
38 6 30
38 7 40
38 8 30
38 9 40
38 10 40
38 11 60
38 12 80
38 13 60
38 14 30
38 15 80
38 16 60
38 17 60
38 18 80
38 19 30
38 20 30
38 21 30
38 22 40
38 23 40
38 24 30
38 25 60
38 26 60
38 27 60
38 28 80
38 29 40
38 30 40
38 31 40
38 32 60
38 33 60
38 34 80
38 35 80
38 36 60
38 37 80
38 39 30
38 40 40
38 41 60
38 42 30
38 43 60
38 44 40
38 45 80
38 46 80
38 47 80
38 48 80
38 49 40
38 50 60
38 51 40
38 52 60
38 53 40
38 54 80
38 55 80
38 56 30
38 57 80
39 0 30
39 1 80
39 2 60
39 3 40
39 4 60
39 5 80
39 6 40
39 7 60
39 8 60
39 9 40
39 10 40
39 11 80
39 12 30
39 13 60
39 14 40
39 15 80
39 16 30
39 17 30
39 18 80
39 19 80
39 20 40
39 21 80
39 22 30
39 23 30
39 24 60
39 25 80
39 26 30
39 27 30
39 28 30
39 29 80
39 30 60
39 31 60
39 32 30
39 33 30
39 34 40
39 35 40
39 36 30
39 37 60
39 38 60
39 40 60
39 41 60
39 42 30
39 43 40
39 44 80
39 45 80
39 46 40
39 47 40
39 48 40
39 49 30
39 50 80
39 51 80
39 52 60
39 53 60
39 54 60
39 55 80
39 56 80
39 57 60
40 0 80
40 1 80
40 2 40
40 3 80
40 4 40
40 5 30
40 6 30
40 7 60
40 8 40
40 9 30
40 10 80
40 11 30
40 12 40
40 13 30
40 14 80
40 15 60
40 16 80
40 17 60
40 18 30
40 19 80
40 20 80
40 21 40
40 22 80
40 23 30
40 24 30
40 25 80
40 26 60
40 27 40
40 28 80
40 29 60
40 30 40
40 31 40
40 32 80
40 33 60
40 34 40
40 35 80
40 36 60
40 37 40
40 38 30
40 39 30
40 41 40
40 42 80
40 43 80
40 44 30
40 45 40
40 46 60
40 47 60
40 48 30
40 49 40
40 50 30
40 51 80
40 52 40
40 53 60
40 54 40
40 55 30
40 56 80
40 57 60
41 0 60
41 1 40
41 2 80
41 3 30
41 4 30
41 5 60
41 6 30
41 7 60
41 8 30
41 9 30
41 10 40
41 11 30
41 12 40
41 13 40
41 14 40
41 15 30
41 16 80
41 17 40
41 18 40
41 19 60
41 20 30
41 21 30
41 22 30
41 23 30
41 24 30
41 25 40
41 26 60
41 27 80
41 28 80
41 29 80
41 30 60
41 31 60
41 32 80
41 33 30
41 34 30
41 35 30
41 36 30
41 37 80
41 38 30
41 39 40
41 40 80
41 42 80
41 43 30
41 44 80
41 45 40
41 46 80
41 47 30
41 48 30
41 49 60
41 50 80
41 51 60
41 52 30
41 53 60
41 54 80
41 55 80
41 56 30
41 57 40
42 0 80
42 1 30
42 2 80
42 3 30
42 4 40
42 5 30
42 6 40
42 7 80
42 8 80
42 9 30
42 10 60
42 11 30
42 12 30
42 13 30
42 14 80
42 15 80
42 16 60
42 17 80
42 18 30
42 19 30
42 20 30
42 21 40
42 22 30
42 23 60
42 24 30
42 25 60
42 26 60
42 27 60
42 28 60
42 29 80
42 30 30
42 31 40
42 32 80
42 33 30
42 34 30
42 35 80
42 36 60
42 37 30
42 38 60
42 39 80
42 40 40
42 41 80
42 43 60
42 44 60
42 45 60
42 46 40
42 47 40
42 48 60
42 49 60
42 50 40
42 51 40
42 52 60
42 53 40
42 54 60
42 55 80
42 56 60
42 57 80
43 0 60
43 1 40
43 2 80
43 3 80
43 4 80
43 5 80
43 6 60
43 7 60
43 8 80
43 9 40
43 10 40
43 11 30
43 12 30
43 13 80
43 14 60
43 15 60
43 16 60
43 17 60
43 18 40
43 19 60
43 20 60
43 21 30
43 22 60
43 23 30
43 24 60
43 25 40
43 26 60
43 27 60
43 28 40
43 29 30
43 30 30
43 31 30
43 32 40
43 33 30
43 34 40
43 35 60
43 36 40
43 37 40
43 38 40
43 39 40
43 40 60
43 41 60
43 42 80
43 44 40
43 45 30
43 46 60
43 47 60
43 48 30
43 49 60
43 50 40
43 51 40
43 52 60
43 53 80
43 54 40
43 55 80
43 56 60
43 57 60
44 0 80
44 1 40
44 2 30
44 3 30
44 4 30
44 5 80
44 6 40
44 7 40
44 8 30
44 9 60
44 10 60
44 11 80
44 12 40
44 13 80
44 14 40
44 15 30
44 16 30
44 17 40
44 18 40
44 19 40
44 20 60
44 21 80
44 22 60
44 23 80
44 24 30
44 25 60
44 26 60
44 27 80
44 28 30
44 29 30
44 30 40
44 31 40
44 32 60
44 33 60
44 34 40
44 35 40
44 36 30
44 37 60
44 38 80
44 39 40
44 40 40
44 41 80
44 42 30
44 43 60
44 45 40
44 46 80
44 47 60
44 48 60
44 49 30
44 50 30
44 51 40
44 52 40
44 53 80
44 54 60
44 55 30
44 56 80
44 57 60
45 0 60
45 1 80
45 2 80
45 3 30
45 4 80
45 5 40
45 6 30
45 7 60
45 8 40
45 9 40
45 10 30
45 11 60
45 12 80
45 13 30
45 14 40
45 15 80
45 16 40
45 17 40
45 18 40
45 19 80
45 20 40
45 21 40
45 22 80
45 23 30
45 24 30
45 25 30
45 26 40
45 27 40
45 28 40
45 29 40
45 30 40
45 31 40
45 32 60
45 33 60
45 34 60
45 35 60
45 36 80
45 37 80
45 38 40
45 39 40
45 40 30
45 41 60
45 42 40
45 43 40
45 44 60
45 46 60
45 47 40
45 48 30
45 49 60
45 50 80
45 51 40
45 52 80
45 53 60
45 54 40
45 55 40
45 56 40
45 57 30
46 0 80
46 1 60
46 2 60
46 3 80
46 4 80
46 5 60
46 6 80
46 7 30
46 8 80
46 9 60
46 10 80
46 11 40
46 12 60
46 13 40
46 14 80
46 15 40
46 16 80
46 17 40
46 18 60
46 19 40
46 20 80
46 21 60
46 22 30
46 23 30
46 24 40
46 25 40
46 26 60
46 27 60
46 28 60
46 29 40
46 30 60
46 31 40
46 32 30
46 33 80
46 34 60
46 35 30
46 36 30
46 37 30
46 38 40
46 39 80
46 40 80
46 41 60
46 42 60
46 43 80
46 44 80
46 45 80
46 47 60
46 48 30
46 49 30
46 50 80
46 51 80
46 52 80
46 53 40
46 54 40
46 55 60
46 56 40
46 57 30
47 0 80
47 1 60
47 2 30
47 3 40
47 4 80
47 5 80
47 6 80
47 7 80
47 8 60
47 9 80
47 10 40
47 11 80
47 12 40
47 13 60
47 14 30
47 15 30
47 16 80
47 17 60
47 18 60
47 19 30
47 20 60
47 21 80
47 22 40
47 23 40
47 24 60
47 25 80
47 26 40
47 27 60
47 28 60
47 29 80
47 30 80
47 31 30
47 32 40
47 33 80
47 34 30
47 35 60
47 36 60
47 37 30
47 38 40
47 39 40
47 40 40
47 41 60
47 42 40
47 43 30
47 44 30
47 45 40
47 46 80
47 48 80
47 49 60
47 50 30
47 51 60
47 52 40
47 53 80
47 54 40
47 55 30
47 56 30
47 57 40
48 0 30
48 1 80
48 2 30
48 3 30
48 4 30
48 5 30
48 6 40
48 7 40
48 8 30
48 9 30
48 10 80
48 11 80
48 12 30
48 13 60
48 14 80
48 15 80
48 16 80
48 17 80
48 18 40
48 19 40
48 20 30
48 21 80
48 22 80
48 23 80
48 24 80
48 25 80
48 26 30
48 27 30
48 28 80
48 29 80
48 30 30
48 31 80
48 32 80
48 33 80
48 34 80
48 35 30
48 36 60
48 37 30
48 38 80
48 39 60
48 40 30
48 41 60
48 42 30
48 43 80
48 44 80
48 45 80
48 46 60
48 47 30
48 49 40
48 50 80
48 51 80
48 52 30
48 53 60
48 54 40
48 55 40
48 56 30
48 57 60
49 0 40
49 1 30
49 2 30
49 3 80
49 4 80
49 5 40
49 6 30
49 7 60
49 8 30
49 9 60
49 10 40
49 11 30
49 12 80
49 13 60
49 14 80
49 15 80
49 16 60
49 17 30
49 18 40
49 19 40
49 20 60
49 21 60
49 22 40
49 23 80
49 24 80
49 25 80
49 26 80
49 27 80
49 28 80
49 29 80
49 30 40
49 31 60
49 32 40
49 33 60
49 34 80
49 35 60
49 36 40
49 37 60
49 38 40
49 39 30
49 40 80
49 41 40
49 42 60
49 43 80
49 44 30
49 45 40
49 46 60
49 47 60
49 48 30
49 50 30
49 51 40
49 52 30
49 53 30
49 54 60
49 55 40
49 56 60
49 57 80
50 0 40
50 1 60
50 2 80
50 3 80
50 4 30
50 5 60
50 6 80
50 7 60
50 8 60
50 9 40
50 10 30
50 11 60
50 12 30
50 13 60
50 14 60
50 15 80
50 16 40
50 17 30
50 18 60
50 19 60
50 20 80
50 21 30
50 22 30
50 23 40
50 24 80
50 25 40
50 26 40
50 27 40
50 28 80
50 29 30
50 30 40
50 31 80
50 32 30
50 33 30
50 34 30
50 35 60
50 36 60
50 37 30
50 38 40
50 39 60
50 40 40
50 41 30
50 42 60
50 43 60
50 44 80
50 45 80
50 46 80
50 47 40
50 48 80
50 49 30
50 51 80
50 52 60
50 53 40
50 54 40
50 55 60
50 56 40
50 57 80
51 0 60
51 1 40
51 2 80
51 3 60
51 4 60
51 5 60
51 6 60
51 7 60
51 8 80
51 9 80
51 10 60
51 11 60
51 12 80
51 13 80
51 14 60
51 15 30
51 16 80
51 17 30
51 18 60
51 19 40
51 20 40
51 21 30
51 22 30
51 23 60
51 24 60
51 25 30
51 26 60
51 27 60
51 28 80
51 29 30
51 30 40
51 31 30
51 32 40
51 33 30
51 34 30
51 35 80
51 36 40
51 37 30
51 38 80
51 39 30
51 40 40
51 41 40
51 42 30
51 43 40
51 44 60
51 45 30
51 46 30
51 47 60
51 48 60
51 49 40
51 50 30
51 52 60
51 53 80
51 54 80
51 55 40
51 56 60
51 57 40
52 0 80
52 1 80
52 2 80
52 3 40
52 4 80
52 5 40
52 6 30
52 7 80
52 8 40
52 9 80
52 10 80
52 11 30
52 12 60
52 13 60
52 14 30
52 15 30
52 16 40
52 17 60
52 18 60
52 19 80
52 20 40
52 21 80
52 22 40
52 23 80
52 24 30
52 25 80
52 26 30
52 27 60
52 28 60
52 29 60
52 30 60
52 31 80
52 32 80
52 33 60
52 34 40
52 35 40
52 36 30
52 37 40
52 38 40
52 39 30
52 40 80
52 41 60
52 42 80
52 43 40
52 44 30
52 45 80
52 46 60
52 47 40
52 48 40
52 49 80
52 50 30
52 51 80
52 53 60
52 54 40
52 55 40
52 56 60
52 57 30
53 0 40
53 1 40
53 2 40
53 3 60
53 4 40
53 5 60
53 6 40
53 7 40
53 8 80
53 9 80
53 10 40
53 11 80
53 12 40
53 13 60
53 14 40
53 15 40
53 16 60
53 17 80
53 18 80
53 19 60
53 20 60
53 21 80
53 22 60
53 23 80
53 24 40
53 25 40
53 26 80
53 27 80
53 28 60
53 29 80
53 30 60
53 31 40
53 32 40
53 33 30
53 34 60
53 35 30
53 36 60
53 37 40
53 38 30
53 39 40
53 40 40
53 41 60
53 42 40
53 43 60
53 44 80
53 45 30
53 46 30
53 47 30
53 48 60
53 49 80
53 50 40
53 51 80
53 52 80
53 54 60
53 55 80
53 56 60
53 57 30
54 0 60
54 1 80
54 2 60
54 3 60
54 4 80
54 5 60
54 6 60
54 7 40
54 8 40
54 9 80
54 10 40
54 11 30
54 12 60
54 13 80
54 14 30
54 15 40
54 16 60
54 17 40
54 18 60
54 19 60
54 20 30
54 21 60
54 22 80
54 23 40
54 24 60
54 25 40
54 26 40
54 27 40
54 28 60
54 29 60
54 30 40
54 31 30
54 32 30
54 33 80
54 34 60
54 35 30
54 36 40
54 37 60
54 38 30
54 39 30
54 40 30
54 41 80
54 42 30
54 43 80
54 44 80
54 45 60
54 46 60
54 47 40
54 48 80
54 49 40
54 50 60
54 51 60
54 52 40
54 53 60
54 55 60
54 56 60
54 57 80
55 0 80
55 1 80
55 2 40
55 3 40
55 4 30
55 5 80
55 6 40
55 7 80
55 8 40
55 9 40
55 10 80
55 11 80
55 12 40
55 13 40
55 14 80
55 15 80
55 16 40
55 17 60
55 18 40
55 19 80
55 20 40
55 21 60
55 22 80
55 23 40
55 24 80
55 25 40
55 26 40
55 27 60
55 28 60
55 29 60
55 30 30
55 31 80
55 32 30
55 33 60
55 34 60
55 35 30
55 36 40
55 37 60
55 38 60
55 39 60
55 40 60
55 41 60
55 42 40
55 43 40
55 44 60
55 45 40
55 46 60
55 47 40
55 48 60
55 49 40
55 50 80
55 51 30
55 52 80
55 53 40
55 54 40
55 56 60
55 57 30
56 0 40
56 1 30
56 2 80
56 3 40
56 4 30
56 5 40
56 6 40
56 7 30
56 8 40
56 9 80
56 10 30
56 11 30
56 12 40
56 13 80
56 14 30
56 15 60
56 16 60
56 17 80
56 18 30
56 19 40
56 20 80
56 21 60
56 22 80
56 23 80
56 24 30
56 25 60
56 26 30
56 27 80
56 28 80
56 29 60
56 30 40
56 31 40
56 32 30
56 33 60
56 34 40
56 35 30
56 36 30
56 37 80
56 38 80
56 39 80
56 40 60
56 41 80
56 42 40
56 43 60
56 44 60
56 45 30
56 46 80
56 47 60
56 48 40
56 49 40
56 50 80
56 51 80
56 52 80
56 53 80
56 54 30
56 55 80
56 57 40
57 0 60
57 1 80
57 2 80
57 3 60
57 4 60
57 5 40
57 6 60
57 7 30
57 8 30
57 9 30
57 10 30
57 11 40
57 12 80
57 13 30
57 14 30
57 15 80
57 16 30
57 17 60
57 18 40
57 19 30
57 20 40
57 21 40
57 22 40
57 23 30
57 24 60
57 25 80
57 26 40
57 27 80
57 28 60
57 29 80
57 30 80
57 31 60
57 32 60
57 33 60
57 34 30
57 35 80
57 36 60
57 37 30
57 38 60
57 39 40
57 40 40
57 41 60
57 42 40
57 43 60
57 44 80
57 45 80
57 46 60
57 47 40
57 48 40
57 49 80
57 50 40
57 51 40
57 52 30
57 53 40
57 54 60
57 55 60
57 56 60
