NAME C50R2-1
SOURCE Zhang et al. (2018) methodology — reproducible synthetic benchmark
N_CUSTOMERS 50
N_STATIONS 2
VARIANT 1
GRID_MILES 200.0
VEHICLE_CAPACITY 3.0
BATTERY_KWH 110.0
CURB_WEIGHT_KG 2000.0
ALPHA_ARC 0.0981
BETA_VEH 2.11
EFF_D 1.11
EFF_M 1.25
SPEED_SEED 2998887866
CUSTOMER_SEED 59850
STATION_SEED 69841

NODES
0 160934.400000 160934.400000 0.000000 depot_start
1 186847.138572 39839.552598 0.085313 customer
2 2665.635826 224201.111598 0.065431 customer
3 285652.025200 297277.234926 0.094302 customer
4 251242.037208 314568.677533 0.118913 customer
5 157283.406526 129163.869839 0.077616 customer
6 256829.842764 263225.827141 0.098908 customer
7 306228.615141 197907.042289 0.112597 customer
8 93744.291947 4340.650494 0.099322 customer
9 237721.216137 261324.906181 0.070001 customer
10 128764.422547 31296.457718 0.103697 customer
11 237623.735083 148879.747977 0.128899 customer
12 113390.205045 253623.521541 0.057514 customer
13 250606.382640 212416.396362 0.076665 customer
14 64176.336647 70151.544139 0.060692 customer
15 135076.792039 138466.167171 0.143878 customer
16 294846.915039 253518.044578 0.135892 customer
17 54696.024139 1887.784619 0.121442 customer
18 151287.624413 163066.400690 0.111149 customer
19 229860.652377 165128.876224 0.121738 customer
20 51865.733971 256315.265762 0.083486 customer
21 258461.559547 7248.001147 0.128998 customer
22 206082.857867 207151.591396 0.069880 customer
23 3199.029065 164753.392628 0.071727 customer
24 14718.841775 306551.262819 0.099306 customer
25 287613.960954 269609.577533 0.129319 customer
26 25944.315049 101689.462098 0.076793 customer
27 112611.310912 39537.658080 0.134227 customer
28 228970.231502 218745.148188 0.060099 customer
29 244046.441301 290600.190553 0.085347 customer
30 103464.285277 168285.541998 0.052859 customer
31 164096.685493 29208.328633 0.102661 customer
32 95761.369515 234499.219719 0.116703 customer
33 43401.759236 121470.180803 0.117752 customer
34 280370.331853 295607.825978 0.127538 customer
35 40533.340947 38024.651110 0.064098 customer
36 128357.425101 306227.438341 0.117109 customer
37 101147.748724 120074.217180 0.137011 customer
38 145664.860592 3714.637824 0.085746 customer
39 109155.114772 102815.547907 0.133275 customer
40 242977.374255 298914.322295 0.061584 customer
41 151966.402042 128850.369814 0.107046 customer
42 125417.648204 286475.741975 0.072752 customer
43 264286.417960 81790.513939 0.100019 customer
44 35229.892670 297509.162742 0.148858 customer
45 250985.338659 12821.269419 0.083405 customer
46 125748.897605 199140.768129 0.075190 customer
47 315606.812379 276563.902500 0.120781 customer
48 166927.256643 241190.899152 0.062396 customer
49 215309.755375 137555.133323 0.062304 customer
50 59093.098139 138153.136538 0.079525 customer
51 60413.253886 88557.049167 0.000000 station
52 63534.129495 220332.717252 0.000000 station
53 160934.400000 160934.400000 0.000000 depot_end

SPEEDS
0 1 60
0 2 30
0 3 30
0 4 30
0 5 30
0 6 60
0 7 60
0 8 40
0 9 30
0 10 80
0 11 80
0 12 40
0 13 80
0 14 40
0 15 30
0 16 80
0 17 60
0 18 30
0 19 80
0 20 60
0 21 80
0 22 40
0 23 40
0 24 40
0 25 80
0 26 40
0 27 30
0 28 60
0 29 40
0 30 30
0 31 80
0 32 60
0 33 30
0 34 30
0 35 40
0 36 30
0 37 40
0 38 80
0 39 30
0 40 80
0 41 80
0 42 40
0 43 40
0 44 30
0 45 30
0 46 40
0 47 60
0 48 60
0 49 40
0 50 30
0 51 40
0 52 80
0 53 80
1 0 60
1 2 30
1 3 40
1 4 30
1 5 60
1 6 60
1 7 30
1 8 60
1 9 30
1 10 30
1 11 40
1 12 80
1 13 80
1 14 40
1 15 30
1 16 60
1 17 80
1 18 80
1 19 60
1 20 40
1 21 30
1 22 80
1 23 80
1 24 60
1 25 40
1 26 80
1 27 40
1 28 40
1 29 30
1 30 30
1 31 30
1 32 80
1 33 30
1 34 60
1 35 30
1 36 30
1 37 80
1 38 30
1 39 40
1 40 40
1 41 40
1 42 80
1 43 30
1 44 40
1 45 40
1 46 60
1 47 80
1 48 40
1 49 80
1 50 80
1 51 40
1 52 40
1 53 80
2 0 60
2 1 60
2 3 40
2 4 30
2 5 30
2 6 60
2 7 80
2 8 60
2 9 80
2 10 60
2 11 80
2 12 40
2 13 30
2 14 80
2 15 80
2 16 60
2 17 60
2 18 60
2 19 80
2 20 40
2 21 80
2 22 40
2 23 60
2 24 40
2 25 30
2 26 40
2 27 30
2 28 30
2 29 30
2 30 30
2 31 30
2 32 30
2 33 30
2 34 30
2 35 30
2 36 80
2 37 40
2 38 60
2 39 30
2 40 30
2 41 30
2 42 60
2 43 30
2 44 80
2 45 60
2 46 80
2 47 60
2 48 80
2 49 80
2 50 60
2 51 40
2 52 80
2 53 40
3 0 80
3 1 40
3 2 60
3 4 40
3 5 60
3 6 80
3 7 60
3 8 80
3 9 60
3 10 30
3 11 40
3 12 30
3 13 40
3 14 60
3 15 30
3 16 60
3 17 40
3 18 60
3 19 40
3 20 80
3 21 40
3 22 40
3 23 30
3 24 40
3 25 40
3 26 80
3 27 60
3 28 60
3 29 30
3 30 30
3 31 30
3 32 30
3 33 40
3 34 30
3 35 30
3 36 30
3 37 60
3 38 30
3 39 40
3 40 30
3 41 30
3 42 30
3 43 40
3 44 40
3 45 60
3 46 60
3 47 40
3 48 80
3 49 40
3 50 60
3 51 80
3 52 40
3 53 80
4 0 30
4 1 40
4 2 40
4 3 80
4 5 60
4 6 30
4 7 30
4 8 60
4 9 40
4 10 40
4 11 60
4 12 40
4 13 60
4 14 60
4 15 60
4 16 60
4 17 40
4 18 30
4 19 80
4 20 40
4 21 30
4 22 30
4 23 80
4 24 40
4 25 30
4 26 40
4 27 40
4 28 80
4 29 80
4 30 80
4 31 30
4 32 40
4 33 30
4 34 30
4 35 40
4 36 30
4 37 40
4 38 60
4 39 80
4 40 30
4 41 80
4 42 60
4 43 30
4 44 30
4 45 60
4 46 80
4 47 30
4 48 60
4 49 30
4 50 80
4 51 80
4 52 60
4 53 40
5 0 80
5 1 60
5 2 80
5 3 40
5 4 30
5 6 40
5 7 80
5 8 30
5 9 60
5 10 60
5 11 80
5 12 30
5 13 40
5 14 80
5 15 60
5 16 30
5 17 30
5 18 80
5 19 40
5 20 80
5 21 40
5 22 80
5 23 30
5 24 40
5 25 60
5 26 60
5 27 80
5 28 40
5 29 60
5 30 40
5 31 80
5 32 30
5 33 30
5 34 40
5 35 30
5 36 80
5 37 40
5 38 60
5 39 40
5 40 40
5 41 40
5 42 40
5 43 60
5 44 80
5 45 80
5 46 40
5 47 30
5 48 30
5 49 30
5 50 40
5 51 60
5 52 30
5 53 30
6 0 80
6 1 40
6 2 30
6 3 80
6 4 30
6 5 60
6 7 40
6 8 40
6 9 30
6 10 40
6 11 60
6 12 40
6 13 80
6 14 40
6 15 30
6 16 80
6 17 60
6 18 60
6 19 40
6 20 80
6 21 40
6 22 40
6 23 80
6 24 30
6 25 30
6 26 80
6 27 80
6 28 40
6 29 60
6 30 60
6 31 80
6 32 30
6 33 30
6 34 40
6 35 60
6 36 60
6 37 80
6 38 80
6 39 60
6 40 60
6 41 40
6 42 80
6 43 30
6 44 30
6 45 60
6 46 80
6 47 40
6 48 30
6 49 30
6 50 80
6 51 60
6 52 60
6 53 80
7 0 30
7 1 60
7 2 40
7 3 60
7 4 30
7 5 80
7 6 60
7 8 60
7 9 30
7 10 40
7 11 40
7 12 40
7 13 80
7 14 60
7 15 40
7 16 30
7 17 30
7 18 80
7 19 40
7 20 30
7 21 30
7 22 60
7 23 80
7 24 30
7 25 60
7 26 30
7 27 40
7 28 30
7 29 40
7 30 80
7 31 80
7 32 40
7 33 80
7 34 60
7 35 30
7 36 80
7 37 40
7 38 40
7 39 80
7 40 80
7 41 40
7 42 30
7 43 80
7 44 80
7 45 80
7 46 30
7 47 80
7 48 30
7 49 60
7 50 60
7 51 30
7 52 60
7 53 40
8 0 30
8 1 60
8 2 80
8 3 80
8 4 40
8 5 40
8 6 80
8 7 40
8 9 80
8 10 30
8 11 30
8 12 60
8 13 30
8 14 40
8 15 30
8 16 80
8 17 60
8 18 60
8 19 40
8 20 30
8 21 30
8 22 80
8 23 30
8 24 60
8 25 60
8 26 40
8 27 40
8 28 30
8 29 30
8 30 80
8 31 60
8 32 80
8 33 40
8 34 60
8 35 40
8 36 40
8 37 60
8 38 80
8 39 40
8 40 80
8 41 30
8 42 80
8 43 30
8 44 30
8 45 80
8 46 40
8 47 30
8 48 40
8 49 30
8 50 80
8 51 30
8 52 40
8 53 40
9 0 60
9 1 60
9 2 60
9 3 40
9 4 80
9 5 30
9 6 80
9 7 40
9 8 40
9 10 60
9 11 80
9 12 30
9 13 80
9 14 60
9 15 30
9 16 40
9 17 30
9 18 40
9 19 40
9 20 60
9 21 60
9 22 30
9 23 40
9 24 80
9 25 30
9 26 40
9 27 80
9 28 30
9 29 60
9 30 40
9 31 30
9 32 80
9 33 60
9 34 60
9 35 40
9 36 30
9 37 40
9 38 40
9 39 30
9 40 40
9 41 60
9 42 60
9 43 60
9 44 60
9 45 30
9 46 80
9 47 60
9 48 80
9 49 60
9 50 40
9 51 60
9 52 80
9 53 80
10 0 60
10 1 60
10 2 40
10 3 30
10 4 80
10 5 30
10 6 80
10 7 30
10 8 60
10 9 60
10 11 40
10 12 80
10 13 80
10 14 80
10 15 60
10 16 30
10 17 40
10 18 40
10 19 40
10 20 30
10 21 60
10 22 80
10 23 60
10 24 80
10 25 80
10 26 40
10 27 40
10 28 30
10 29 40
10 30 30
10 31 60
10 32 60
10 33 40
10 34 30
10 35 30
10 36 40
10 37 60
10 38 60
10 39 30
10 40 40
10 41 80
10 42 30
10 43 30
10 44 40
10 45 40
10 46 30
10 47 80
10 48 30
10 49 40
10 50 30
10 51 80
10 52 80
10 53 30
11 0 30
11 1 80
11 2 80
11 3 40
11 4 80
11 5 40
11 6 40
11 7 30
11 8 30
11 9 30
11 10 30
11 12 60
11 13 30
11 14 40
11 15 80
11 16 60
11 17 40
11 18 30
11 19 60
11 20 30
11 21 80
11 22 30
11 23 40
11 24 30
11 25 40
11 26 30
11 27 30
11 28 80
11 29 80
11 30 80
11 31 60
11 32 30
11 33 80
11 34 80
11 35 40
11 36 80
11 37 80
11 38 80
11 39 40
11 40 30
11 41 30
11 42 30
11 43 30
11 44 80
11 45 60
11 46 40
11 47 60
11 48 40
11 49 60
11 50 80
11 51 40
11 52 60
11 53 80
12 0 60
12 1 40
12 2 60
12 3 60
12 4 60
12 5 80
12 6 80
12 7 40
12 8 30
12 9 80
12 10 40
12 11 60
12 13 80
12 14 80
12 15 80
12 16 30
12 17 60
12 18 40
12 19 40
12 20 40
12 21 30
12 22 30
12 23 80
12 24 30
12 25 30
12 26 60
12 27 30
12 28 40
12 29 30
12 30 30
12 31 80
12 32 40
12 33 60
12 34 60
12 35 80
12 36 30
12 37 80
12 38 30
12 39 30
12 40 80
12 41 40
12 42 80
12 43 60
12 44 30
12 45 80
12 46 40
12 47 80
12 48 30
12 49 60
12 50 80
12 51 30
12 52 30
12 53 60
13 0 40
13 1 40
13 2 80
13 3 40
13 4 60
13 5 40
13 6 80
13 7 30
13 8 80
13 9 60
13 10 30
13 11 80
13 12 30
13 14 30
13 15 40
13 16 80
13 17 60
13 18 60
13 19 60
13 20 40
13 21 40
13 22 40
13 23 30
13 24 30
13 25 60
13 26 40
13 27 40
13 28 80
13 29 40
13 30 80
13 31 30
13 32 40
13 33 60
13 34 60
13 35 60
13 36 30
13 37 80
13 38 60
13 39 60
13 40 30
13 41 30
13 42 30
13 43 60
13 44 80
13 45 30
13 46 30
13 47 40
13 48 40
13 49 60
13 50 60
13 51 60
13 52 30
13 53 40
14 0 30
14 1 60
14 2 80
14 3 80
14 4 40
14 5 40
14 6 80
14 7 60
14 8 30
14 9 60
14 10 30
14 11 40
14 12 30
14 13 30
14 15 40
14 16 80
14 17 40
14 18 30
14 19 60
14 20 30
14 21 30
14 22 80
14 23 30
14 24 30
14 25 40
14 26 60
14 27 60
14 28 60
14 29 40
14 30 60
14 31 60
14 32 40
14 33 80
14 34 80
14 35 80
14 36 30
14 37 60
14 38 60
14 39 30
14 40 30
14 41 80
14 42 80
14 43 80
14 44 40
14 45 60
14 46 40
14 47 60
14 48 30
14 49 40
14 50 60
14 51 60
14 52 40
14 53 80
15 0 60
15 1 80
15 2 40
15 3 30
15 4 40
15 5 40
15 6 30
15 7 40
15 8 80
15 9 40
15 10 30
15 11 80
15 12 60
15 13 30
15 14 60
15 16 60
15 17 80
15 18 40
15 19 40
15 20 40
15 21 40
15 22 40
15 23 30
15 24 40
15 25 30
15 26 80
15 27 40
15 28 80
15 29 40
15 30 30
15 31 40
15 32 40
15 33 30
15 34 60
15 35 40
15 36 40
15 37 60
15 38 30
15 39 60
15 40 40
15 41 40
15 42 40
15 43 80
15 44 40
15 45 30
15 46 40
15 47 40
15 48 60
15 49 80
15 50 60
15 51 40
15 52 80
15 53 40
16 0 40
16 1 80
16 2 60
16 3 60
16 4 40
16 5 80
16 6 80
16 7 60
16 8 40
16 9 30
16 10 40
16 11 40
16 12 80
16 13 60
16 14 30
16 15 30
16 17 30
16 18 40
16 19 60
16 20 80
16 21 30
16 22 60
16 23 80
16 24 30
16 25 60
16 26 40
16 27 80
16 28 40
16 29 30
16 30 60
16 31 40
16 32 30
16 33 60
16 34 80
16 35 60
16 36 40
16 37 60
16 38 40
16 39 80
16 40 60
16 41 60
16 42 60
16 43 40
16 44 80
16 45 60
16 46 40
16 47 30
16 48 60
16 49 60
16 50 40
16 51 40
16 52 60
16 53 40
17 0 60
17 1 80
17 2 40
17 3 30
17 4 40
17 5 60
17 6 60
17 7 40
17 8 80
17 9 60
17 10 40
17 11 60
17 12 80
17 13 60
17 14 30
17 15 30
17 16 60
17 18 40
17 19 30
17 20 30
17 21 30
17 22 30
17 23 30
17 24 60
17 25 60
17 26 80
17 27 60
17 28 40
17 29 60
17 30 40
17 31 40
17 32 40
17 33 40
17 34 60
17 35 80
17 36 30
17 37 40
17 38 40
17 39 30
17 40 80
17 41 30
17 42 80
17 43 60
17 44 40
17 45 60
17 46 30
17 47 40
17 48 40
17 49 60
17 50 60
17 51 40
17 52 80
17 53 80
18 0 60
18 1 80
18 2 60
18 3 80
18 4 40
18 5 80
18 6 30
18 7 30
18 8 40
18 9 80
18 10 40
18 11 40
18 12 60
18 13 80
18 14 60
18 15 80
18 16 40
18 17 60
18 19 60
18 20 60
18 21 40
18 22 80
18 23 60
18 24 30
18 25 60
18 26 60
18 27 80
18 28 60
18 29 60
18 30 60
18 31 80
18 32 40
18 33 80
18 34 80
18 35 60
18 36 30
18 37 80
18 38 80
18 39 60
18 40 60
18 41 80
18 42 30
18 43 60
18 44 60
18 45 40
18 46 80
18 47 80
18 48 40
18 49 60
18 50 30
18 51 30
18 52 80
18 53 40
19 0 40
19 1 30
19 2 80
19 3 30
19 4 40
19 5 30
19 6 60
19 7 80
19 8 30
19 9 30
19 10 40
19 11 40
19 12 60
19 13 40
19 14 80
19 15 40
19 16 80
19 17 40
19 18 30
19 20 30
19 21 80
19 22 80
19 23 60
19 24 60
19 25 80
19 26 40
19 27 40
19 28 30
19 29 80
19 30 80
19 31 80
19 32 80
19 33 80
19 34 40
19 35 40
19 36 40
19 37 40
19 38 30
19 39 80
19 40 80
19 41 30
19 42 60
19 43 60
19 44 60
19 45 30
19 46 60
19 47 80
19 48 40
19 49 30
19 50 40
19 51 60
19 52 80
19 53 60
20 0 80
20 1 80
20 2 60
20 3 60
20 4 80
20 5 40
20 6 60
20 7 30
20 8 30
20 9 40
20 10 40
20 11 80
20 12 40
20 13 30
20 14 40
20 15 80
20 16 30
20 17 40
20 18 80
20 19 80
20 21 80
20 22 60
20 23 80
20 24 40
20 25 80
20 26 40
20 27 40
20 28 40
20 29 30
20 30 40
20 31 40
20 32 60
20 33 60
20 34 30
20 35 80
20 36 40
20 37 30
20 38 40
20 39 40
20 40 30
20 41 60
20 42 80
20 43 30
20 44 30
20 45 60
20 46 60
20 47 80
20 48 40
20 49 60
20 50 30
20 51 40
20 52 30
20 53 80
21 0 80
21 1 80
21 2 80
21 3 40
21 4 60
21 5 80
21 6 80
21 7 40
21 8 80
21 9 40
21 10 60
21 11 30
21 12 80
21 13 30
21 14 60
21 15 60
21 16 30
21 17 60
21 18 60
21 19 80
21 20 80
21 22 60
21 23 80
21 24 80
21 25 40
21 26 60
21 27 40
21 28 80
21 29 30
21 30 60
21 31 40
21 32 30
21 33 80
21 34 30
21 35 80
21 36 30
21 37 80
21 38 40
21 39 80
21 40 40
21 41 30
21 42 80
21 43 80
21 44 30
21 45 30
21 46 40
21 47 40
21 48 40
21 49 30
21 50 60
21 51 80
21 52 30
21 53 80
22 0 30
22 1 40
22 2 30
22 3 60
22 4 80
22 5 30
22 6 30
22 7 40
22 8 60
22 9 80
22 10 40
22 11 30
22 12 40
22 13 80
22 14 30
22 15 60
22 16 40
22 17 30
22 18 40
22 19 80
22 20 30
22 21 30
22 23 80
22 24 80
22 25 60
22 26 60
22 27 60
22 28 80
22 29 80
22 30 60
22 31 80
22 32 80
22 33 60
22 34 30
22 35 60
22 36 30
22 37 60
22 38 30
22 39 30
22 40 80
22 41 80
22 42 40
22 43 30
22 44 40
22 45 40
22 46 40
22 47 80
22 48 30
22 49 40
22 50 40
22 51 40
22 52 60
22 53 30
23 0 80
23 1 60
23 2 60
23 3 80
23 4 30
23 5 40
23 6 80
23 7 30
23 8 80
23 9 40
23 10 30
23 11 30
23 12 30
23 13 40
23 14 30
23 15 80
23 16 40
23 17 40
23 18 80
23 19 60
23 20 80
23 21 80
23 22 80
23 24 30
23 25 30
23 26 80
23 27 60
23 28 60
23 29 80
23 30 60
23 31 80
23 32 30
23 33 80
23 34 60
23 35 40
23 36 30
23 37 30
23 38 60
23 39 80
23 40 30
23 41 30
23 42 30
23 43 60
23 44 40
23 45 60
23 46 30
23 47 80
23 48 60
23 49 80
23 50 40
23 51 80
23 52 80
23 53 30
24 0 40
24 1 40
24 2 60
24 3 60
24 4 40
24 5 80
24 6 60
24 7 80
24 8 60
24 9 30
24 10 40
24 11 30
24 12 40
24 13 30
24 14 80
24 15 60
24 16 40
24 17 60
24 18 30
24 19 60
24 20 30
24 21 60
24 22 80
24 23 80
24 25 80
24 26 30
24 27 60
24 28 80
24 29 60
24 30 30
24 31 80
24 32 60
24 33 40
24 34 80
24 35 60
24 36 60
24 37 80
24 38 60
24 39 40
24 40 40
24 41 30
24 42 60
24 43 40
24 44 60
24 45 60
24 46 60
24 47 30
24 48 30
24 49 30
24 50 80
24 51 30
24 52 30
24 53 80
25 0 60
25 1 40
25 2 40
25 3 60
25 4 60
25 5 30
25 6 60
25 7 80
25 8 40
25 9 80
25 10 60
25 11 60
25 12 80
25 13 80
25 14 80
25 15 80
25 16 60
25 17 30
25 18 40
25 19 80
25 20 40
25 21 80
25 22 80
25 23 40
25 24 30
25 26 40
25 27 30
25 28 30
25 29 80
25 30 30
25 31 40
25 32 30
25 33 60
25 34 40
25 35 30
25 36 40
25 37 60
25 38 40
25 39 30
25 40 80
25 41 80
25 42 60
25 43 40
25 44 80
25 45 40
25 46 40
25 47 30
25 48 80
25 49 80
25 50 40
25 51 80
25 52 40
25 53 80
26 0 60
26 1 80
26 2 80
26 3 80
26 4 30
26 5 40
26 6 80
26 7 60
26 8 80
26 9 40
26 10 80
26 11 30
26 12 80
26 13 30
26 14 80
26 15 30
26 16 60
26 17 30
26 18 60
26 19 60
26 20 40
26 21 60
26 22 60
26 23 80
26 24 40
26 25 30
26 27 40
26 28 60
26 29 80
26 30 40
26 31 80
26 32 80
26 33 60
26 34 60
26 35 40
26 36 80
26 37 60
26 38 60
26 39 80
26 40 60
26 41 80
26 42 40
26 43 80
26 44 40
26 45 40
26 46 80
26 47 40
26 48 30
26 49 30
26 50 80
26 51 60
26 52 40
26 53 40
27 0 30
27 1 40
27 2 40
27 3 30
27 4 40
27 5 80
27 6 30
27 7 80
27 8 30
27 9 80
27 10 40
27 11 80
27 12 40
27 13 60
27 14 60
27 15 30
27 16 40
27 17 80
27 18 60
27 19 40
27 20 40
27 21 30
27 22 40
27 23 80
27 24 40
27 25 80
27 26 80
27 28 60
27 29 40
27 30 40
27 31 30
27 32 40
27 33 40
27 34 40
27 35 80
27 36 30
27 37 40
27 38 80
27 39 30
27 40 30
27 41 80
27 42 60
27 43 30
27 44 30
27 45 30
27 46 30
27 47 80
27 48 30
27 49 80
27 50 80
27 51 80
27 52 30
27 53 40
28 0 40
28 1 80
28 2 40
28 3 60
28 4 80
28 5 80
28 6 30
28 7 60
28 8 60
28 9 60
28 10 30
28 11 60
28 12 30
28 13 40
28 14 40
28 15 40
28 16 40
28 17 80
28 18 30
28 19 40
28 20 60
28 21 40
28 22 80
28 23 40
28 24 80
28 25 80
28 26 60
28 27 80
28 29 40
28 30 60
28 31 60
28 32 40
28 33 30
28 34 30
28 35 80
28 36 30
28 37 60
28 38 40
28 39 60
28 40 60
28 41 30
28 42 80
28 43 80
28 44 30
28 45 60
28 46 30
28 47 40
28 48 60
28 49 60
28 50 30
28 51 60
28 52 40
28 53 60
29 0 60
29 1 60
29 2 40
29 3 40
29 4 60
29 5 40
29 6 80
29 7 40
29 8 80
29 9 40
29 10 30
29 11 60
29 12 60
29 13 40
29 14 60
29 15 80
29 16 30
29 17 40
29 18 60
29 19 60
29 20 30
29 21 40
29 22 80
29 23 40
29 24 80
29 25 80
29 26 60
29 27 60
29 28 40
29 30 80
29 31 60
29 32 30
29 33 30
29 34 30
29 35 80
29 36 80
29 37 40
29 38 30
29 39 60
29 40 40
29 41 60
29 42 80
29 43 40
29 44 30
29 45 40
29 46 40
29 47 30
29 48 30
29 49 60
29 50 60
29 51 60
29 52 60
29 53 40
30 0 40
30 1 40
30 2 30
30 3 60
30 4 60
30 5 60
30 6 30
30 7 40
30 8 60
30 9 30
30 10 80
30 11 80
30 12 40
30 13 60
30 14 80
30 15 40
30 16 80
30 17 30
30 18 40
30 19 40
30 20 30
30 21 60
30 22 30
30 23 40
30 24 60
30 25 30
30 26 80
30 27 80
30 28 40
30 29 60
30 31 40
30 32 60
30 33 40
30 34 60
30 35 30
30 36 40
30 37 80
30 38 30
30 39 40
30 40 30
30 41 60
30 42 40
30 43 30
30 44 80
30 45 30
30 46 80
30 47 60
30 48 60
30 49 80
30 50 80
30 51 80
30 52 30
30 53 40
31 0 30
31 1 60
31 2 40
31 3 30
31 4 60
31 5 30
31 6 60
31 7 30
31 8 60
31 9 30
31 10 80
31 11 30
31 12 40
31 13 60
31 14 60
31 15 80
31 16 80
31 17 30
31 18 30
31 19 80
31 20 60
31 21 60
31 22 40
31 23 60
31 24 30
31 25 60
31 26 60
31 27 30
31 28 60
31 29 30
31 30 60
31 32 60
31 33 40
31 34 30
31 35 60
31 36 30
31 37 60
31 38 40
31 39 30
31 40 30
31 41 60
31 42 30
31 43 30
31 44 30
31 45 30
31 46 40
31 47 60
31 48 60
31 49 40
31 50 40
31 51 40
31 52 30
31 53 30
32 0 80
32 1 60
32 2 30
32 3 60
32 4 40
32 5 80
32 6 60
32 7 60
32 8 40
32 9 60
32 10 40
32 11 80
32 12 60
32 13 60
32 14 60
32 15 60
32 16 60
32 17 80
32 18 60
32 19 80
32 20 60
32 21 30
32 22 80
32 23 80
32 24 80
32 25 40
32 26 80
32 27 80
32 28 80
32 29 40
32 30 30
32 31 80
32 33 40
32 34 30
32 35 60
32 36 30
32 37 40
32 38 40
32 39 30
32 40 40
32 41 40
32 42 40
32 43 30
32 44 80
32 45 60
32 46 30
32 47 60
32 48 30
32 49 40
32 50 60
32 51 40
32 52 40
32 53 30
33 0 80
33 1 80
33 2 40
33 3 60
33 4 80
33 5 80
33 6 40
33 7 40
33 8 80
33 9 40
33 10 30
33 11 60
33 12 80
33 13 80
33 14 30
33 15 80
33 16 30
33 17 40
33 18 40
33 19 40
33 20 30
33 21 40
33 22 40
33 23 60
33 24 80
33 25 80
33 26 30
33 27 30
33 28 40
33 29 40
33 30 40
33 31 30
33 32 30
33 34 80
33 35 40
33 36 30
33 37 30
33 38 30
33 39 30
33 40 30
33 41 40
33 42 60
33 43 80
33 44 60
33 45 80
33 46 80
33 47 40
33 48 60
33 49 40
33 50 30
33 51 40
33 52 30
33 53 30
34 0 40
34 1 80
34 2 30
34 3 80
34 4 80
34 5 40
34 6 30
34 7 80
34 8 60
34 9 40
34 10 30
34 11 40
34 12 30
34 13 40
34 14 30
34 15 30
34 16 30
34 17 40
34 18 40
34 19 30
34 20 30
34 21 40
34 22 80
34 23 60
34 24 30
34 25 80
34 26 80
34 27 60
34 28 80
34 29 40
34 30 30
34 31 40
34 32 30
34 33 40
34 35 30
34 36 40
34 37 30
34 38 30
34 39 60
34 40 80
34 41 30
34 42 30
34 43 30
34 44 80
34 45 60
34 46 80
34 47 30
34 48 30
34 49 40
34 50 40
34 51 30
34 52 80
34 53 30
35 0 60
35 1 60
35 2 30
35 3 40
35 4 40
35 5 40
35 6 40
35 7 60
35 8 40
35 9 40
35 10 30
35 11 80
35 12 60
35 13 80
35 14 60
35 15 40
35 16 40
35 17 40
35 18 60
35 19 80
35 20 60
35 21 40
35 22 80
35 23 80
35 24 30
35 25 40
35 26 40
35 27 40
35 28 40
35 29 40
35 30 30
35 31 30
35 32 80
35 33 40
35 34 60
35 36 40
35 37 60
35 38 60
35 39 60
35 40 60
35 41 40
35 42 60
35 43 60
35 44 60
35 45 60
35 46 60
35 47 80
35 48 80
35 49 80
35 50 30
35 51 60
35 52 60
35 53 40
36 0 30
36 1 40
36 2 30
36 3 30
36 4 30
36 5 30
36 6 80
36 7 60
36 8 30
36 9 30
36 10 30
36 11 40
36 12 60
36 13 60
36 14 30
36 15 80
36 16 40
36 17 30
36 18 40
36 19 40
36 20 30
36 21 80
36 22 30
36 23 40
36 24 80
36 25 30
36 26 60
36 27 30
36 28 80
36 29 60
36 30 80
36 31 80
36 32 40
36 33 40
36 34 80
36 35 40
36 37 40
36 38 40
36 39 30
36 40 40
36 41 60
36 42 80
36 43 60
36 44 80
36 45 40
36 46 30
36 47 40
36 48 30
36 49 80
36 50 30
36 51 60
36 52 40
36 53 40
37 0 80
37 1 80
37 2 30
37 3 30
37 4 80
37 5 80
37 6 80
37 7 80
37 8 40
37 9 40
37 10 30
37 11 80
37 12 80
37 13 60
37 14 30
37 15 60
37 16 40
37 17 80
37 18 60
37 19 80
37 20 30
37 21 60
37 22 40
37 23 30
37 24 40
37 25 80
37 26 80
37 27 40
37 28 80
37 29 40
37 30 30
37 31 40
37 32 30
37 33 80
37 34 80
37 35 30
37 36 30
37 38 80
37 39 60
37 40 60
37 41 60
37 42 60
37 43 30
37 44 80
37 45 30
37 46 80
37 47 80
37 48 60
37 49 80
37 50 40
37 51 30
37 52 60
37 53 40
38 0 60
38 1 30
38 2 80
38 3 40
38 4 40
38 5 80
38 6 40
38 7 40
38 8 60
38 9 30
38 10 80
38 11 60
38 12 30
38 13 80
38 14 80
38 15 80
38 16 30
38 17 80
38 18 60
38 19 30
38 20 60
38 21 60
38 22 40
38 23 80
38 24 30
38 25 60
38 26 40
38 27 80
38 28 30
38 29 40
38 30 60
38 31 40
38 32 30
38 33 40
38 34 60
38 35 30
38 36 80
38 37 80
38 39 40
38 40 60
38 41 40
38 42 30
38 43 60
38 44 40
38 45 30
38 46 40
38 47 30
38 48 80
38 49 30
38 50 80
38 51 60
38 52 40
38 53 60
39 0 40
39 1 40
39 2 40
39 3 60
39 4 30
39 5 40
39 6 80
39 7 40
39 8 30
39 9 60
39 10 30
39 11 80
39 12 60
39 13 40
39 14 80
39 15 30
39 16 30
39 17 80
39 18 30
39 19 80
39 20 30
39 21 60
39 22 80
39 23 40
39 24 60
39 25 80
39 26 60
39 27 40
39 28 40
39 29 30
39 30 30
39 31 80
39 32 60
39 33 40
39 34 30
39 35 80
39 36 30
39 37 30
39 38 80
39 40 30
39 41 60
39 42 60
39 43 60
39 44 80
39 45 30
39 46 30
39 47 80
39 48 60
39 49 80
39 50 60
39 51 30
39 52 40
39 53 80
40 0 30
40 1 60
40 2 60
40 3 30
40 4 60
40 5 80
40 6 60
40 7 60
40 8 40
40 9 60
40 10 80
40 11 60
40 12 60
40 13 40
40 14 60
40 15 80
40 16 40
40 17 40
40 18 80
40 19 60
40 20 40
40 21 60
40 22 60
40 23 40
40 24 80
40 25 60
40 26 60
40 27 30
40 28 40
40 29 40
40 30 60
40 31 60
40 32 60
40 33 80
40 34 60
40 35 80
40 36 60
40 37 80
40 38 60
40 39 80
40 41 40
40 42 60
40 43 80
40 44 60
40 45 30
40 46 60
40 47 80
40 48 40
40 49 40
40 50 60
40 51 60
40 52 80
40 53 40
41 0 60
41 1 80
41 2 80
41 3 80
41 4 60
41 5 60
41 6 40
41 7 60
41 8 40
41 9 30
41 10 30
41 11 40
41 12 60
41 13 40
41 14 40
41 15 40
41 16 80
41 17 60
41 18 80
41 19 80
41 20 60
41 21 60
41 22 60
41 23 40
41 24 60
41 25 60
41 26 30
41 27 40
41 28 40
41 29 40
41 30 60
41 31 40
41 32 40
41 33 80
41 34 30
41 35 80
41 36 40
41 37 60
41 38 80
41 39 80
41 40 30
41 42 60
41 43 40
41 44 60
41 45 40
41 46 30
41 47 40
41 48 40
41 49 30
41 50 80
41 51 40
41 52 60
41 53 60
42 0 30
42 1 80
42 2 30
42 3 30
42 4 40
42 5 40
42 6 80
42 7 60
42 8 80
42 9 80
42 10 40
42 11 60
42 12 40
42 13 30
42 14 30
42 15 30
42 16 30
42 17 30
42 18 60
42 19 30
42 20 60
42 21 80
42 22 40
42 23 30
42 24 80
42 25 40
42 26 40
42 27 30
42 28 30
42 29 40
42 30 60
42 31 40
42 32 80
42 33 80
42 34 80
42 35 60
42 36 40
42 37 30
42 38 30
42 39 40
42 40 80
42 41 60
42 43 30
42 44 60
42 45 30
42 46 30
42 47 60
42 48 30
42 49 60
42 50 80
42 51 80
42 52 60
42 53 80
43 0 40
43 1 40
43 2 30
43 3 40
43 4 80
43 5 60
43 6 30
43 7 80
43 8 60
43 9 80
43 10 30
43 11 30
43 12 40
43 13 40
43 14 40
43 15 40
43 16 40
43 17 40
43 18 60
43 19 80
43 20 40
43 21 60
43 22 80
43 23 60
43 24 80
43 25 80
43 26 30
43 27 40
43 28 30
43 29 30
43 30 40
43 31 80
43 32 40
43 33 40
43 34 40
43 35 40
43 36 40
43 37 60
43 38 80
43 39 40
43 40 30
43 41 60
43 42 30
43 44 30
43 45 60
43 46 30
43 47 80
43 48 40
43 49 60
43 50 60
43 51 80
43 52 80
43 53 40
44 0 30
44 1 60
44 2 40
44 3 80
44 4 40
44 5 40
44 6 30
44 7 40
44 8 60
44 9 40
44 10 80
44 11 80
44 12 60
44 13 30
44 14 40
44 15 30
44 16 60
44 17 40
44 18 40
44 19 30
44 20 40
44 21 80
44 22 80
44 23 80
44 24 30
44 25 80
44 26 80
44 27 30
44 28 30
44 29 30
44 30 30
44 31 60
44 32 30
44 33 40
44 34 40
44 35 40
44 36 80
44 37 40
44 38 80
44 39 40
44 40 60
44 41 80
44 42 60
44 43 30
44 45 40
44 46 40
44 47 30
44 48 60
44 49 80
44 50 40
44 51 40
44 52 80
44 53 30
45 0 40
45 1 30
45 2 30
45 3 80
45 4 80
45 5 30
45 6 40
45 7 30
45 8 80
45 9 80
45 10 30
45 11 60
45 12 60
45 13 40
45 14 80
45 15 30
45 16 40
45 17 30
45 18 30
45 19 30
45 20 80
45 21 30
45 22 40
45 23 60
45 24 80
45 25 40
45 26 30
45 27 60
45 28 60
45 29 80
45 30 40
45 31 60
45 32 80
45 33 60
45 34 40
45 35 60
45 36 30
45 37 80
45 38 60
45 39 30
45 40 30
45 41 30
45 42 80
45 43 40
45 44 30
45 46 40
45 47 40
45 48 60
45 49 30
45 50 60
45 51 40
45 52 80
45 53 80
46 0 60
46 1 30
46 2 60
46 3 60
46 4 30
46 5 40
46 6 40
46 7 30
46 8 60
46 9 30
46 10 80
46 11 30
46 12 80
46 13 30
46 14 40
46 15 30
46 16 80
46 17 30
46 18 30
46 19 40
46 20 60
46 21 40
46 22 30
46 23 30
46 24 80
46 25 80
46 26 80
46 27 40
46 28 30
46 29 80
46 30 80
46 31 80
46 32 80
46 33 30
46 34 60
46 35 30
46 36 30
46 37 30
46 38 60
46 39 40
46 40 80
46 41 30
46 42 80
46 43 80
46 44 60
46 45 30
46 47 30
46 48 40
46 49 40
46 50 80
46 51 80
46 52 40
46 53 80
47 0 30
47 1 30
47 2 80
47 3 40
47 4 60
47 5 60
47 6 40
47 7 60
47 8 60
47 9 80
47 10 40
47 11 40
47 12 40
47 13 60
47 14 80
47 15 60
47 16 40
47 17 80
47 18 80
47 19 60
47 20 60
47 21 60
47 22 40
47 23 40
47 24 40
47 25 30
47 26 40
47 27 40
47 28 80
47 29 40
47 30 60
47 31 60
47 32 60
47 33 60
47 34 40
47 35 30
47 36 30
47 37 60
47 38 40
47 39 40
47 40 40
47 41 60
47 42 80
47 43 80
47 44 60
47 45 80
47 46 80
47 48 80
47 49 40
47 50 80
47 51 80
47 52 60
47 53 80
48 0 80
48 1 60
48 2 30
48 3 40
48 4 40
48 5 80
48 6 40
48 7 80
48 8 60
48 9 40
48 10 30
48 11 60
48 12 60
48 13 40
48 14 80
48 15 60
48 16 40
48 17 30
48 18 60
48 19 30
48 20 60
48 21 30
48 22 80
48 23 80
48 24 40
48 25 80
48 26 30
48 27 80
48 28 80
48 29 60
48 30 30
48 31 30
48 32 60
48 33 60
48 34 60
48 35 30
48 36 30
48 37 60
48 38 60
48 39 60
48 40 80
48 41 40
48 42 60
48 43 80
48 44 40
48 45 40
48 46 60
48 47 80
48 49 40
48 50 80
48 51 80
48 52 60
48 53 80
49 0 40
49 1 60
49 2 40
49 3 80
49 4 40
49 5 40
49 6 60
49 7 40
49 8 40
49 9 80
49 10 40
49 11 60
49 12 40
49 13 40
49 14 60
49 15 30
49 16 60
49 17 30
49 18 40
49 19 40
49 20 30
49 21 80
49 22 40
49 23 30
49 24 40
49 25 80
49 26 30
49 27 60
49 28 80
49 29 30
49 30 40
49 31 30
49 32 40
49 33 40
49 34 40
49 35 30
49 36 80
49 37 80
49 38 80
49 39 40
49 40 30
49 41 60
49 42 40
49 43 80
49 44 80
49 45 40
49 46 30
49 47 40
49 48 80
49 50 40
49 51 80
49 52 60
49 53 30
50 0 40
50 1 30
50 2 30
50 3 60
50 4 30
50 5 30
50 6 30
50 7 40
50 8 60
50 9 40
50 10 30
50 11 60
50 12 40
50 13 60
50 14 60
50 15 30
50 16 40
50 17 80
50 18 60
50 19 60
50 20 80
50 21 30
50 22 30
50 23 40
50 24 30
50 25 80
50 26 30
50 27 80
50 28 80
50 29 80
50 30 30
50 31 80
50 32 80
50 33 40
50 34 40
50 35 40
50 36 40
50 37 30
50 38 40
50 39 30
50 40 60
50 41 60
50 42 80
50 43 40
50 44 30
50 45 60
50 46 40
50 47 40
50 48 40
50 49 60
50 51 40
50 52 30
50 53 40
51 0 80
51 1 30
51 2 30
51 3 60
51 4 40
51 5 60
51 6 40
51 7 30
51 8 80
51 9 60
51 10 60
51 11 40
51 12 60
51 13 80
51 14 60
51 15 60
51 16 40
51 17 60
51 18 80
51 19 60
51 20 40
51 21 30
51 22 60
51 23 30
51 24 30
51 25 40
51 26 30
51 27 80
51 28 60
51 29 40
51 30 80
51 31 40
51 32 30
51 33 60
51 34 80
51 35 60
51 36 30
51 37 60
51 38 60
51 39 60
51 40 40
51 41 40
51 42 60
51 43 40
51 44 40
51 45 80
51 46 80
51 47 80
51 48 30
51 49 30
51 50 80
51 52 40
51 53 80
52 0 40
52 1 80
52 2 30
52 3 60
52 4 40
52 5 60
52 6 30
52 7 40
52 8 30
52 9 40
52 10 80
52 11 30
52 12 30
52 13 40
52 14 40
52 15 80
52 16 40
52 17 80
52 18 80
52 19 40
52 20 40
52 21 80
52 22 80
52 23 40
52 24 40
52 25 30
52 26 40
52 27 30
52 28 60
52 29 60
52 30 40
52 31 30
52 32 40
52 33 60
52 34 30
52 35 30
52 36 30
52 37 40
52 38 30
52 39 30
52 40 80
52 41 60
52 42 40
52 43 60
52 44 40
52 45 40
52 46 60
52 47 40
52 48 40
52 49 80
52 50 60
52 51 30
52 53 80
53 0 60
53 1 60
53 2 80
53 3 80
53 4 40
53 5 30
53 6 80
53 7 60
53 8 80
53 9 80
53 10 60
53 11 40
53 12 60
53 13 80
53 14 60
53 15 40
53 16 80
53 17 80
53 18 40
53 19 40
53 20 80
53 21 30
53 22 80
53 23 40
53 24 80
53 25 30
53 26 30
53 27 30
53 28 30
53 29 60
53 30 30
53 31 30
53 32 60
53 33 80
53 34 60
53 35 40
53 36 30
53 37 30
53 38 60
53 39 40
53 40 30
53 41 30
53 42 40
53 43 40
53 44 30
53 45 80
53 46 80
53 47 60
53 48 80
53 49 30
53 50 80
53 51 60
53 52 80
