NAME C50R8-1
SOURCE Zhang et al. (2018) methodology — reproducible synthetic benchmark
N_CUSTOMERS 50
N_STATIONS 8
VARIANT 1
GRID_MILES 200.0
VEHICLE_CAPACITY 3.0
BATTERY_KWH 110.0
CURB_WEIGHT_KG 2000.0
ALPHA_ARC 0.0981
BETA_VEH 2.11
EFF_D 1.11
EFF_M 1.25
SPEED_SEED 2998990832
CUSTOMER_SEED 59850
STATION_SEED 70663

NODES
0 160934.400000 160934.400000 0.000000 depot_start
1 186847.138572 39839.552598 0.085313 customer
2 2665.635826 224201.111598 0.065431 customer
3 285652.025200 297277.234926 0.094302 customer
4 251242.037208 314568.677533 0.118913 customer
5 157283.406526 129163.869839 0.077616 customer
6 256829.842764 263225.827141 0.098908 customer
7 306228.615141 197907.042289 0.112597 customer
8 93744.291947 4340.650494 0.099322 customer
9 237721.216137 261324.906181 0.070001 customer
10 128764.422547 31296.457718 0.103697 customer
11 237623.735083 148879.747977 0.128899 customer
12 113390.205045 253623.521541 0.057514 customer
13 250606.382640 212416.396362 0.076665 customer
14 64176.336647 70151.544139 0.060692 customer
15 135076.792039 138466.167171 0.143878 customer
16 294846.915039 253518.044578 0.135892 customer
17 54696.024139 1887.784619 0.121442 customer
18 151287.624413 163066.400690 0.111149 customer
19 229860.652377 165128.876224 0.121738 customer
20 51865.733971 256315.265762 0.083486 customer
21 258461.559547 7248.001147 0.128998 customer
22 206082.857867 207151.591396 0.069880 customer
23 3199.029065 164753.392628 0.071727 customer
24 14718.841775 306551.262819 0.099306 customer
25 287613.960954 269609.577533 0.129319 customer
26 25944.315049 101689.462098 0.076793 customer
27 112611.310912 39537.658080 0.134227 customer
28 228970.231502 218745.148188 0.060099 customer
29 244046.441301 290600.190553 0.085347 customer
30 103464.285277 168285.541998 0.052859 customer
31 164096.685493 29208.328633 0.102661 customer
32 95761.369515 234499.219719 0.116703 customer
33 43401.759236 121470.180803 0.117752 customer
34 280370.331853 295607.825978 0.127538 customer
35 40533.340947 38024.651110 0.064098 customer
36 128357.425101 306227.438341 0.117109 customer
37 101147.748724 120074.217180 0.137011 customer
38 145664.860592 3714.637824 0.085746 customer
39 109155.114772 102815.547907 0.133275 customer
40 242977.374255 298914.322295 0.061584 customer
41 151966.402042 128850.369814 0.107046 customer
42 125417.648204 286475.741975 0.072752 customer
43 264286.417960 81790.513939 0.100019 customer
44 35229.892670 297509.162742 0.148858 customer
45 250985.338659 12821.269419 0.083405 customer
46 125748.897605 199140.768129 0.075190 customer
47 315606.812379 276563.902500 0.120781 customer
48 166927.256643 241190.899152 0.062396 customer
49 215309.755375 137555.133323 0.062304 customer
50 59093.098139 138153.136538 0.079525 customer
51 66730.379411 68634.901019 0.000000 station
52 239266.612904 305770.935010 0.000000 station
53 66039.991015 136260.259093 0.000000 station
54 298330.459042 163882.339263 0.000000 station
55 210004.517450 314467.279371 0.000000 station
56 289281.693996 178877.682132 0.000000 station
57 154679.066573 29028.163438 0.000000 station
58 178761.841555 83835.837837 0.000000 station
59 160934.400000 160934.400000 0.000000 depot_end

SPEEDS
0 1 80
0 2 60
0 3 30
0 4 60
0 5 40
0 6 80
0 7 40
0 8 30
0 9 60
0 10 30
0 11 60
0 12 40
0 13 60
0 14 60
0 15 40
0 16 30
0 17 80
0 18 60
0 19 60
0 20 40
0 21 30
0 22 40
0 23 40
0 24 40
0 25 40
0 26 80
0 27 80
0 28 80
0 29 60
0 30 30
0 31 60
0 32 30
0 33 80
0 34 80
0 35 80
0 36 80
0 37 60
0 38 80
0 39 40
0 40 80
0 41 30
0 42 60
0 43 80
0 44 60
0 45 30
0 46 80
0 47 40
0 48 80
0 49 80
0 50 40
0 51 60
0 52 40
0 53 80
0 54 30
0 55 30
0 56 80
0 57 30
0 58 60
0 59 80
1 0 60
1 2 60
1 3 40
1 4 60
1 5 60
1 6 30
1 7 60
1 8 60
1 9 60
1 10 40
1 11 40
1 12 30
1 13 30
1 14 30
1 15 60
1 16 80
1 17 30
1 18 40
1 19 60
1 20 30
1 21 40
1 22 40
1 23 40
1 24 80
1 25 30
1 26 80
1 27 30
1 28 80
1 29 30
1 30 30
1 31 30
1 32 30
1 33 60
1 34 40
1 35 40
1 36 40
1 37 30
1 38 30
1 39 80
1 40 40
1 41 40
1 42 80
1 43 30
1 44 30
1 45 80
1 46 40
1 47 60
1 48 80
1 49 60
1 50 60
1 51 80
1 52 80
1 53 40
1 54 60
1 55 60
1 56 80
1 57 80
1 58 40
1 59 60
2 0 60
2 1 80
2 3 60
2 4 80
2 5 80
2 6 80
2 7 60
2 8 60
2 9 80
2 10 60
2 11 80
2 12 30
2 13 40
2 14 30
2 15 80
2 16 40
2 17 60
2 18 80
2 19 30
2 20 30
2 21 60
2 22 40
2 23 30
2 24 40
2 25 80
2 26 60
2 27 80
2 28 30
2 29 80
2 30 40
2 31 60
2 32 80
2 33 30
2 34 80
2 35 80
2 36 60
2 37 60
2 38 40
2 39 40
2 40 80
2 41 30
2 42 40
2 43 30
2 44 80
2 45 40
2 46 40
2 47 30
2 48 60
2 49 40
2 50 60
2 51 80
2 52 60
2 53 80
2 54 60
2 55 80
2 56 80
2 57 60
2 58 40
2 59 80
3 0 40
3 1 80
3 2 60
3 4 80
3 5 60
3 6 60
3 7 60
3 8 80
3 9 60
3 10 40
3 11 40
3 12 60
3 13 40
3 14 80
3 15 80
3 16 60
3 17 30
3 18 40
3 19 80
3 20 40
3 21 40
3 22 40
3 23 60
3 24 30
3 25 60
3 26 40
3 27 30
3 28 30
3 29 30
3 30 40
3 31 80
3 32 30
3 33 60
3 34 40
3 35 60
3 36 30
3 37 60
3 38 60
3 39 80
3 40 30
3 41 60
3 42 80
3 43 30
3 44 60
3 45 30
3 46 30
3 47 40
3 48 40
3 49 30
3 50 80
3 51 60
3 52 40
3 53 60
3 54 30
3 55 60
3 56 80
3 57 80
3 58 60
3 59 60
4 0 30
4 1 80
4 2 30
4 3 60
4 5 60
4 6 40
4 7 30
4 8 60
4 9 60
4 10 40
4 11 60
4 12 60
4 13 80
4 14 40
4 15 80
4 16 30
4 17 60
4 18 60
4 19 80
4 20 80
4 21 60
4 22 80
4 23 40
4 24 30
4 25 40
4 26 30
4 27 60
4 28 80
4 29 40
4 30 30
4 31 30
4 32 80
4 33 30
4 34 40
4 35 40
4 36 40
4 37 30
4 38 60
4 39 60
4 40 60
4 41 40
4 42 30
4 43 30
4 44 60
4 45 60
4 46 40
4 47 60
4 48 30
4 49 60
4 50 40
4 51 60
4 52 40
4 53 40
4 54 60
4 55 30
4 56 30
4 57 40
4 58 40
4 59 30
5 0 60
5 1 30
5 2 60
5 3 60
5 4 30
5 6 60
5 7 30
5 8 60
5 9 40
5 10 30
5 11 30
5 12 40
5 13 40
5 14 30
5 15 80
5 16 60
5 17 60
5 18 60
5 19 40
5 20 60
5 21 60
5 22 80
5 23 80
5 24 80
5 25 30
5 26 40
5 27 30
5 28 30
5 29 30
5 30 80
5 31 30
5 32 30
5 33 80
5 34 80
5 35 60
5 36 40
5 37 80
5 38 30
5 39 80
5 40 80
5 41 40
5 42 30
5 43 80
5 44 40
5 45 40
5 46 40
5 47 60
5 48 30
5 49 60
5 50 60
5 51 80
5 52 30
5 53 30
5 54 60
5 55 60
5 56 40
5 57 60
5 58 80
5 59 60
6 0 40
6 1 60
6 2 30
6 3 80
6 4 60
6 5 40
6 7 80
6 8 40
6 9 80
6 10 60
6 11 40
6 12 80
6 13 40
6 14 40
6 15 40
6 16 80
6 17 30
6 18 60
6 19 30
6 20 60
6 21 80
6 22 60
6 23 80
6 24 40
6 25 30
6 26 60
6 27 60
6 28 40
6 29 60
6 30 40
6 31 60
6 32 80
6 33 80
6 34 30
6 35 30
6 36 60
6 37 40
6 38 80
6 39 60
6 40 40
6 41 30
6 42 40
6 43 60
6 44 30
6 45 40
6 46 40
6 47 30
6 48 30
6 49 60
6 50 60
6 51 80
6 52 40
6 53 30
6 54 40
6 55 80
6 56 60
6 57 60
6 58 60
6 59 30
7 0 80
7 1 60
7 2 60
7 3 40
7 4 40
7 5 60
7 6 40
7 8 40
7 9 40
7 10 60
7 11 40
7 12 60
7 13 80
7 14 30
7 15 40
7 16 60
7 17 60
7 18 60
7 19 80
7 20 80
7 21 80
7 22 60
7 23 40
7 24 40
7 25 80
7 26 30
7 27 60
7 28 40
7 29 80
7 30 30
7 31 80
7 32 80
7 33 40
7 34 40
7 35 30
7 36 80
7 37 80
7 38 80
7 39 80
7 40 40
7 41 60
7 42 30
7 43 60
7 44 80
7 45 40
7 46 60
7 47 60
7 48 60
7 49 40
7 50 40
7 51 60
7 52 30
7 53 80
7 54 40
7 55 80
7 56 40
7 57 80
7 58 40
7 59 30
8 0 40
8 1 80
8 2 60
8 3 40
8 4 40
8 5 40
8 6 30
8 7 60
8 9 30
8 10 40
8 11 30
8 12 80
8 13 40
8 14 30
8 15 40
8 16 80
8 17 40
8 18 30
8 19 80
8 20 80
8 21 80
8 22 80
8 23 60
8 24 30
8 25 60
8 26 40
8 27 40
8 28 40
8 29 60
8 30 40
8 31 80
8 32 60
8 33 80
8 34 40
8 35 80
8 36 60
8 37 30
8 38 60
8 39 30
8 40 60
8 41 80
8 42 80
8 43 60
8 44 80
8 45 40
8 46 40
8 47 60
8 48 60
8 49 60
8 50 40
8 51 40
8 52 40
8 53 40
8 54 60
8 55 30
8 56 80
8 57 80
8 58 40
8 59 40
9 0 60
9 1 30
9 2 80
9 3 30
9 4 30
9 5 80
9 6 40
9 7 80
9 8 40
9 10 40
9 11 60
9 12 80
9 13 40
9 14 40
9 15 60
9 16 80
9 17 30
9 18 30
9 19 60
9 20 60
9 21 30
9 22 40
9 23 80
9 24 80
9 25 40
9 26 60
9 27 60
9 28 60
9 29 30
9 30 80
9 31 80
9 32 80
9 33 30
9 34 60
9 35 30
9 36 60
9 37 60
9 38 30
9 39 30
9 40 60
9 41 60
9 42 60
9 43 30
9 44 40
9 45 60
9 46 80
9 47 40
9 48 40
9 49 80
9 50 40
9 51 60
9 52 80
9 53 30
9 54 60
9 55 30
9 56 30
9 57 80
9 58 30
9 59 60
10 0 80
10 1 60
10 2 30
10 3 80
10 4 80
10 5 40
10 6 40
10 7 40
10 8 30
10 9 80
10 11 80
10 12 40
10 13 80
10 14 30
10 15 60
10 16 30
10 17 60
10 18 60
10 19 80
10 20 60
10 21 80
10 22 80
10 23 80
10 24 40
10 25 40
10 26 80
10 27 60
10 28 30
10 29 40
10 30 80
10 31 60
10 32 60
10 33 60
10 34 60
10 35 80
10 36 60
10 37 30
10 38 80
10 39 30
10 40 30
10 41 80
10 42 40
10 43 60
10 44 60
10 45 60
10 46 30
10 47 40
10 48 80
10 49 40
10 50 40
10 51 30
10 52 30
10 53 30
10 54 60
10 55 80
10 56 60
10 57 80
10 58 60
10 59 60
11 0 60
11 1 80
11 2 60
11 3 60
11 4 40
11 5 80
11 6 80
11 7 40
11 8 60
11 9 30
11 10 60
11 12 30
11 13 60
11 14 80
11 15 80
11 16 40
11 17 30
11 18 30
11 19 80
11 20 40
11 21 40
11 22 60
11 23 30
11 24 60
11 25 30
11 26 30
11 27 60
11 28 60
11 29 30
11 30 60
11 31 30
11 32 60
11 33 40
11 34 60
11 35 60
11 36 40
11 37 80
11 38 30
11 39 80
11 40 30
11 41 60
11 42 60
11 43 60
11 44 80
11 45 80
11 46 60
11 47 40
11 48 30
11 49 60
11 50 60
11 51 40
11 52 30
11 53 30
11 54 40
11 55 80
11 56 30
11 57 30
11 58 40
11 59 40
12 0 80
12 1 80
12 2 60
12 3 40
12 4 60
12 5 80
12 6 60
12 7 30
12 8 30
12 9 60
12 10 30
12 11 40
12 13 80
12 14 40
12 15 40
12 16 40
12 17 80
12 18 80
12 19 40
12 20 60
12 21 30
12 22 40
12 23 60
12 24 80
12 25 30
12 26 60
12 27 40
12 28 60
12 29 30
12 30 60
12 31 80
12 32 60
12 33 40
12 34 60
12 35 60
12 36 60
12 37 30
12 38 60
12 39 30
12 40 80
12 41 30
12 42 40
12 43 80
12 44 30
12 45 60
12 46 80
12 47 80
12 48 80
12 49 60
12 50 80
12 51 30
12 52 80
12 53 60
12 54 30
12 55 30
12 56 40
12 57 80
12 58 80
12 59 30
13 0 30
13 1 80
13 2 80
13 3 30
13 4 80
13 5 80
13 6 60
13 7 40
13 8 60
13 9 60
13 10 40
13 11 30
13 12 80
13 14 30
13 15 30
13 16 30
13 17 80
13 18 30
13 19 30
13 20 30
13 21 80
13 22 40
13 23 40
13 24 60
13 25 60
13 26 60
13 27 40
13 28 80
13 29 80
13 30 60
13 31 60
13 32 30
13 33 30
13 34 30
13 35 40
13 36 40
13 37 80
13 38 80
13 39 30
13 40 30
13 41 30
13 42 60
13 43 80
13 44 80
13 45 40
13 46 60
13 47 80
13 48 80
13 49 80
13 50 30
13 51 30
13 52 80
13 53 30
13 54 40
13 55 80
13 56 80
13 57 30
13 58 30
13 59 80
14 0 60
14 1 80
14 2 80
14 3 80
14 4 80
14 5 40
14 6 80
14 7 80
14 8 80
14 9 80
14 10 60
14 11 80
14 12 30
14 13 40
14 15 60
14 16 30
14 17 60
14 18 60
14 19 30
14 20 60
14 21 60
14 22 40
14 23 40
14 24 40
14 25 30
14 26 80
14 27 80
14 28 30
14 29 40
14 30 40
14 31 40
14 32 30
14 33 80
14 34 80
14 35 40
14 36 80
14 37 60
14 38 60
14 39 60
14 40 80
14 41 30
14 42 60
14 43 80
14 44 30
14 45 40
14 46 80
14 47 60
14 48 60
14 49 40
14 50 80
14 51 30
14 52 30
14 53 40
14 54 80
14 55 40
14 56 80
14 57 40
14 58 40
14 59 60
15 0 80
15 1 80
15 2 80
15 3 60
15 4 40
15 5 30
15 6 30
15 7 30
15 8 80
15 9 80
15 10 60
15 11 30
15 12 60
15 13 40
15 14 60
15 16 60
15 17 40
15 18 40
15 19 40
15 20 30
15 21 40
15 22 60
15 23 30
15 24 60
15 25 80
15 26 30
15 27 30
15 28 30
15 29 40
15 30 60
15 31 60
15 32 30
15 33 80
15 34 60
15 35 30
15 36 60
15 37 40
15 38 60
15 39 60
15 40 30
15 41 60
15 42 60
15 43 60
15 44 60
15 45 80
15 46 30
15 47 80
15 48 40
15 49 40
15 50 40
15 51 30
15 52 60
15 53 40
15 54 40
15 55 60
15 56 80
15 57 60
15 58 30
15 59 60
16 0 40
16 1 30
16 2 80
16 3 40
16 4 30
16 5 80
16 6 30
16 7 60
16 8 80
16 9 30
16 10 80
16 11 40
16 12 80
16 13 40
16 14 40
16 15 80
16 17 80
16 18 60
16 19 40
16 20 40
16 21 40
16 22 40
16 23 40
16 24 80
16 25 30
16 26 60
16 27 80
16 28 40
16 29 30
16 30 60
16 31 60
16 32 40
16 33 30
16 34 80
16 35 60
16 36 60
16 37 30
16 38 40
16 39 30
16 40 40
16 41 40
16 42 40
16 43 30
16 44 80
16 45 40
16 46 60
16 47 80
16 48 30
16 49 80
16 50 30
16 51 40
16 52 30
16 53 40
16 54 80
16 55 40
16 56 60
16 57 80
16 58 30
16 59 80
17 0 80
17 1 30
17 2 60
17 3 40
17 4 80
17 5 60
17 6 80
17 7 30
17 8 60
17 9 40
17 10 60
17 11 30
17 12 40
17 13 40
17 14 30
17 15 30
17 16 30
17 18 80
17 19 30
17 20 30
17 21 40
17 22 60
17 23 60
17 24 60
17 25 60
17 26 80
17 27 80
17 28 30
17 29 60
17 30 60
17 31 80
17 32 30
17 33 80
17 34 30
17 35 30
17 36 40
17 37 80
17 38 30
17 39 60
17 40 30
17 41 30
17 42 80
17 43 60
17 44 40
17 45 60
17 46 60
17 47 40
17 48 80
17 49 30
17 50 40
17 51 40
17 52 30
17 53 60
17 54 40
17 55 80
17 56 40
17 57 30
17 58 30
17 59 30
18 0 60
18 1 30
18 2 80
18 3 30
18 4 60
18 5 30
18 6 80
18 7 80
18 8 80
18 9 80
18 10 30
18 11 40
18 12 60
18 13 40
18 14 80
18 15 40
18 16 40
18 17 30
18 19 30
18 20 80
18 21 30
18 22 80
18 23 80
18 24 30
18 25 80
18 26 60
18 27 40
18 28 60
18 29 30
18 30 40
18 31 60
18 32 80
18 33 80
18 34 60
18 35 80
18 36 30
18 37 80
18 38 80
18 39 80
18 40 60
18 41 60
18 42 40
18 43 80
18 44 40
18 45 80
18 46 60
18 47 40
18 48 40
18 49 40
18 50 80
18 51 30
18 52 40
18 53 30
18 54 60
18 55 30
18 56 80
18 57 40
18 58 40
18 59 30
19 0 60
19 1 80
19 2 40
19 3 60
19 4 60
19 5 40
19 6 80
19 7 30
19 8 80
19 9 60
19 10 40
19 11 60
19 12 30
19 13 80
19 14 30
19 15 30
19 16 80
19 17 40
19 18 80
19 20 80
19 21 40
19 22 40
19 23 40
19 24 30
19 25 40
19 26 30
19 27 30
19 28 60
19 29 40
19 30 40
19 31 30
19 32 60
19 33 30
19 34 30
19 35 80
19 36 30
19 37 40
19 38 30
19 39 40
19 40 40
19 41 40
19 42 30
19 43 60
19 44 40
19 45 30
19 46 60
19 47 60
19 48 40
19 49 60
19 50 30
19 51 30
19 52 80
19 53 40
19 54 60
19 55 80
19 56 60
19 57 30
19 58 80
19 59 80
20 0 40
20 1 80
20 2 30
20 3 60
20 4 40
20 5 40
20 6 30
20 7 30
20 8 80
20 9 40
20 10 40
20 11 60
20 12 60
20 13 60
20 14 80
20 15 40
20 16 60
20 17 30
20 18 60
20 19 40
20 21 60
20 22 80
20 23 40
20 24 60
20 25 40
20 26 30
20 27 80
20 28 30
20 29 30
20 30 40
20 31 30
20 32 60
20 33 60
20 34 30
20 35 30
20 36 60
20 37 30
20 38 30
20 39 30
20 40 40
20 41 40
20 42 60
20 43 80
20 44 80
20 45 80
20 46 80
20 47 80
20 48 30
20 49 60
20 50 30
20 51 80
20 52 80
20 53 60
20 54 40
20 55 30
20 56 40
20 57 40
20 58 30
20 59 40
21 0 60
21 1 40
21 2 40
21 3 80
21 4 40
21 5 80
21 6 30
21 7 60
21 8 80
21 9 40
21 10 30
21 11 40
21 12 40
21 13 40
21 14 40
21 15 30
21 16 40
21 17 40
21 18 30
21 19 30
21 20 80
21 22 40
21 23 30
21 24 40
21 25 40
21 26 40
21 27 40
21 28 60
21 29 30
21 30 80
21 31 60
21 32 80
21 33 60
21 34 30
21 35 60
21 36 40
21 37 60
21 38 60
21 39 60
21 40 30
21 41 40
21 42 60
21 43 80
21 44 30
21 45 40
21 46 60
21 47 60
21 48 30
21 49 80
21 50 60
21 51 80
21 52 60
21 53 80
21 54 60
21 55 80
21 56 40
21 57 40
21 58 80
21 59 80
22 0 40
22 1 30
22 2 60
22 3 40
22 4 60
22 5 40
22 6 80
22 7 60
22 8 60
22 9 60
22 10 60
22 11 80
22 12 40
22 13 30
22 14 80
22 15 30
22 16 30
22 17 30
22 18 30
22 19 80
22 20 30
22 21 40
22 23 60
22 24 30
22 25 30
22 26 60
22 27 30
22 28 60
22 29 80
22 30 40
22 31 80
22 32 80
22 33 30
22 34 40
22 35 30
22 36 60
22 37 60
22 38 30
22 39 40
22 40 30
22 41 60
22 42 80
22 43 80
22 44 40
22 45 60
22 46 40
22 47 30
22 48 80
22 49 60
22 50 30
22 51 40
22 52 40
22 53 40
22 54 30
22 55 60
22 56 80
22 57 40
22 58 40
22 59 60
23 0 60
23 1 80
23 2 30
23 3 30
23 4 40
23 5 60
23 6 80
23 7 60
23 8 60
23 9 80
23 10 30
23 11 30
23 12 30
23 13 60
23 14 60
23 15 40
23 16 40
23 17 80
23 18 40
23 19 80
23 20 60
23 21 60
23 22 30
23 24 30
23 25 30
23 26 60
23 27 60
23 28 30
23 29 30
23 30 80
23 31 40
23 32 30
23 33 80
23 34 60
23 35 60
23 36 80
23 37 40
23 38 30
23 39 40
23 40 40
23 41 60
23 42 30
23 43 40
23 44 60
23 45 30
23 46 60
23 47 30
23 48 30
23 49 30
23 50 30
23 51 40
23 52 40
23 53 40
23 54 30
23 55 40
23 56 60
23 57 60
23 58 80
23 59 40
24 0 80
24 1 80
24 2 40
24 3 40
24 4 30
24 5 80
24 6 60
24 7 60
24 8 30
24 9 80
24 10 40
24 11 40
24 12 80
24 13 60
24 14 60
24 15 30
24 16 80
24 17 80
24 18 30
24 19 30
24 20 30
24 21 40
24 22 60
24 23 30
24 25 30
24 26 40
24 27 30
24 28 80
24 29 60
24 30 40
24 31 80
24 32 60
24 33 80
24 34 40
24 35 80
24 36 60
24 37 80
24 38 60
24 39 60
24 40 30
24 41 40
24 42 60
24 43 80
24 44 80
24 45 40
24 46 30
24 47 30
24 48 30
24 49 80
24 50 80
24 51 30
24 52 80
24 53 40
24 54 80
24 55 30
24 56 60
24 57 40
24 58 60
24 59 60
25 0 40
25 1 80
25 2 80
25 3 60
25 4 80
25 5 30
25 6 40
25 7 60
25 8 60
25 9 40
25 10 30
25 11 30
25 12 80
25 13 30
25 14 30
25 15 40
25 16 80
25 17 60
25 18 80
25 19 60
25 20 60
25 21 30
25 22 80
25 23 80
25 24 30
25 26 30
25 27 30
25 28 80
25 29 30
25 30 80
25 31 60
25 32 30
25 33 30
25 34 40
25 35 60
25 36 60
25 37 60
25 38 60
25 39 40
25 40 40
25 41 40
25 42 30
25 43 30
25 44 60
25 45 30
25 46 80
25 47 60
25 48 40
25 49 30
25 50 30
25 51 30
25 52 30
25 53 40
25 54 40
25 55 40
25 56 40
25 57 60
25 58 30
25 59 30
26 0 80
26 1 30
26 2 60
26 3 60
26 4 80
26 5 80
26 6 40
26 7 60
26 8 60
26 9 40
26 10 60
26 11 60
26 12 60
26 13 40
26 14 30
26 15 40
26 16 40
26 17 30
26 18 80
26 19 80
26 20 60
26 21 30
26 22 60
26 23 30
26 24 60
26 25 40
26 27 30
26 28 60
26 29 60
26 30 40
26 31 30
26 32 60
26 33 60
26 34 30
26 35 30
26 36 40
26 37 80
26 38 60
26 39 80
26 40 80
26 41 30
26 42 30
26 43 60
26 44 80
26 45 80
26 46 30
26 47 40
26 48 80
26 49 40
26 50 80
26 51 80
26 52 30
26 53 80
26 54 60
26 55 30
26 56 40
26 57 30
26 58 30
26 59 30
27 0 60
27 1 60
27 2 60
27 3 60
27 4 60
27 5 60
27 6 80
27 7 30
27 8 40
27 9 60
27 10 60
27 11 30
27 12 80
27 13 40
27 14 60
27 15 40
27 16 60
27 17 40
27 18 30
27 19 80
27 20 30
27 21 40
27 22 80
27 23 80
27 24 40
27 25 30
27 26 80
27 28 60
27 29 40
27 30 40
27 31 60
27 32 60
27 33 60
27 34 80
27 35 30
27 36 80
27 37 30
27 38 40
27 39 80
27 40 80
27 41 60
27 42 30
27 43 80
27 44 30
27 45 40
27 46 60
27 47 40
27 48 30
27 49 80
27 50 80
27 51 80
27 52 30
27 53 80
27 54 40
27 55 30
27 56 30
27 57 30
27 58 80
27 59 40
28 0 40
28 1 30
28 2 40
28 3 80
28 4 30
28 5 40
28 6 40
28 7 30
28 8 60
28 9 40
28 10 40
28 11 80
28 12 80
28 13 60
28 14 60
28 15 80
28 16 40
28 17 40
28 18 40
28 19 60
28 20 40
28 21 60
28 22 40
28 23 60
28 24 60
28 25 80
28 26 80
28 27 40
28 29 60
28 30 30
28 31 40
28 32 40
28 33 40
28 34 60
28 35 30
28 36 80
28 37 60
28 38 40
28 39 80
28 40 40
28 41 30
28 42 40
28 43 60
28 44 80
28 45 80
28 46 40
28 47 80
28 48 40
28 49 60
28 50 80
28 51 60
28 52 60
28 53 30
28 54 80
28 55 80
28 56 80
28 57 80
28 58 80
28 59 80
29 0 80
29 1 80
29 2 60
29 3 30
29 4 80
29 5 80
29 6 60
29 7 40
29 8 40
29 9 60
29 10 80
29 11 40
29 12 60
29 13 80
29 14 80
29 15 40
29 16 80
29 17 40
29 18 60
29 19 30
29 20 40
29 21 30
29 22 40
29 23 40
29 24 40
29 25 60
29 26 80
29 27 30
29 28 80
29 30 30
29 31 40
29 32 30
29 33 40
29 34 40
29 35 40
29 36 30
29 37 40
29 38 30
29 39 40
29 40 30
29 41 40
29 42 40
29 43 40
29 44 40
29 45 40
29 46 30
29 47 80
29 48 30
29 49 80
29 50 30
29 51 60
29 52 30
29 53 30
29 54 40
29 55 80
29 56 30
29 57 80
29 58 40
29 59 40
30 0 40
30 1 80
30 2 60
30 3 60
30 4 80
30 5 80
30 6 30
30 7 30
30 8 40
30 9 40
30 10 60
30 11 30
30 12 30
30 13 40
30 14 30
30 15 40
30 16 40
30 17 30
30 18 30
30 19 30
30 20 60
30 21 60
30 22 40
30 23 60
30 24 30
30 25 40
30 26 40
30 27 60
30 28 40
30 29 40
30 31 30
30 32 30
30 33 60
30 34 30
30 35 60
30 36 80
30 37 60
30 38 60
30 39 60
30 40 30
30 41 40
30 42 40
30 43 80
30 44 60
30 45 80
30 46 40
30 47 30
30 48 30
30 49 60
30 50 60
30 51 60
30 52 80
30 53 40
30 54 80
30 55 40
30 56 80
30 57 80
30 58 30
30 59 60
31 0 30
31 1 30
31 2 60
31 3 60
31 4 60
31 5 30
31 6 30
31 7 60
31 8 80
31 9 60
31 10 80
31 11 40
31 12 40
31 13 30
31 14 30
31 15 30
31 16 60
31 17 30
31 18 80
31 19 80
31 20 30
31 21 40
31 22 40
31 23 80
31 24 30
31 25 40
31 26 30
31 27 80
31 28 60
31 29 40
31 30 80
31 32 40
31 33 80
31 34 40
31 35 40
31 36 80
31 37 40
31 38 80
31 39 80
31 40 30
31 41 30
31 42 40
31 43 30
31 44 30
31 45 30
31 46 80
31 47 60
31 48 80
31 49 80
31 50 30
31 51 40
31 52 40
31 53 60
31 54 80
31 55 80
31 56 60
31 57 40
31 58 80
31 59 80
32 0 80
32 1 40
32 2 30
32 3 40
32 4 80
32 5 80
32 6 80
32 7 30
32 8 40
32 9 40
32 10 30
32 11 60
32 12 60
32 13 60
32 14 80
32 15 80
32 16 30
32 17 40
32 18 60
32 19 30
32 20 80
32 21 30
32 22 60
32 23 60
32 24 40
32 25 60
32 26 60
32 27 80
32 28 40
32 29 30
32 30 80
32 31 40
32 33 30
32 34 80
32 35 80
32 36 80
32 37 40
32 38 60
32 39 60
32 40 80
32 41 60
32 42 60
32 43 80
32 44 80
32 45 30
32 46 40
32 47 30
32 48 80
32 49 80
32 50 60
32 51 30
32 52 30
32 53 60
32 54 40
32 55 80
32 56 40
32 57 60
32 58 60
32 59 40
33 0 60
33 1 60
33 2 60
33 3 80
33 4 60
33 5 80
33 6 40
33 7 80
33 8 30
33 9 30
33 10 30
33 11 80
33 12 80
33 13 40
33 14 80
33 15 60
33 16 30
33 17 40
33 18 60
33 19 30
33 20 60
33 21 30
33 22 60
33 23 30
33 24 80
33 25 80
33 26 60
33 27 30
33 28 80
33 29 80
33 30 30
33 31 30
33 32 60
33 34 80
33 35 60
33 36 30
33 37 80
33 38 60
33 39 30
33 40 80
33 41 40
33 42 40
33 43 80
33 44 40
33 45 40
33 46 80
33 47 80
33 48 30
33 49 80
33 50 40
33 51 80
33 52 40
33 53 30
33 54 40
33 55 40
33 56 60
33 57 60
33 58 60
33 59 80
34 0 60
34 1 80
34 2 40
34 3 30
34 4 80
34 5 30
34 6 80
34 7 40
34 8 30
34 9 80
34 10 30
34 11 80
34 12 40
34 13 80
34 14 30
34 15 60
34 16 80
34 17 30
34 18 60
34 19 80
34 20 40
34 21 30
34 22 30
34 23 80
34 24 30
34 25 60
34 26 30
34 27 80
34 28 80
34 29 60
34 30 80
34 31 40
34 32 30
34 33 40
34 35 60
34 36 80
34 37 80
34 38 40
34 39 40
34 40 40
34 41 30
34 42 80
34 43 60
34 44 40
34 45 80
34 46 40
34 47 60
34 48 40
34 49 30
34 50 80
34 51 60
34 52 80
34 53 60
34 54 60
34 55 60
34 56 60
34 57 40
34 58 30
34 59 40
35 0 30
35 1 40
35 2 30
35 3 40
35 4 80
35 5 60
35 6 80
35 7 40
35 8 60
35 9 40
35 10 60
35 11 30
35 12 60
35 13 30
35 14 30
35 15 80
35 16 30
35 17 60
35 18 30
35 19 60
35 20 80
35 21 30
35 22 40
35 23 80
35 24 80
35 25 60
35 26 60
35 27 60
35 28 60
35 29 30
35 30 40
35 31 30
35 32 30
35 33 30
35 34 30
35 36 30
35 37 80
35 38 80
35 39 80
35 40 40
35 41 80
35 42 30
35 43 40
35 44 30
35 45 80
35 46 60
35 47 60
35 48 30
35 49 80
35 50 40
35 51 80
35 52 30
35 53 60
35 54 40
35 55 30
35 56 80
35 57 80
35 58 30
35 59 30
36 0 60
36 1 60
36 2 60
36 3 40
36 4 60
36 5 40
36 6 80
36 7 30
36 8 40
36 9 30
36 10 40
36 11 40
36 12 80
36 13 30
36 14 40
36 15 30
36 16 30
36 17 60
36 18 60
36 19 40
36 20 80
36 21 60
36 22 60
36 23 40
36 24 30
36 25 80
36 26 60
36 27 40
36 28 60
36 29 80
36 30 60
36 31 30
36 32 60
36 33 60
36 34 30
36 35 40
36 37 60
36 38 40
36 39 60
36 40 30
36 41 30
36 42 80
36 43 30
36 44 80
36 45 60
36 46 30
36 47 60
36 48 40
36 49 40
36 50 80
36 51 60
36 52 40
36 53 40
36 54 30
36 55 40
36 56 80
36 57 80
36 58 80
36 59 80
37 0 30
37 1 80
37 2 30
37 3 60
37 4 40
37 5 40
37 6 60
37 7 40
37 8 60
37 9 60
37 10 60
37 11 40
37 12 80
37 13 80
37 14 60
37 15 30
37 16 60
37 17 60
37 18 30
37 19 60
37 20 30
37 21 80
37 22 40
37 23 60
37 24 60
37 25 30
37 26 60
37 27 60
37 28 40
37 29 80
37 30 60
37 31 80
37 32 40
37 33 30
37 34 60
37 35 30
37 36 40
37 38 60
37 39 60
37 40 30
37 41 40
37 42 60
37 43 30
37 44 40
37 45 40
37 46 30
37 47 80
37 48 30
37 49 60
37 50 60
37 51 40
37 52 80
37 53 40
37 54 60
37 55 60
37 56 80
37 57 60
37 58 60
37 59 60
38 0 80
38 1 60
38 2 80
38 3 30
38 4 60
38 5 60
38 6 80
38 7 60
38 8 40
38 9 40
38 10 40
38 11 80
38 12 60
38 13 60
38 14 80
38 15 60
38 16 60
38 17 30
38 18 40
38 19 40
38 20 80
38 21 80
38 22 60
38 23 40
38 24 30
38 25 60
38 26 80
38 27 60
38 28 60
38 29 40
38 30 80
38 31 40
38 32 40
38 33 40
38 34 60
38 35 80
38 36 40
38 37 40
38 39 30
38 40 40
38 41 60
38 42 30
38 43 80
38 44 80
38 45 80
38 46 80
38 47 40
38 48 60
38 49 80
38 50 40
38 51 60
38 52 60
38 53 60
38 54 30
38 55 40
38 56 30
38 57 40
38 58 60
38 59 80
39 0 60
39 1 60
39 2 80
39 3 30
39 4 30
39 5 80
39 6 60
39 7 30
39 8 40
39 9 80
39 10 60
39 11 80
39 12 80
39 13 30
39 14 80
39 15 80
39 16 30
39 17 80
39 18 80
39 19 60
39 20 30
39 21 30
39 22 60
39 23 60
39 24 30
39 25 40
39 26 40
39 27 30
39 28 30
39 29 40
39 30 80
39 31 80
39 32 30
39 33 30
39 34 40
39 35 30
39 36 30
39 37 30
39 38 40
39 40 30
39 41 60
39 42 40
39 43 30
39 44 40
39 45 80
39 46 60
39 47 60
39 48 40
39 49 30
39 50 40
39 51 80
39 52 40
39 53 60
39 54 40
39 55 60
39 56 30
39 57 40
39 58 30
39 59 80
40 0 80
40 1 40
40 2 80
40 3 40
40 4 80
40 5 60
40 6 40
40 7 80
40 8 80
40 9 60
40 10 80
40 11 40
40 12 40
40 13 80
40 14 40
40 15 30
40 16 40
40 17 80
40 18 60
40 19 40
40 20 60
40 21 40
40 22 40
40 23 80
40 24 40
40 25 80
40 26 60
40 27 30
40 28 30
40 29 60
40 30 80
40 31 40
40 32 30
40 33 40
40 34 40
40 35 60
40 36 80
40 37 40
40 38 80
40 39 30
40 41 60
40 42 40
40 43 60
40 44 30
40 45 40
40 46 80
40 47 60
40 48 40
40 49 30
40 50 30
40 51 80
40 52 60
40 53 80
40 54 40
40 55 30
40 56 30
40 57 40
40 58 60
40 59 60
41 0 80
41 1 60
41 2 30
41 3 40
41 4 40
41 5 80
41 6 60
41 7 40
41 8 40
41 9 80
41 10 40
41 11 80
41 12 80
41 13 80
41 14 60
41 15 80
41 16 30
41 17 40
41 18 80
41 19 60
41 20 60
41 21 40
41 22 80
41 23 80
41 24 80
41 25 60
41 26 60
41 27 40
41 28 80
41 29 40
41 30 30
41 31 80
41 32 30
41 33 60
41 34 60
41 35 60
41 36 40
41 37 80
41 38 40
41 39 80
41 40 40
41 42 30
41 43 40
41 44 80
41 45 60
41 46 40
41 47 30
41 48 40
41 49 40
41 50 60
41 51 60
41 52 30
41 53 60
41 54 80
41 55 60
41 56 80
41 57 80
41 58 60
41 59 40
42 0 30
42 1 80
42 2 80
42 3 40
42 4 60
42 5 40
42 6 30
42 7 30
42 8 60
42 9 80
42 10 30
42 11 80
42 12 40
42 13 60
42 14 40
42 15 30
42 16 30
42 17 40
42 18 60
42 19 60
42 20 60
42 21 60
42 22 30
42 23 60
42 24 80
42 25 40
42 26 40
42 27 80
42 28 60
42 29 80
42 30 60
42 31 40
42 32 40
42 33 80
42 34 40
42 35 40
42 36 40
42 37 80
42 38 60
42 39 80
42 40 60
42 41 60
42 43 60
42 44 30
42 45 80
42 46 40
42 47 40
42 48 60
42 49 80
42 50 40
42 51 40
42 52 40
42 53 60
42 54 60
42 55 30
42 56 30
42 57 30
42 58 80
42 59 40
43 0 80
43 1 30
43 2 30
43 3 40
43 4 30
43 5 80
43 6 80
43 7 80
43 8 80
43 9 40
43 10 30
43 11 30
43 12 30
43 13 60
43 14 40
43 15 60
43 16 40
43 17 80
43 18 40
43 19 40
43 20 40
43 21 80
43 22 40
43 23 80
43 24 30
43 25 30
43 26 40
43 27 30
43 28 30
43 29 40
43 30 80
43 31 40
43 32 60
43 33 60
43 34 60
43 35 60
43 36 40
43 37 40
43 38 30
43 39 60
43 40 80
43 41 80
43 42 30
43 44 80
43 45 60
43 46 80
43 47 60
43 48 80
43 49 60
43 50 40
43 51 60
43 52 80
43 53 60
43 54 80
43 55 40
43 56 80
43 57 80
43 58 30
43 59 60
44 0 40
44 1 60
44 2 30
44 3 60
44 4 40
44 5 30
44 6 60
44 7 60
44 8 30
44 9 40
44 10 40
44 11 40
44 12 30
44 13 40
44 14 40
44 15 60
44 16 60
44 17 30
44 18 30
44 19 30
44 20 30
44 21 80
44 22 80
44 23 40
44 24 80
44 25 60
44 26 30
44 27 60
44 28 80
44 29 80
44 30 80
44 31 60
44 32 80
44 33 30
44 34 60
44 35 60
44 36 40
44 37 60
44 38 40
44 39 80
44 40 40
44 41 30
44 42 30
44 43 60
44 45 60
44 46 60
44 47 30
44 48 80
44 49 40
44 50 60
44 51 30
44 52 80
44 53 60
44 54 40
44 55 80
44 56 80
44 57 30
44 58 40
44 59 60
45 0 40
45 1 30
45 2 60
45 3 80
45 4 60
45 5 30
45 6 60
45 7 30
45 8 30
45 9 60
45 10 30
45 11 80
45 12 80
45 13 30
45 14 30
45 15 30
45 16 40
45 17 60
45 18 30
45 19 60
45 20 30
45 21 60
45 22 60
45 23 40
45 24 30
45 25 80
45 26 60
45 27 80
45 28 80
45 29 30
45 30 30
45 31 30
45 32 40
45 33 80
45 34 60
45 35 60
45 36 60
45 37 30
45 38 40
45 39 30
45 40 80
45 41 40
45 42 60
45 43 60
45 44 80
45 46 30
45 47 80
45 48 30
45 49 40
45 50 30
45 51 40
45 52 80
45 53 40
45 54 80
45 55 80
45 56 40
45 57 30
45 58 40
45 59 60
46 0 30
46 1 60
46 2 30
46 3 80
46 4 40
46 5 60
46 6 80
46 7 40
46 8 60
46 9 60
46 10 40
46 11 80
46 12 30
46 13 40
46 14 40
46 15 60
46 16 80
46 17 80
46 18 40
46 19 60
46 20 30
46 21 60
46 22 60
46 23 80
46 24 80
46 25 30
46 26 60
46 27 30
46 28 30
46 29 80
46 30 60
46 31 80
46 32 80
46 33 30
46 34 40
46 35 60
46 36 60
46 37 30
46 38 40
46 39 60
46 40 60
46 41 40
46 42 30
46 43 60
46 44 80
46 45 80
46 47 30
46 48 30
46 49 30
46 50 30
46 51 40
46 52 40
46 53 30
46 54 60
46 55 40
46 56 30
46 57 80
46 58 60
46 59 60
47 0 30
47 1 80
47 2 40
47 3 60
47 4 60
47 5 60
47 6 80
47 7 30
47 8 30
47 9 40
47 10 60
47 11 40
47 12 60
47 13 80
47 14 30
47 15 30
47 16 30
47 17 40
47 18 40
47 19 80
47 20 80
47 21 40
47 22 40
47 23 40
47 24 30
47 25 40
47 26 40
47 27 40
47 28 60
47 29 60
47 30 60
47 31 60
47 32 60
47 33 80
47 34 40
47 35 80
47 36 40
47 37 30
47 38 60
47 39 60
47 40 80
47 41 60
47 42 80
47 43 40
47 44 40
47 45 40
47 46 60
47 48 30
47 49 60
47 50 40
47 51 40
47 52 40
47 53 40
47 54 80
47 55 60
47 56 40
47 57 30
47 58 60
47 59 40
48 0 80
48 1 40
48 2 30
48 3 60
48 4 40
48 5 40
48 6 40
48 7 30
48 8 30
48 9 40
48 10 40
48 11 80
48 12 30
48 13 40
48 14 40
48 15 60
48 16 60
48 17 30
48 18 60
48 19 60
48 20 40
48 21 30
48 22 40
48 23 40
48 24 80
48 25 60
48 26 80
48 27 30
48 28 30
48 29 40
48 30 30
48 31 80
48 32 60
48 33 40
48 34 80
48 35 30
48 36 30
48 37 60
48 38 40
48 39 40
48 40 60
48 41 40
48 42 80
48 43 60
48 44 30
48 45 40
48 46 30
48 47 60
48 49 60
48 50 30
48 51 40
48 52 80
48 53 80
48 54 80
48 55 40
48 56 80
48 57 40
48 58 60
48 59 30
49 0 40
49 1 60
49 2 60
49 3 80
49 4 80
49 5 40
49 6 60
49 7 30
49 8 30
49 9 40
49 10 60
49 11 30
49 12 80
49 13 40
49 14 60
49 15 80
49 16 60
49 17 30
49 18 60
49 19 60
49 20 80
49 21 30
49 22 30
49 23 30
49 24 40
49 25 60
49 26 30
49 27 80
49 28 80
49 29 80
49 30 30
49 31 40
49 32 80
49 33 30
49 34 30
49 35 80
49 36 80
49 37 30
49 38 80
49 39 60
49 40 30
49 41 30
49 42 40
49 43 60
49 44 80
49 45 40
49 46 30
49 47 30
49 48 80
49 50 80
49 51 80
49 52 30
49 53 30
49 54 40
49 55 40
49 56 60
49 57 40
49 58 80
49 59 30
50 0 80
50 1 60
50 2 40
50 3 40
50 4 60
50 5 40
50 6 40
50 7 40
50 8 30
50 9 80
50 10 80
50 11 80
50 12 30
50 13 60
50 14 30
50 15 40
50 16 30
50 17 30
50 18 80
50 19 80
50 20 40
50 21 40
50 22 80
50 23 60
50 24 30
50 25 60
50 26 80
50 27 40
50 28 30
50 29 40
50 30 30
50 31 30
50 32 30
50 33 40
50 34 30
50 35 40
50 36 60
50 37 30
50 38 60
50 39 80
50 40 60
50 41 60
50 42 80
50 43 60
50 44 40
50 45 30
50 46 60
50 47 80
50 48 40
50 49 80
50 51 60
50 52 80
50 53 30
50 54 80
50 55 30
50 56 80
50 57 40
50 58 30
50 59 40
51 0 30
51 1 30
51 2 40
51 3 80
51 4 30
51 5 80
51 6 40
51 7 40
51 8 40
51 9 40
51 10 80
51 11 40
51 12 40
51 13 60
51 14 30
51 15 40
51 16 60
51 17 80
51 18 30
51 19 80
51 20 60
51 21 80
51 22 60
51 23 30
51 24 30
51 25 80
51 26 60
51 27 30
51 28 30
51 29 60
51 30 80
51 31 80
51 32 40
51 33 30
51 34 40
51 35 60
51 36 80
51 37 40
51 38 40
51 39 40
51 40 80
51 41 60
51 42 60
51 43 30
51 44 40
51 45 80
51 46 40
51 47 30
51 48 80
51 49 40
51 50 60
51 52 60
51 53 60
51 54 80
51 55 60
51 56 40
51 57 60
51 58 80
51 59 40
52 0 80
52 1 40
52 2 60
52 3 60
52 4 60
52 5 40
52 6 80
52 7 30
52 8 80
52 9 60
52 10 60
52 11 40
52 12 60
52 13 80
52 14 80
52 15 80
52 16 60
52 17 60
52 18 30
52 19 40
52 20 40
52 21 80
52 22 30
52 23 30
52 24 80
52 25 80
52 26 40
52 27 80
52 28 80
52 29 40
52 30 80
52 31 30
52 32 60
52 33 40
52 34 40
52 35 40
52 36 60
52 37 40
52 38 30
52 39 60
52 40 60
52 41 80
52 42 30
52 43 80
52 44 40
52 45 80
52 46 40
52 47 30
52 48 30
52 49 40
52 50 30
52 51 30
52 53 40
52 54 30
52 55 80
52 56 80
52 57 40
52 58 40
52 59 40
53 0 60
53 1 30
53 2 80
53 3 80
53 4 40
53 5 40
53 6 60
53 7 80
53 8 40
53 9 80
53 10 80
53 11 30
53 12 40
53 13 30
53 14 30
53 15 40
53 16 60
53 17 40
53 18 80
53 19 60
53 20 40
53 21 40
53 22 60
53 23 60
53 24 60
53 25 40
53 26 30
53 27 80
53 28 60
53 29 40
53 30 40
53 31 60
53 32 60
53 33 40
53 34 60
53 35 40
53 36 80
53 37 80
53 38 40
53 39 30
53 40 30
53 41 40
53 42 40
53 43 40
53 44 30
53 45 60
53 46 80
53 47 60
53 48 80
53 49 30
53 50 60
53 51 40
53 52 40
53 54 60
53 55 80
53 56 60
53 57 30
53 58 30
53 59 60
54 0 40
54 1 40
54 2 60
54 3 80
54 4 60
54 5 60
54 6 40
54 7 80
54 8 60
54 9 40
54 10 80
54 11 60
54 12 60
54 13 60
54 14 40
54 15 30
54 16 80
54 17 30
54 18 30
54 19 30
54 20 40
54 21 80
54 22 60
54 23 80
54 24 60
54 25 40
54 26 60
54 27 60
54 28 40
54 29 60
54 30 40
54 31 80
54 32 60
54 33 80
54 34 80
54 35 30
54 36 60
54 37 40
54 38 60
54 39 30
54 40 80
54 41 60
54 42 30
54 43 80
54 44 60
54 45 60
54 46 30
54 47 30
54 48 60
54 49 30
54 50 60
54 51 80
54 52 30
54 53 60
54 55 60
54 56 40
54 57 30
54 58 80
54 59 30
55 0 60
55 1 30
55 2 80
55 3 60
55 4 40
55 5 80
55 6 80
55 7 80
55 8 40
55 9 80
55 10 60
55 11 40
55 12 60
55 13 60
55 14 60
55 15 40
55 16 60
55 17 60
55 18 60
55 19 80
55 20 40
55 21 60
55 22 60
55 23 40
55 24 30
55 25 60
55 26 30
55 27 40
55 28 80
55 29 80
55 30 80
55 31 60
55 32 30
55 33 40
55 34 40
55 35 30
55 36 60
55 37 60
55 38 80
55 39 80
55 40 40
55 41 80
55 42 60
55 43 30
55 44 40
55 45 30
55 46 30
55 47 60
55 48 80
55 49 30
55 50 60
55 51 60
55 52 60
55 53 40
55 54 40
55 56 40
55 57 30
55 58 30
55 59 40
56 0 60
56 1 60
56 2 60
56 3 30
56 4 80
56 5 40
56 6 40
56 7 80
56 8 80
56 9 30
56 10 60
56 11 80
56 12 80
56 13 40
56 14 40
56 15 60
56 16 40
56 17 80
56 18 80
56 19 30
56 20 60
56 21 30
56 22 30
56 23 80
56 24 30
56 25 30
56 26 30
56 27 40
56 28 30
56 29 80
56 30 30
56 31 60
56 32 60
56 33 80
56 34 80
56 35 60
56 36 80
56 37 60
56 38 30
56 39 60
56 40 80
56 41 60
56 42 30
56 43 60
56 44 80
56 45 80
56 46 60
56 47 40
56 48 30
56 49 80
56 50 80
56 51 80
56 52 60
56 53 40
56 54 60
56 55 80
56 57 80
56 58 60
56 59 40
57 0 40
57 1 80
57 2 30
57 3 30
57 4 80
57 5 60
57 6 80
57 7 80
57 8 80
57 9 30
57 10 30
57 11 30
57 12 30
57 13 60
57 14 60
57 15 30
57 16 40
57 17 30
57 18 80
57 19 80
57 20 80
57 21 80
57 22 40
57 23 30
57 24 60
57 25 30
57 26 40
57 27 40
57 28 30
57 29 40
57 30 60
57 31 40
57 32 30
57 33 30
57 34 60
57 35 30
57 36 30
57 37 60
57 38 60
57 39 30
57 40 60
57 41 40
57 42 40
57 43 80
57 44 40
57 45 30
57 46 40
57 47 80
57 48 30
57 49 30
57 50 40
57 51 30
57 52 80
57 53 30
57 54 60
57 55 40
57 56 40
57 58 60
57 59 40
58 0 40
58 1 30
58 2 30
58 3 80
58 4 40
58 5 30
58 6 30
58 7 30
58 8 30
58 9 30
58 10 60
58 11 30
58 12 30
58 13 60
58 14 60
58 15 80
58 16 40
58 17 60
58 18 80
58 19 30
58 20 80
58 21 30
58 22 30
58 23 30
58 24 80
58 25 30
58 26 40
58 27 30
58 28 40
58 29 60
58 30 30
58 31 80
58 32 80
58 33 80
58 34 60
58 35 80
58 36 30
58 37 30
58 38 40
58 39 40
58 40 80
58 41 40
58 42 30
58 43 60
58 44 80
58 45 40
58 46 40
58 47 60
58 48 80
58 49 60
58 50 80
58 51 30
58 52 40
58 53 40
58 54 60
58 55 30
58 56 40
58 57 40
58 59 80
59 0 40
59 1 40
59 2 40
59 3 30
59 4 80
59 5 40
59 6 40
59 7 80
59 8 40
59 9 80
59 10 30
59 11 60
59 12 60
59 13 30
59 14 80
59 15 30
59 16 80
59 17 40
59 18 30
59 19 40
59 20 40
59 21 30
59 22 40
59 23 30
59 24 80
59 25 30
59 26 30
59 27 80
59 28 80
59 29 60
59 30 40
59 31 80
59 32 60
59 33 60
59 34 60
59 35 40
59 36 40
59 37 60
59 38 60
59 39 40
59 40 60
59 41 80
59 42 60
59 43 30
59 44 80
59 45 40
59 46 60
59 47 80
59 48 80
59 49 80
59 50 30
59 51 60
59 52 30
59 53 30
59 54 80
59 55 30
59 56 40
59 57 60
59 58 40
