NAME C50R4-1
SOURCE Zhang et al. (2018) methodology — reproducible synthetic benchmark
N_CUSTOMERS 50
N_STATIONS 4
VARIANT 1
GRID_MILES 200.0
VEHICLE_CAPACITY 3.0
BATTERY_KWH 110.0
CURB_WEIGHT_KG 2000.0
ALPHA_ARC 0.0981
BETA_VEH 2.11
EFF_D 1.11
EFF_M 1.25
SPEED_SEED 2998922188
CUSTOMER_SEED 59850
STATION_SEED 70115

NODES
0 160934.400000 160934.400000 0.000000 depot_start
1 186847.138572 39839.552598 0.085313 customer
2 2665.635826 224201.111598 0.065431 customer
3 285652.025200 297277.234926 0.094302 customer
4 251242.037208 314568.677533 0.118913 customer
5 157283.406526 129163.869839 0.077616 customer
6 256829.842764 263225.827141 0.098908 customer
7 306228.615141 197907.042289 0.112597 customer
8 93744.291947 4340.650494 0.099322 customer
9 237721.216137 261324.906181 0.070001 customer
10 128764.422547 31296.457718 0.103697 customer
11 237623.735083 148879.747977 0.128899 customer
12 113390.205045 253623.521541 0.057514 customer
13 250606.382640 212416.396362 0.076665 customer
14 64176.336647 70151.544139 0.060692 customer
15 135076.792039 138466.167171 0.143878 customer
16 294846.915039 253518.044578 0.135892 customer
17 54696.024139 1887.784619 0.121442 customer
18 151287.624413 163066.400690 0.111149 customer
19 229860.652377 165128.876224 0.121738 customer
20 51865.733971 256315.265762 0.083486 customer
21 258461.559547 7248.001147 0.128998 customer
22 206082.857867 207151.591396 0.069880 customer
23 3199.029065 164753.392628 0.071727 customer
24 14718.841775 306551.262819 0.099306 customer
25 287613.960954 269609.577533 0.129319 customer
26 25944.315049 101689.462098 0.076793 customer
27 112611.310912 39537.658080 0.134227 customer
28 228970.231502 218745.148188 0.060099 customer
29 244046.441301 290600.190553 0.085347 customer
30 103464.285277 168285.541998 0.052859 customer
31 164096.685493 29208.328633 0.102661 customer
32 95761.369515 234499.219719 0.116703 customer
33 43401.759236 121470.180803 0.117752 customer
34 280370.331853 295607.825978 0.127538 customer
35 40533.340947 38024.651110 0.064098 customer
36 128357.425101 306227.438341 0.117109 customer
37 101147.748724 120074.217180 0.137011 customer
38 145664.860592 3714.637824 0.085746 customer
39 109155.114772 102815.547907 0.133275 customer
40 242977.374255 298914.322295 0.061584 customer
41 151966.402042 128850.369814 0.107046 customer
42 125417.648204 286475.741975 0.072752 customer
43 264286.417960 81790.513939 0.100019 customer
44 35229.892670 297509.162742 0.148858 customer
45 250985.338659 12821.269419 0.083405 customer
46 125748.897605 199140.768129 0.075190 customer
47 315606.812379 276563.902500 0.120781 customer
48 166927.256643 241190.899152 0.062396 customer
49 215309.755375 137555.133323 0.062304 customer
50 59093.098139 138153.136538 0.079525 customer
51 262564.030923 164018.874852 0.000000 station
52 253694.267423 301208.039975 0.000000 station
53 272260.884344 229032.175594 0.000000 station
54 73846.806523 134350.947370 0.000000 station
55 160934.400000 160934.400000 0.000000 depot_end

SPEEDS
0 1 80
0 2 80
0 3 30
0 4 30
0 5 80
0 6 60
0 7 40
0 8 30
0 9 40
0 10 80
0 11 80
0 12 40
0 13 40
0 14 80
0 15 30
0 16 80
0 17 40
0 18 60
0 19 80
0 20 30
0 21 60
0 22 80
0 23 30
0 24 60
0 25 60
0 26 40
0 27 40
0 28 40
0 29 80
0 30 40
0 31 80
0 32 40
0 33 30
0 34 30
0 35 60
0 36 30
0 37 40
0 38 80
0 39 60
0 40 30
0 41 60
0 42 40
0 43 40
0 44 60
0 45 80
0 46 30
0 47 80
0 48 30
0 49 60
0 50 40
0 51 60
0 52 40
0 53 40
0 54 60
0 55 40
1 0 40
1 2 30
1 3 40
1 4 60
1 5 30
1 6 40
1 7 80
1 8 60
1 9 60
1 10 60
1 11 30
1 12 40
1 13 60
1 14 30
1 15 60
1 16 60
1 17 80
1 18 40
1 19 40
1 20 80
1 21 80
1 22 30
1 23 30
1 24 60
1 25 40
1 26 40
1 27 40
1 28 60
1 29 30
1 30 30
1 31 30
1 32 80
1 33 80
1 34 30
1 35 60
1 36 30
1 37 30
1 38 80
1 39 60
1 40 30
1 41 80
1 42 60
1 43 30
1 44 80
1 45 30
1 46 60
1 47 80
1 48 40
1 49 40
1 50 40
1 51 30
1 52 60
1 53 30
1 54 40
1 55 30
2 0 60
2 1 60
2 3 80
2 4 60
2 5 40
2 6 30
2 7 40
2 8 40
2 9 40
2 10 80
2 11 80
2 12 30
2 13 80
2 14 40
2 15 40
2 16 60
2 17 40
2 18 80
2 19 30
2 20 80
2 21 80
2 22 30
2 23 40
2 24 80
2 25 80
2 26 30
2 27 80
2 28 40
2 29 80
2 30 60
2 31 30
2 32 60
2 33 30
2 34 80
2 35 40
2 36 40
2 37 30
2 38 30
2 39 60
2 40 40
2 41 80
2 42 30
2 43 40
2 44 80
2 45 30
2 46 80
2 47 30
2 48 40
2 49 30
2 50 60
2 51 60
2 52 80
2 53 80
2 54 60
2 55 60
3 0 30
3 1 30
3 2 30
3 4 80
3 5 40
3 6 30
3 7 40
3 8 80
3 9 40
3 10 60
3 11 60
3 12 60
3 13 30
3 14 40
3 15 30
3 16 60
3 17 60
3 18 40
3 19 30
3 20 40
3 21 40
3 22 80
3 23 60
3 24 30
3 25 80
3 26 60
3 27 40
3 28 80
3 29 30
3 30 60
3 31 30
3 32 60
3 33 80
3 34 80
3 35 30
3 36 30
3 37 60
3 38 40
3 39 60
3 40 40
3 41 40
3 42 40
3 43 60
3 44 80
3 45 40
3 46 30
3 47 80
3 48 60
3 49 80
3 50 30
3 51 80
3 52 40
3 53 40
3 54 30
3 55 30
4 0 40
4 1 60
4 2 30
4 3 60
4 5 80
4 6 40
4 7 80
4 8 60
4 9 80
4 10 30
4 11 60
4 12 40
4 13 60
4 14 60
4 15 40
4 16 60
4 17 80
4 18 80
4 19 80
4 20 40
4 21 60
4 22 40
4 23 80
4 24 80
4 25 80
4 26 40
4 27 40
4 28 80
4 29 80
4 30 40
4 31 80
4 32 40
4 33 30
4 34 80
4 35 40
4 36 40
4 37 80
4 38 80
4 39 30
4 40 30
4 41 30
4 42 30
4 43 40
4 44 60
4 45 80
4 46 60
4 47 60
4 48 60
4 49 30
4 50 30
4 51 40
4 52 80
4 53 40
4 54 80
4 55 30
5 0 60
5 1 60
5 2 80
5 3 30
5 4 30
5 6 40
5 7 60
5 8 80
5 9 60
5 10 80
5 11 30
5 12 40
5 13 80
5 14 40
5 15 60
5 16 80
5 17 60
5 18 30
5 19 80
5 20 40
5 21 80
5 22 80
5 23 80
5 24 40
5 25 80
5 26 60
5 27 80
5 28 30
5 29 60
5 30 80
5 31 40
5 32 40
5 33 80
5 34 30
5 35 60
5 36 40
5 37 40
5 38 40
5 39 40
5 40 40
5 41 60
5 42 60
5 43 40
5 44 40
5 45 60
5 46 60
5 47 30
5 48 40
5 49 30
5 50 80
5 51 40
5 52 40
5 53 80
5 54 30
5 55 30
6 0 60
6 1 80
6 2 80
6 3 60
6 4 60
6 5 30
6 7 60
6 8 30
6 9 60
6 10 30
6 11 60
6 12 40
6 13 40
6 14 60
6 15 40
6 16 30
6 17 80
6 18 40
6 19 30
6 20 80
6 21 30
6 22 60
6 23 40
6 24 80
6 25 80
6 26 30
6 27 60
6 28 60
6 29 80
6 30 30
6 31 80
6 32 80
6 33 40
6 34 80
6 35 60
6 36 30
6 37 60
6 38 40
6 39 30
6 40 40
6 41 30
6 42 40
6 43 30
6 44 80
6 45 80
6 46 60
6 47 80
6 48 40
6 49 30
6 50 40
6 51 40
6 52 80
6 53 40
6 54 30
6 55 60
7 0 40
7 1 40
7 2 30
7 3 40
7 4 30
7 5 30
7 6 80
7 8 40
7 9 60
7 10 60
7 11 40
7 12 60
7 13 60
7 14 30
7 15 80
7 16 30
7 17 80
7 18 40
7 19 80
7 20 30
7 21 40
7 22 30
7 23 30
7 24 30
7 25 30
7 26 40
7 27 40
7 28 30
7 29 40
7 30 60
7 31 80
7 32 60
7 33 30
7 34 80
7 35 40
7 36 30
7 37 30
7 38 30
7 39 60
7 40 30
7 41 80
7 42 40
7 43 80
7 44 80
7 45 30
7 46 80
7 47 60
7 48 60
7 49 40
7 50 80
7 51 40
7 52 60
7 53 60
7 54 30
7 55 80
8 0 30
8 1 60
8 2 40
8 3 40
8 4 30
8 5 80
8 6 60
8 7 40
8 9 80
8 10 60
8 11 80
8 12 40
8 13 30
8 14 60
8 15 30
8 16 30
8 17 80
8 18 30
8 19 80
8 20 40
8 21 80
8 22 60
8 23 60
8 24 60
8 25 60
8 26 60
8 27 40
8 28 60
8 29 80
8 30 30
8 31 30
8 32 40
8 33 80
8 34 60
8 35 40
8 36 30
8 37 60
8 38 40
8 39 60
8 40 30
8 41 80
8 42 80
8 43 60
8 44 80
8 45 30
8 46 60
8 47 30
8 48 40
8 49 40
8 50 30
8 51 60
8 52 80
8 53 40
8 54 30
8 55 60
9 0 40
9 1 30
9 2 60
9 3 60
9 4 40
9 5 30
9 6 60
9 7 80
9 8 40
9 10 40
9 11 60
9 12 30
9 13 30
9 14 30
9 15 60
9 16 40
9 17 40
9 18 80
9 19 80
9 20 60
9 21 80
9 22 60
9 23 30
9 24 60
9 25 40
9 26 40
9 27 30
9 28 40
9 29 60
9 30 80
9 31 60
9 32 30
9 33 30
9 34 80
9 35 60
9 36 40
9 37 60
9 38 80
9 39 60
9 40 80
9 41 60
9 42 40
9 43 30
9 44 80
9 45 30
9 46 30
9 47 60
9 48 80
9 49 80
9 50 60
9 51 80
9 52 60
9 53 80
9 54 40
9 55 60
10 0 80
10 1 30
10 2 40
10 3 80
10 4 80
10 5 60
10 6 80
10 7 30
10 8 40
10 9 40
10 11 30
10 12 40
10 13 30
10 14 60
10 15 60
10 16 30
10 17 40
10 18 60
10 19 60
10 20 40
10 21 80
10 22 60
10 23 80
10 24 40
10 25 80
10 26 30
10 27 60
10 28 30
10 29 80
10 30 40
10 31 80
10 32 40
10 33 60
10 34 80
10 35 60
10 36 30
10 37 40
10 38 80
10 39 40
10 40 80
10 41 80
10 42 80
10 43 80
10 44 80
10 45 40
10 46 80
10 47 40
10 48 30
10 49 40
10 50 60
10 51 80
10 52 30
10 53 80
10 54 80
10 55 60
11 0 80
11 1 40
11 2 80
11 3 80
11 4 40
11 5 60
11 6 60
11 7 30
11 8 30
11 9 30
11 10 80
11 12 30
11 13 30
11 14 60
11 15 40
11 16 60
11 17 40
11 18 80
11 19 80
11 20 60
11 21 80
11 22 40
11 23 40
11 24 30
11 25 30
11 26 30
11 27 30
11 28 30
11 29 80
11 30 80
11 31 40
11 32 80
11 33 80
11 34 40
11 35 80
11 36 80
11 37 40
11 38 40
11 39 30
11 40 40
11 41 30
11 42 60
11 43 60
11 44 40
11 45 80
11 46 30
11 47 60
11 48 30
11 49 30
11 50 80
11 51 60
11 52 60
11 53 80
11 54 80
11 55 30
12 0 40
12 1 30
12 2 60
12 3 60
12 4 40
12 5 80
12 6 60
12 7 30
12 8 60
12 9 80
12 10 40
12 11 60
12 13 40
12 14 30
12 15 30
12 16 60
12 17 60
12 18 30
12 19 40
12 20 60
12 21 60
12 22 40
12 23 80
12 24 80
12 25 30
12 26 30
12 27 60
12 28 40
12 29 40
12 30 80
12 31 40
12 32 60
12 33 40
12 34 40
12 35 80
12 36 30
12 37 60
12 38 30
12 39 30
12 40 80
12 41 80
12 42 80
12 43 40
12 44 60
12 45 60
12 46 30
12 47 40
12 48 60
12 49 30
12 50 80
12 51 30
12 52 80
12 53 80
12 54 60
12 55 30
13 0 80
13 1 40
13 2 60
13 3 40
13 4 80
13 5 30
13 6 30
13 7 40
13 8 30
13 9 80
13 10 60
13 11 40
13 12 80
13 14 40
13 15 40
13 16 40
13 17 40
13 18 80
13 19 30
13 20 40
13 21 80
13 22 60
13 23 60
13 24 30
13 25 60
13 26 40
13 27 60
13 28 60
13 29 80
13 30 30
13 31 40
13 32 30
13 33 30
13 34 60
13 35 30
13 36 40
13 37 60
13 38 30
13 39 30
13 40 40
13 41 60
13 42 40
13 43 80
13 44 60
13 45 30
13 46 80
13 47 40
13 48 60
13 49 80
13 50 40
13 51 30
13 52 40
13 53 80
13 54 60
13 55 30
14 0 40
14 1 40
14 2 40
14 3 30
14 4 60
14 5 60
14 6 60
14 7 80
14 8 60
14 9 60
14 10 80
14 11 40
14 12 40
14 13 40
14 15 30
14 16 40
14 17 40
14 18 80
14 19 80
14 20 80
14 21 80
14 22 30
14 23 30
14 24 40
14 25 80
14 26 30
14 27 30
14 28 80
14 29 40
14 30 30
14 31 30
14 32 30
14 33 80
14 34 30
14 35 30
14 36 40
14 37 80
14 38 40
14 39 80
14 40 80
14 41 60
14 42 40
14 43 80
14 44 80
14 45 40
14 46 60
14 47 80
14 48 40
14 49 40
14 50 80
14 51 80
14 52 30
14 53 80
14 54 60
14 55 60
15 0 30
15 1 60
15 2 80
15 3 80
15 4 30
15 5 80
15 6 30
15 7 60
15 8 80
15 9 60
15 10 30
15 11 30
15 12 80
15 13 30
15 14 80
15 16 40
15 17 60
15 18 40
15 19 80
15 20 80
15 21 40
15 22 30
15 23 80
15 24 40
15 25 30
15 26 60
15 27 30
15 28 40
15 29 40
15 30 80
15 31 60
15 32 60
15 33 30
15 34 60
15 35 40
15 36 40
15 37 80
15 38 80
15 39 80
15 40 40
15 41 80
15 42 40
15 43 80
15 44 60
15 45 80
15 46 30
15 47 60
15 48 60
15 49 60
15 50 60
15 51 60
15 52 30
15 53 40
15 54 40
15 55 30
16 0 40
16 1 60
16 2 80
16 3 30
16 4 80
16 5 60
16 6 60
16 7 80
16 8 30
16 9 60
16 10 60
16 11 40
16 12 30
16 13 80
16 14 80
16 15 60
16 17 60
16 18 40
16 19 40
16 20 30
16 21 30
16 22 60
16 23 30
16 24 40
16 25 60
16 26 40
16 27 40
16 28 60
16 29 30
16 30 80
16 31 80
16 32 30
16 33 40
16 34 60
16 35 80
16 36 30
16 37 40
16 38 30
16 39 60
16 40 30
16 41 30
16 42 40
16 43 80
16 44 30
16 45 40
16 46 40
16 47 40
16 48 60
16 49 40
16 50 60
16 51 30
16 52 40
16 53 60
16 54 60
16 55 30
17 0 40
17 1 60
17 2 30
17 3 30
17 4 30
17 5 80
17 6 80
17 7 40
17 8 40
17 9 30
17 10 80
17 11 30
17 12 30
17 13 60
17 14 60
17 15 40
17 16 60
17 18 60
17 19 80
17 20 60
17 21 80
17 22 30
17 23 40
17 24 80
17 25 60
17 26 30
17 27 30
17 28 30
17 29 80
17 30 80
17 31 60
17 32 40
17 33 80
17 34 40
17 35 80
17 36 60
17 37 60
17 38 60
17 39 40
17 40 60
17 41 60
17 42 60
17 43 40
17 44 40
17 45 60
17 46 60
17 47 30
17 48 60
17 49 60
17 50 60
17 51 60
17 52 80
17 53 40
17 54 30
17 55 40
18 0 30
18 1 40
18 2 60
18 3 30
18 4 80
18 5 30
18 6 40
18 7 60
18 8 30
18 9 60
18 10 30
18 11 30
18 12 40
18 13 30
18 14 30
18 15 60
18 16 60
18 17 80
18 19 30
18 20 40
18 21 80
18 22 30
18 23 60
18 24 40
18 25 80
18 26 60
18 27 60
18 28 40
18 29 40
18 30 60
18 31 80
18 32 40
18 33 60
18 34 80
18 35 80
18 36 30
18 37 30
18 38 40
18 39 60
18 40 40
18 41 80
18 42 40
18 43 60
18 44 30
18 45 40
18 46 40
18 47 80
18 48 40
18 49 60
18 50 60
18 51 40
18 52 60
18 53 60
18 54 80
18 55 30
19 0 60
19 1 40
19 2 40
19 3 40
19 4 80
19 5 80
19 6 60
19 7 30
19 8 80
19 9 60
19 10 60
19 11 60
19 12 80
19 13 80
19 14 30
19 15 60
19 16 40
19 17 60
19 18 30
19 20 30
19 21 80
19 22 30
19 23 40
19 24 30
19 25 80
19 26 80
19 27 60
19 28 60
19 29 30
19 30 40
19 31 80
19 32 60
19 33 60
19 34 80
19 35 40
19 36 80
19 37 40
19 38 40
19 39 30
19 40 40
19 41 80
19 42 60
19 43 40
19 44 30
19 45 60
19 46 30
19 47 60
19 48 60
19 49 60
19 50 60
19 51 60
19 52 80
19 53 30
19 54 30
19 55 30
20 0 40
20 1 60
20 2 80
20 3 80
20 4 40
20 5 60
20 6 80
20 7 40
20 8 30
20 9 60
20 10 80
20 11 80
20 12 60
20 13 60
20 14 40
20 15 80
20 16 80
20 17 40
20 18 80
20 19 30
20 21 40
20 22 40
20 23 30
20 24 60
20 25 40
20 26 40
20 27 30
20 28 40
20 29 30
20 30 60
20 31 60
20 32 60
20 33 60
20 34 40
20 35 60
20 36 30
20 37 60
20 38 80
20 39 30
20 40 80
20 41 60
20 42 30
20 43 30
20 44 80
20 45 80
20 46 30
20 47 80
20 48 30
20 49 30
20 50 40
20 51 60
20 52 40
20 53 60
20 54 80
20 55 30
21 0 80
21 1 80
21 2 80
21 3 30
21 4 40
21 5 80
21 6 80
21 7 80
21 8 60
21 9 40
21 10 40
21 11 30
21 12 60
21 13 60
21 14 60
21 15 40
21 16 60
21 17 60
21 18 60
21 19 30
21 20 80
21 22 80
21 23 60
21 24 30
21 25 60
21 26 30
21 27 60
21 28 60
21 29 40
21 30 40
21 31 60
21 32 80
21 33 30
21 34 30
21 35 30
21 36 80
21 37 60
21 38 30
21 39 60
21 40 60
21 41 60
21 42 60
21 43 30
21 44 40
21 45 60
21 46 80
21 47 30
21 48 80
21 49 30
21 50 60
21 51 80
21 52 60
21 53 30
21 54 30
21 55 40
22 0 60
22 1 80
22 2 40
22 3 60
22 4 40
22 5 60
22 6 60
22 7 30
22 8 60
22 9 80
22 10 30
22 11 80
22 12 40
22 13 60
22 14 80
22 15 30
22 16 80
22 17 60
22 18 80
22 19 40
22 20 30
22 21 40
22 23 80
22 24 60
22 25 40
22 26 40
22 27 60
22 28 40
22 29 30
22 30 60
22 31 60
22 32 60
22 33 40
22 34 60
22 35 30
22 36 80
22 37 30
22 38 80
22 39 80
22 40 80
22 41 30
22 42 80
22 43 80
22 44 30
22 45 40
22 46 40
22 47 60
22 48 60
22 49 40
22 50 60
22 51 40
22 52 40
22 53 60
22 54 80
22 55 80
23 0 30
23 1 30
23 2 30
23 3 40
23 4 30
23 5 80
23 6 80
23 7 40
23 8 80
23 9 80
23 10 40
23 11 80
23 12 40
23 13 30
23 14 40
23 15 80
23 16 40
23 17 40
23 18 40
23 19 40
23 20 40
23 21 60
23 22 30
23 24 80
23 25 80
23 26 60
23 27 30
23 28 30
23 29 30
23 30 30
23 31 80
23 32 40
23 33 60
23 34 60
23 35 40
23 36 60
23 37 80
23 38 40
23 39 40
23 40 60
23 41 60
23 42 40
23 43 30
23 44 60
23 45 30
23 46 30
23 47 60
23 48 80
23 49 60
23 50 60
23 51 60
23 52 30
23 53 60
23 54 60
23 55 30
24 0 60
24 1 80
24 2 30
24 3 80
24 4 80
24 5 60
24 6 80
24 7 40
24 8 30
24 9 60
24 10 80
24 11 40
24 12 80
24 13 30
24 14 30
24 15 80
24 16 60
24 17 60
24 18 60
24 19 80
24 20 30
24 21 60
24 22 30
24 23 30
24 25 80
24 26 80
24 27 40
24 28 40
24 29 80
24 30 80
24 31 80
24 32 40
24 33 40
24 34 40
24 35 80
24 36 80
24 37 40
24 38 40
24 39 60
24 40 40
24 41 60
24 42 30
24 43 60
24 44 40
24 45 80
24 46 40
24 47 30
24 48 80
24 49 60
24 50 80
24 51 80
24 52 30
24 53 60
24 54 80
24 55 40
25 0 80
25 1 60
25 2 60
25 3 60
25 4 30
25 5 40
25 6 30
25 7 60
25 8 30
25 9 60
25 10 30
25 11 40
25 12 60
25 13 40
25 14 60
25 15 60
25 16 40
25 17 30
25 18 80
25 19 60
25 20 30
25 21 60
25 22 40
25 23 40
25 24 80
25 26 30
25 27 30
25 28 40
25 29 40
25 30 30
25 31 40
25 32 30
25 33 40
25 34 60
25 35 30
25 36 40
25 37 60
25 38 80
25 39 80
25 40 30
25 41 30
25 42 30
25 43 40
25 44 40
25 45 80
25 46 40
25 47 40
25 48 40
25 49 40
25 50 60
25 51 30
25 52 80
25 53 30
25 54 80
25 55 80
26 0 80
26 1 80
26 2 40
26 3 60
26 4 60
26 5 30
26 6 40
26 7 30
26 8 80
26 9 40
26 10 60
26 11 40
26 12 60
26 13 80
26 14 60
26 15 40
26 16 40
26 17 40
26 18 60
26 19 60
26 20 40
26 21 80
26 22 30
26 23 30
26 24 40
26 25 80
26 27 40
26 28 30
26 29 40
26 30 40
26 31 80
26 32 40
26 33 80
26 34 30
26 35 80
26 36 30
26 37 80
26 38 30
26 39 30
26 40 30
26 41 40
26 42 80
26 43 80
26 44 40
26 45 40
26 46 40
26 47 80
26 48 30
26 49 40
26 50 60
26 51 80
26 52 30
26 53 80
26 54 60
26 55 80
27 0 80
27 1 60
27 2 60
27 3 40
27 4 80
27 5 40
27 6 80
27 7 60
27 8 60
27 9 60
27 10 80
27 11 60
27 12 40
27 13 30
27 14 80
27 15 80
27 16 80
27 17 60
27 18 40
27 19 80
27 20 80
27 21 40
27 22 80
27 23 80
27 24 80
27 25 40
27 26 30
27 28 40
27 29 30
27 30 80
27 31 60
27 32 60
27 33 60
27 34 40
27 35 40
27 36 30
27 37 40
27 38 40
27 39 80
27 40 80
27 41 60
27 42 80
27 43 60
27 44 60
27 45 80
27 46 40
27 47 40
27 48 80
27 49 60
27 50 40
27 51 60
27 52 30
27 53 30
27 54 60
27 55 60
28 0 60
28 1 30
28 2 60
28 3 80
28 4 80
28 5 80
28 6 40
28 7 40
28 8 30
28 9 60
28 10 60
28 11 30
28 12 40
28 13 30
28 14 30
28 15 30
28 16 80
28 17 30
28 18 60
28 19 60
28 20 80
28 21 80
28 22 30
28 23 30
28 24 30
28 25 60
28 26 60
28 27 80
28 29 60
28 30 60
28 31 30
28 32 40
28 33 30
28 34 30
28 35 80
28 36 40
28 37 60
28 38 80
28 39 30
28 40 80
28 41 60
28 42 30
28 43 60
28 44 80
28 45 80
28 46 80
28 47 80
28 48 80
28 49 30
28 50 60
28 51 40
28 52 30
28 53 40
28 54 80
28 55 80
29 0 40
29 1 60
29 2 40
29 3 60
29 4 80
29 5 30
29 6 40
29 7 30
29 8 60
29 9 80
29 10 40
29 11 80
29 12 40
29 13 60
29 14 60
29 15 80
29 16 80
29 17 30
29 18 80
29 19 60
29 20 40
29 21 60
29 22 60
29 23 30
29 24 80
29 25 30
29 26 80
29 27 60
29 28 60
29 30 80
29 31 40
29 32 60
29 33 40
29 34 40
29 35 40
29 36 30
29 37 60
29 38 30
29 39 40
29 40 60
29 41 60
29 42 80
29 43 60
29 44 40
29 45 60
29 46 40
29 47 30
29 48 30
29 49 80
29 50 80
29 51 30
29 52 40
29 53 30
29 54 80
29 55 30
30 0 80
30 1 40
30 2 40
30 3 30
30 4 60
30 5 30
30 6 80
30 7 80
30 8 60
30 9 80
30 10 40
30 11 30
30 12 40
30 13 80
30 14 30
30 15 60
30 16 30
30 17 60
30 18 40
30 19 60
30 20 60
30 21 60
30 22 30
30 23 80
30 24 40
30 25 60
30 26 60
30 27 40
30 28 40
30 29 40
30 31 30
30 32 60
30 33 40
30 34 40
30 35 30
30 36 60
30 37 80
30 38 40
30 39 40
30 40 60
30 41 80
30 42 80
30 43 80
30 44 80
30 45 80
30 46 80
30 47 30
30 48 60
30 49 80
30 50 60
30 51 60
30 52 40
30 53 60
30 54 30
30 55 80
31 0 60
31 1 80
31 2 60
31 3 30
31 4 60
31 5 60
31 6 30
31 7 30
31 8 60
31 9 80
31 10 60
31 11 60
31 12 60
31 13 80
31 14 80
31 15 30
31 16 80
31 17 30
31 18 30
31 19 60
31 20 60
31 21 80
31 22 80
31 23 80
31 24 40
31 25 30
31 26 60
31 27 40
31 28 40
31 29 30
31 30 80
31 32 80
31 33 60
31 34 80
31 35 30
31 36 60
31 37 80
31 38 30
31 39 80
31 40 40
31 41 60
31 42 80
31 43 60
31 44 80
31 45 60
31 46 60
31 47 30
31 48 40
31 49 60
31 50 60
31 51 40
31 52 80
31 53 80
31 54 80
31 55 30
32 0 40
32 1 80
32 2 40
32 3 60
32 4 30
32 5 80
32 6 60
32 7 40
32 8 30
32 9 40
32 10 60
32 11 30
32 12 60
32 13 80
32 14 40
32 15 80
32 16 80
32 17 40
32 18 60
32 19 30
32 20 30
32 21 80
32 22 80
32 23 60
32 24 40
32 25 80
32 26 80
32 27 30
32 28 80
32 29 80
32 30 60
32 31 80
32 33 80
32 34 60
32 35 30
32 36 60
32 37 80
32 38 60
32 39 40
32 40 40
32 41 40
32 42 40
32 43 60
32 44 40
32 45 30
32 46 80
32 47 40
32 48 60
32 49 30
32 50 30
32 51 30
32 52 30
32 53 60
32 54 60
32 55 30
33 0 60
33 1 80
33 2 40
33 3 80
33 4 60
33 5 80
33 6 80
33 7 40
33 8 60
33 9 60
33 10 60
33 11 80
33 12 80
33 13 60
33 14 60
33 15 80
33 16 80
33 17 80
33 18 60
33 19 60
33 20 40
33 21 60
33 22 30
33 23 30
33 24 30
33 25 30
33 26 80
33 27 80
33 28 80
33 29 30
33 30 60
33 31 30
33 32 40
33 34 80
33 35 40
33 36 30
33 37 40
33 38 60
33 39 40
33 40 40
33 41 40
33 42 30
33 43 30
33 44 40
33 45 60
33 46 30
33 47 60
33 48 30
33 49 40
33 50 60
33 51 80
33 52 30
33 53 30
33 54 40
33 55 80
34 0 30
34 1 30
34 2 30
34 3 80
34 4 30
34 5 80
34 6 80
34 7 80
34 8 40
34 9 40
34 10 60
34 11 60
34 12 60
34 13 40
34 14 40
34 15 30
34 16 80
34 17 80
34 18 40
34 19 40
34 20 60
34 21 30
34 22 60
34 23 80
34 24 30
34 25 80
34 26 60
34 27 30
34 28 40
34 29 30
34 30 30
34 31 40
34 32 80
34 33 40
34 35 30
34 36 80
34 37 80
34 38 30
34 39 60
34 40 80
34 41 30
34 42 80
34 43 60
34 44 30
34 45 30
34 46 30
34 47 30
34 48 60
34 49 30
34 50 40
34 51 60
34 52 40
34 53 60
34 54 30
34 55 40
35 0 80
35 1 40
35 2 60
35 3 80
35 4 40
35 5 80
35 6 60
35 7 30
35 8 60
35 9 80
35 10 80
35 11 40
35 12 60
35 13 80
35 14 40
35 15 30
35 16 60
35 17 40
35 18 60
35 19 40
35 20 40
35 21 60
35 22 40
35 23 60
35 24 80
35 25 80
35 26 40
35 27 30
35 28 60
35 29 80
35 30 30
35 31 40
35 32 30
35 33 60
35 34 40
35 36 80
35 37 30
35 38 60
35 39 80
35 40 40
35 41 30
35 42 60
35 43 30
35 44 80
35 45 80
35 46 30
35 47 60
35 48 40
35 49 60
35 50 60
35 51 30
35 52 80
35 53 40
35 54 30
35 55 30
36 0 80
36 1 80
36 2 40
36 3 80
36 4 30
36 5 40
36 6 40
36 7 40
36 8 40
36 9 30
36 10 80
36 11 80
36 12 30
36 13 60
36 14 30
36 15 30
36 16 30
36 17 40
36 18 40
36 19 80
36 20 30
36 21 80
36 22 40
36 23 80
36 24 60
36 25 30
36 26 30
36 27 60
36 28 30
36 29 80
36 30 60
36 31 40
36 32 80
36 33 60
36 34 40
36 35 80
36 37 60
36 38 80
36 39 60
36 40 60
36 41 40
36 42 40
36 43 30
36 44 60
36 45 80
36 46 40
36 47 30
36 48 60
36 49 40
36 50 60
36 51 60
36 52 60
36 53 40
36 54 40
36 55 60
37 0 40
37 1 40
37 2 80
37 3 80
37 4 40
37 5 60
37 6 80
37 7 30
37 8 40
37 9 80
37 10 40
37 11 30
37 12 30
37 13 60
37 14 60
37 15 80
37 16 30
37 17 30
37 18 80
37 19 60
37 20 60
37 21 30
37 22 30
37 23 40
37 24 80
37 25 30
37 26 80
37 27 60
37 28 40
37 29 40
37 30 30
37 31 80
37 32 60
37 33 30
37 34 80
37 35 60
37 36 30
37 38 60
37 39 40
37 40 80
37 41 30
37 42 40
37 43 40
37 44 30
37 45 80
37 46 30
37 47 30
37 48 80
37 49 60
37 50 40
37 51 40
37 52 80
37 53 40
37 54 80
37 55 80
38 0 30
38 1 80
38 2 60
38 3 80
38 4 60
38 5 30
38 6 80
38 7 60
38 8 30
38 9 30
38 10 60
38 11 30
38 12 60
38 13 40
38 14 60
38 15 40
38 16 30
38 17 40
38 18 60
38 19 30
38 20 80
38 21 40
38 22 30
38 23 80
38 24 80
38 25 80
38 26 80
38 27 60
38 28 30
38 29 30
38 30 40
38 31 40
38 32 40
38 33 40
38 34 40
38 35 60
38 36 30
38 37 40
38 39 80
38 40 80
38 41 80
38 42 30
38 43 80
38 44 30
38 45 40
38 46 60
38 47 60
38 48 30
38 49 30
38 50 80
38 51 30
38 52 60
38 53 80
38 54 30
38 55 30
39 0 80
39 1 60
39 2 30
39 3 80
39 4 30
39 5 30
39 6 60
39 7 60
39 8 80
39 9 80
39 10 30
39 11 40
39 12 60
39 13 60
39 14 80
39 15 40
39 16 40
39 17 80
39 18 60
39 19 60
39 20 30
39 21 30
39 22 40
39 23 30
39 24 40
39 25 40
39 26 60
39 27 60
39 28 30
39 29 40
39 30 30
39 31 60
39 32 60
39 33 60
39 34 30
39 35 80
39 36 40
39 37 30
39 38 80
39 40 40
39 41 30
39 42 60
39 43 40
39 44 40
39 45 30
39 46 30
39 47 30
39 48 60
39 49 30
39 50 30
39 51 80
39 52 40
39 53 80
39 54 80
39 55 60
40 0 80
40 1 40
40 2 30
40 3 80
40 4 60
40 5 80
40 6 60
40 7 30
40 8 30
40 9 60
40 10 60
40 11 40
40 12 80
40 13 30
40 14 60
40 15 60
40 16 40
40 17 60
40 18 80
40 19 40
40 20 80
40 21 30
40 22 30
40 23 40
40 24 60
40 25 80
40 26 80
40 27 30
40 28 80
40 29 40
40 30 80
40 31 40
40 32 60
40 33 80
40 34 40
40 35 80
40 36 40
40 37 60
40 38 80
40 39 80
40 41 40
40 42 60
40 43 80
40 44 30
40 45 40
40 46 30
40 47 60
40 48 30
40 49 30
40 50 40
40 51 40
40 52 80
40 53 30
40 54 30
40 55 80
41 0 30
41 1 30
41 2 30
41 3 60
41 4 80
41 5 60
41 6 40
41 7 60
41 8 80
41 9 30
41 10 60
41 11 60
41 12 80
41 13 30
41 14 80
41 15 80
41 16 80
41 17 40
41 18 30
41 19 60
41 20 40
41 21 80
41 22 80
41 23 30
41 24 80
41 25 40
41 26 40
41 27 60
41 28 80
41 29 40
41 30 60
41 31 30
41 32 40
41 33 80
41 34 60
41 35 30
41 36 80
41 37 80
41 38 60
41 39 30
41 40 30
41 42 40
41 43 40
41 44 60
41 45 60
41 46 80
41 47 80
41 48 60
41 49 30
41 50 60
41 51 30
41 52 80
41 53 40
41 54 60
41 55 40
42 0 30
42 1 40
42 2 60
42 3 80
42 4 30
42 5 60
42 6 80
42 7 40
42 8 60
42 9 80
42 10 40
42 11 60
42 12 40
42 13 80
42 14 30
42 15 60
42 16 40
42 17 40
42 18 80
42 19 30
42 20 60
42 21 80
42 22 30
42 23 30
42 24 80
42 25 80
42 26 30
42 27 40
42 28 60
42 29 30
42 30 30
42 31 80
42 32 80
42 33 80
42 34 30
42 35 80
42 36 40
42 37 80
42 38 40
42 39 80
42 40 60
42 41 40
42 43 40
42 44 80
42 45 80
42 46 80
42 47 30
42 48 40
42 49 80
42 50 60
42 51 80
42 52 60
42 53 80
42 54 40
42 55 40
43 0 60
43 1 80
43 2 40
43 3 60
43 4 80
43 5 80
43 6 40
43 7 80
43 8 80
43 9 40
43 10 40
43 11 30
43 12 60
43 13 40
43 14 40
43 15 80
43 16 40
43 17 40
43 18 80
43 19 30
43 20 30
43 21 30
43 22 30
43 23 60
43 24 80
43 25 30
43 26 30
43 27 40
43 28 40
43 29 40
43 30 40
43 31 60
43 32 30
43 33 30
43 34 80
43 35 30
43 36 40
43 37 30
43 38 40
43 39 60
43 40 60
43 41 60
43 42 60
43 44 40
43 45 80
43 46 60
43 47 60
43 48 30
43 49 40
43 50 60
43 51 30
43 52 60
43 53 40
43 54 40
43 55 60
44 0 80
44 1 60
44 2 30
44 3 40
44 4 40
44 5 60
44 6 80
44 7 40
44 8 60
44 9 30
44 10 60
44 11 40
44 12 60
44 13 30
44 14 30
44 15 80
44 16 30
44 17 60
44 18 30
44 19 40
44 20 80
44 21 30
44 22 40
44 23 30
44 24 60
44 25 30
44 26 30
44 27 60
44 28 30
44 29 30
44 30 30
44 31 40
44 32 80
44 33 30
44 34 40
44 35 30
44 36 80
44 37 40
44 38 80
44 39 30
44 40 60
44 41 80
44 42 80
44 43 80
44 45 60
44 46 30
44 47 80
44 48 40
44 49 30
44 50 80
44 51 80
44 52 80
44 53 80
44 54 60
44 55 60
45 0 30
45 1 80
45 2 40
45 3 30
45 4 60
45 5 80
45 6 80
45 7 30
45 8 40
45 9 40
45 10 60
45 11 30
45 12 60
45 13 30
45 14 60
45 15 30
45 16 30
45 17 60
45 18 30
45 19 80
45 20 60
45 21 60
45 22 30
45 23 40
45 24 60
45 25 40
45 26 40
45 27 40
45 28 40
45 29 80
45 30 40
45 31 80
45 32 40
45 33 60
45 34 60
45 35 80
45 36 30
45 37 60
45 38 30
45 39 60
45 40 40
45 41 80
45 42 80
45 43 80
45 44 60
45 46 30
45 47 40
45 48 60
45 49 60
45 50 40
45 51 60
45 52 40
45 53 80
45 54 80
45 55 40
46 0 60
46 1 40
46 2 30
46 3 60
46 4 60
46 5 30
46 6 30
46 7 60
46 8 80
46 9 40
46 10 60
46 11 60
46 12 30
46 13 30
46 14 60
46 15 60
46 16 80
46 17 30
46 18 40
46 19 80
46 20 60
46 21 30
46 22 80
46 23 40
46 24 30
46 25 30
46 26 80
46 27 60
46 28 30
46 29 30
46 30 80
46 31 80
46 32 60
46 33 80
46 34 30
46 35 30
46 36 60
46 37 40
46 38 40
46 39 40
46 40 30
46 41 60
46 42 40
46 43 60
46 44 40
46 45 30
46 47 30
46 48 80
46 49 80
46 50 30
46 51 60
46 52 40
46 53 30
46 54 60
46 55 60
47 0 30
47 1 30
47 2 60
47 3 40
47 4 30
47 5 30
47 6 30
47 7 40
47 8 60
47 9 80
47 10 80
47 11 30
47 12 80
47 13 80
47 14 30
47 15 30
47 16 40
47 17 40
47 18 80
47 19 40
47 20 30
47 21 60
47 22 80
47 23 80
47 24 80
47 25 60
47 26 60
47 27 80
47 28 40
47 29 80
47 30 30
47 31 60
47 32 40
47 33 80
47 34 60
47 35 30
47 36 80
47 37 30
47 38 40
47 39 60
47 40 60
47 41 80
47 42 60
47 43 60
47 44 30
47 45 60
47 46 60
47 48 30
47 49 30
47 50 40
47 51 30
47 52 60
47 53 40
47 54 30
47 55 30
48 0 60
48 1 60
48 2 60
48 3 30
48 4 30
48 5 80
48 6 80
48 7 40
48 8 80
48 9 60
48 10 80
48 11 80
48 12 40
48 13 60
48 14 40
48 15 30
48 16 40
48 17 30
48 18 30
48 19 80
48 20 80
48 21 40
48 22 80
48 23 60
48 24 30
48 25 40
48 26 80
48 27 60
48 28 40
48 29 40
48 30 40
48 31 30
48 32 30
48 33 30
48 34 40
48 35 40
48 36 60
48 37 40
48 38 30
48 39 60
48 40 30
48 41 60
48 42 40
48 43 30
48 44 30
48 45 30
48 46 60
48 47 40
48 49 40
48 50 30
48 51 30
48 52 60
48 53 40
48 54 80
48 55 30
49 0 80
49 1 40
49 2 40
49 3 80
49 4 80
49 5 80
49 6 30
49 7 30
49 8 30
49 9 30
49 10 80
49 11 60
49 12 60
49 13 30
49 14 60
49 15 40
49 16 80
49 17 80
49 18 40
49 19 40
49 20 60
49 21 40
49 22 30
49 23 30
49 24 40
49 25 60
49 26 60
49 27 60
49 28 40
49 29 40
49 30 30
49 31 40
49 32 30
49 33 30
49 34 60
49 35 60
49 36 30
49 37 80
49 38 40
49 39 30
49 40 60
49 41 30
49 42 30
49 43 30
49 44 40
49 45 80
49 46 30
49 47 60
49 48 60
49 50 40
49 51 80
49 52 60
49 53 80
49 54 30
49 55 80
50 0 40
50 1 60
50 2 80
50 3 30
50 4 60
50 5 80
50 6 40
50 7 60
50 8 40
50 9 30
50 10 30
50 11 30
50 12 40
50 13 40
50 14 60
50 15 80
50 16 40
50 17 60
50 18 40
50 19 80
50 20 60
50 21 80
50 22 60
50 23 40
50 24 60
50 25 80
50 26 40
50 27 40
50 28 60
50 29 30
50 30 60
50 31 80
50 32 80
50 33 60
50 34 40
50 35 60
50 36 40
50 37 40
50 38 40
50 39 60
50 40 40
50 41 60
50 42 80
50 43 30
50 44 60
50 45 30
50 46 80
50 47 60
50 48 80
50 49 30
50 51 60
50 52 60
50 53 60
50 54 40
50 55 40
51 0 80
51 1 30
51 2 30
51 3 80
51 4 30
51 5 40
51 6 80
51 7 40
51 8 40
51 9 60
51 10 80
51 11 40
51 12 30
51 13 40
51 14 30
51 15 60
51 16 30
51 17 80
51 18 60
51 19 30
51 20 30
51 21 80
51 22 60
51 23 40
51 24 80
51 25 40
51 26 60
51 27 30
51 28 30
51 29 30
51 30 40
51 31 60
51 32 60
51 33 80
51 34 30
51 35 80
51 36 40
51 37 30
51 38 40
51 39 30
51 40 80
51 41 80
51 42 60
51 43 80
51 44 60
51 45 40
51 46 40
51 47 60
51 48 80
51 49 80
51 50 30
51 52 80
51 53 30
51 54 30
51 55 80
52 0 80
52 1 40
52 2 40
52 3 40
52 4 80
52 5 80
52 6 40
52 7 60
52 8 40
52 9 40
52 10 40
52 11 30
52 12 40
52 13 40
52 14 60
52 15 80
52 16 60
52 17 60
52 18 80
52 19 40
52 20 80
52 21 30
52 22 40
52 23 60
52 24 40
52 25 80
52 26 60
52 27 80
52 28 80
52 29 30
52 30 40
52 31 40
52 32 80
52 33 80
52 34 80
52 35 40
52 36 40
52 37 60
52 38 40
52 39 80
52 40 80
52 41 30
52 42 30
52 43 60
52 44 80
52 45 60
52 46 30
52 47 60
52 48 60
52 49 60
52 50 60
52 51 60
52 53 30
52 54 80
52 55 30
53 0 80
53 1 30
53 2 80
53 3 80
53 4 40
53 5 60
53 6 60
53 7 40
53 8 80
53 9 60
53 10 30
53 11 40
53 12 80
53 13 80
53 14 60
53 15 40
53 16 80
53 17 60
53 18 40
53 19 30
53 20 40
53 21 40
53 22 60
53 23 40
53 24 60
53 25 60
53 26 60
53 27 30
53 28 40
53 29 30
53 30 80
53 31 60
53 32 40
53 33 30
53 34 40
53 35 60
53 36 60
53 37 40
53 38 40
53 39 40
53 40 80
53 41 60
53 42 80
53 43 80
53 44 80
53 45 60
53 46 30
53 47 80
53 48 30
53 49 80
53 50 80
53 51 40
53 52 80
53 54 80
53 55 60
54 0 60
54 1 80
54 2 40
54 3 30
54 4 30
54 5 40
54 6 30
54 7 40
54 8 30
54 9 40
54 10 30
54 11 60
54 12 60
54 13 40
54 14 60
54 15 40
54 16 80
54 17 30
54 18 40
54 19 30
54 20 30
54 21 40
54 22 30
54 23 80
54 24 80
54 25 60
54 26 60
54 27 40
54 28 80
54 29 80
54 30 80
54 31 80
54 32 80
54 33 60
54 34 80
54 35 60
54 36 80
54 37 30
54 38 80
54 39 30
54 40 80
54 41 80
54 42 80
54 43 40
54 44 30
54 45 60
54 46 80
54 47 40
54 48 40
54 49 80
54 50 60
54 51 30
54 52 80
54 53 30
54 55 30
55 0 40
55 1 30
55 2 60
55 3 40
55 4 60
55 5 30
55 6 80
55 7 60
55 8 80
55 9 40
55 10 30
55 11 30
55 12 40
55 13 30
55 14 30
55 15 60
55 16 60
55 17 60
55 18 60
55 19 60
55 20 80
55 21 30
55 22 40
55 23 80
55 24 40
55 25 60
55 26 40
55 27 60
55 28 40
55 29 30
55 30 30
55 31 80
55 32 60
55 33 40
55 34 80
55 35 80
55 36 40
55 37 80
55 38 80
55 39 40
55 40 60
55 41 80
55 42 80
55 43 30
55 44 60
55 45 30
55 46 30
55 47 60
55 48 80
55 49 30
55 50 40
55 51 80
55 52 40
55 53 80
55 54 80
