NAME C50R2-2
SOURCE Zhang et al. (2018) methodology — reproducible synthetic benchmark
N_CUSTOMERS 50
N_STATIONS 2
VARIANT 2
GRID_MILES 200.0
VEHICLE_CAPACITY 3.0
BATTERY_KWH 110.0
CURB_WEIGHT_KG 2000.0
ALPHA_ARC 0.0981
BETA_VEH 2.11
EFF_D 1.11
EFF_M 1.25
SPEED_SEED 2998887867
CUSTOMER_SEED 59850
STATION_SEED 69858

NODES
0 160934.400000 160934.400000 0.000000 depot_start
1 186847.138572 39839.552598 0.085313 customer
2 2665.635826 224201.111598 0.065431 customer
3 285652.025200 297277.234926 0.094302 customer
4 251242.037208 314568.677533 0.118913 customer
5 157283.406526 129163.869839 0.077616 customer
6 256829.842764 263225.827141 0.098908 customer
7 306228.615141 197907.042289 0.112597 customer
8 93744.291947 4340.650494 0.099322 customer
9 237721.216137 261324.906181 0.070001 customer
10 128764.422547 31296.457718 0.103697 customer
11 237623.735083 148879.747977 0.128899 customer
12 113390.205045 253623.521541 0.057514 customer
13 250606.382640 212416.396362 0.076665 customer
14 64176.336647 70151.544139 0.060692 customer
15 135076.792039 138466.167171 0.143878 customer
16 294846.915039 253518.044578 0.135892 customer
17 54696.024139 1887.784619 0.121442 customer
18 151287.624413 163066.400690 0.111149 customer
19 229860.652377 165128.876224 0.121738 customer
20 51865.733971 256315.265762 0.083486 customer
21 258461.559547 7248.001147 0.128998 customer
22 206082.857867 207151.591396 0.069880 customer
23 3199.029065 164753.392628 0.071727 customer
24 14718.841775 306551.262819 0.099306 customer
25 287613.960954 269609.577533 0.129319 customer
26 25944.315049 101689.462098 0.076793 customer
27 112611.310912 39537.658080 0.134227 customer
28 228970.231502 218745.148188 0.060099 customer
29 244046.441301 290600.190553 0.085347 customer
30 103464.285277 168285.541998 0.052859 customer
31 164096.685493 29208.328633 0.102661 customer
32 95761.369515 234499.219719 0.116703 customer
33 43401.759236 121470.180803 0.117752 customer
34 280370.331853 295607.825978 0.127538 customer
35 40533.340947 38024.651110 0.064098 customer
36 128357.425101 306227.438341 0.117109 customer
37 101147.748724 120074.217180 0.137011 customer
38 145664.860592 3714.637824 0.085746 customer
39 109155.114772 102815.547907 0.133275 customer
40 242977.374255 298914.322295 0.061584 customer
41 151966.402042 128850.369814 0.107046 customer
42 125417.648204 286475.741975 0.072752 customer
43 264286.417960 81790.513939 0.100019 customer
44 35229.892670 297509.162742 0.148858 customer
45 250985.338659 12821.269419 0.083405 customer
46 125748.897605 199140.768129 0.075190 customer
47 315606.812379 276563.902500 0.120781 customer
48 166927.256643 241190.899152 0.062396 customer
49 215309.755375 137555.133323 0.062304 customer
50 59093.098139 138153.136538 0.079525 customer
51 167577.633652 229123.894809 0.000000 station
52 206124.664645 297700.795497 0.000000 station
53 160934.400000 160934.400000 0.000000 depot_end

SPEEDS
0 1 60
0 2 30
0 3 80
0 4 60
0 5 30
0 6 40
0 7 40
0 8 80
0 9 60
0 10 80
0 11 30
0 12 60
0 13 40
0 14 80
0 15 30
0 16 40
0 17 40
0 18 80
0 19 40
0 20 40
0 21 40
0 22 60
0 23 60
0 24 30
0 25 40
0 26 60
0 27 40
0 28 60
0 29 60
0 30 30
0 31 80
0 32 40
0 33 40
0 34 30
0 35 40
0 36 60
0 37 80
0 38 30
0 39 40
0 40 60
0 41 80
0 42 80
0 43 40
0 44 40
0 45 40
0 46 60
0 47 40
0 48 40
0 49 30
0 50 30
0 51 60
0 52 60
0 53 30
1 0 60
1 2 60
1 3 40
1 4 60
1 5 80
1 6 80
1 7 40
1 8 80
1 9 40
1 10 80
1 11 30
1 12 80
1 13 60
1 14 30
1 15 40
1 16 40
1 17 40
1 18 40
1 19 30
1 20 80
1 21 40
1 22 30
1 23 80
1 24 40
1 25 30
1 26 30
1 27 40
1 28 40
1 29 80
1 30 30
1 31 40
1 32 30
1 33 60
1 34 60
1 35 60
1 36 80
1 37 30
1 38 60
1 39 80
1 40 30
1 41 30
1 42 80
1 43 40
1 44 30
1 45 60
1 46 80
1 47 60
1 48 30
1 49 30
1 50 30
1 51 30
1 52 80
1 53 40
2 0 60
2 1 60
2 3 40
2 4 60
2 5 30
2 6 30
2 7 40
2 8 60
2 9 40
2 10 60
2 11 60
2 12 30
2 13 60
2 14 40
2 15 40
2 16 30
2 17 60
2 18 80
2 19 60
2 20 40
2 21 80
2 22 40
2 23 30
2 24 30
2 25 60
2 26 60
2 27 30
2 28 60
2 29 80
2 30 60
2 31 40
2 32 60
2 33 80
2 34 30
2 35 30
2 36 30
2 37 60
2 38 80
2 39 30
2 40 60
2 41 60
2 42 60
2 43 60
2 44 30
2 45 60
2 46 40
2 47 80
2 48 40
2 49 30
2 50 40
2 51 30
2 52 80
2 53 60
3 0 30
3 1 80
3 2 40
3 4 60
3 5 30
3 6 40
3 7 30
3 8 60
3 9 30
3 10 30
3 11 40
3 12 80
3 13 80
3 14 30
3 15 40
3 16 80
3 17 60
3 18 30
3 19 40
3 20 60
3 21 40
3 22 40
3 23 80
3 24 30
3 25 80
3 26 60
3 27 40
3 28 40
3 29 40
3 30 60
3 31 30
3 32 30
3 33 40
3 34 40
3 35 60
3 36 30
3 37 80
3 38 30
3 39 80
3 40 40
3 41 30
3 42 40
3 43 40
3 44 30
3 45 80
3 46 40
3 47 30
3 48 30
3 49 40
3 50 30
3 51 60
3 52 40
3 53 40
4 0 40
4 1 30
4 2 40
4 3 40
4 5 80
4 6 30
4 7 60
4 8 60
4 9 30
4 10 80
4 11 80
4 12 60
4 13 80
4 14 80
4 15 60
4 16 80
4 17 40
4 18 80
4 19 40
4 20 30
4 21 30
4 22 80
4 23 80
4 24 80
4 25 60
4 26 40
4 27 30
4 28 60
4 29 60
4 30 80
4 31 40
4 32 30
4 33 30
4 34 80
4 35 30
4 36 60
4 37 60
4 38 60
4 39 80
4 40 80
4 41 80
4 42 80
4 43 30
4 44 40
4 45 80
4 46 30
4 47 80
4 48 80
4 49 60
4 50 80
4 51 60
4 52 40
4 53 30
5 0 30
5 1 40
5 2 30
5 3 30
5 4 40
5 6 80
5 7 60
5 8 30
5 9 40
5 10 40
5 11 30
5 12 80
5 13 80
5 14 80
5 15 30
5 16 30
5 17 30
5 18 60
5 19 80
5 20 40
5 21 80
5 22 60
5 23 60
5 24 40
5 25 30
5 26 80
5 27 60
5 28 60
5 29 30
5 30 80
5 31 40
5 32 80
5 33 80
5 34 60
5 35 40
5 36 80
5 37 30
5 38 80
5 39 60
5 40 60
5 41 60
5 42 30
5 43 60
5 44 60
5 45 40
5 46 30
5 47 80
5 48 30
5 49 80
5 50 40
5 51 30
5 52 30
5 53 30
6 0 30
6 1 30
6 2 40
6 3 30
6 4 30
6 5 30
6 7 30
6 8 30
6 9 30
6 10 40
6 11 40
6 12 60
6 13 30
6 14 60
6 15 80
6 16 80
6 17 80
6 18 30
6 19 80
6 20 80
6 21 80
6 22 30
6 23 30
6 24 40
6 25 80
6 26 60
6 27 80
6 28 80
6 29 60
6 30 60
6 31 40
6 32 80
6 33 80
6 34 80
6 35 40
6 36 30
6 37 80
6 38 40
6 39 40
6 40 60
6 41 40
6 42 80
6 43 80
6 44 30
6 45 40
6 46 30
6 47 60
6 48 30
6 49 30
6 50 60
6 51 80
6 52 40
6 53 80
7 0 30
7 1 40
7 2 30
7 3 40
7 4 80
7 5 80
7 6 80
7 8 40
7 9 80
7 10 60
7 11 40
7 12 30
7 13 30
7 14 30
7 15 80
7 16 40
7 17 80
7 18 80
7 19 60
7 20 30
7 21 80
7 22 60
7 23 40
7 24 80
7 25 40
7 26 40
7 27 30
7 28 30
7 29 40
7 30 30
7 31 30
7 32 40
7 33 40
7 34 40
7 35 80
7 36 40
7 37 80
7 38 80
7 39 30
7 40 30
7 41 60
7 42 60
7 43 80
7 44 40
7 45 30
7 46 30
7 47 80
7 48 80
7 49 30
7 50 30
7 51 80
7 52 60
7 53 60
8 0 80
8 1 30
8 2 40
8 3 60
8 4 30
8 5 30
8 6 80
8 7 80
8 9 30
8 10 60
8 11 60
8 12 60
8 13 30
8 14 80
8 15 30
8 16 40
8 17 30
8 18 60
8 19 30
8 20 40
8 21 80
8 22 60
8 23 80
8 24 40
8 25 60
8 26 40
8 27 60
8 28 80
8 29 80
8 30 30
8 31 40
8 32 60
8 33 60
8 34 80
8 35 60
8 36 30
8 37 30
8 38 40
8 39 30
8 40 60
8 41 60
8 42 80
8 43 40
8 44 40
8 45 80
8 46 80
8 47 80
8 48 60
8 49 30
8 50 40
8 51 40
8 52 30
8 53 40
9 0 80
9 1 60
9 2 40
9 3 30
9 4 60
9 5 80
9 6 60
9 7 60
9 8 60
9 10 60
9 11 60
9 12 30
9 13 40
9 14 40
9 15 40
9 16 60
9 17 60
9 18 80
9 19 80
9 20 40
9 21 30
9 22 80
9 23 80
9 24 80
9 25 40
9 26 80
9 27 80
9 28 80
9 29 60
9 30 80
9 31 30
9 32 40
9 33 60
9 34 60
9 35 40
9 36 80
9 37 60
9 38 30
9 39 40
9 40 80
9 41 80
9 42 80
9 43 60
9 44 60
9 45 60
9 46 60
9 47 40
9 48 30
9 49 40
9 50 30
9 51 40
9 52 60
9 53 80
10 0 40
10 1 40
10 2 40
10 3 30
10 4 60
10 5 40
10 6 80
10 7 60
10 8 30
10 9 60
10 11 40
10 12 40
10 13 60
10 14 80
10 15 40
10 16 30
10 17 30
10 18 30
10 19 60
10 20 30
10 21 80
10 22 60
10 23 60
10 24 40
10 25 30
10 26 40
10 27 60
10 28 60
10 29 30
10 30 80
10 31 80
10 32 80
10 33 30
10 34 40
10 35 80
10 36 30
10 37 60
10 38 30
10 39 60
10 40 30
10 41 60
10 42 80
10 43 40
10 44 40
10 45 30
10 46 40
10 47 60
10 48 30
10 49 80
10 50 80
10 51 80
10 52 80
10 53 30
11 0 80
11 1 30
11 2 40
11 3 80
11 4 30
11 5 60
11 6 30
11 7 30
11 8 60
11 9 80
11 10 80
11 12 30
11 13 80
11 14 80
11 15 60
11 16 30
11 17 40
11 18 40
11 19 30
11 20 30
11 21 80
11 22 30
11 23 40
11 24 60
11 25 30
11 26 80
11 27 80
11 28 40
11 29 30
11 30 30
11 31 40
11 32 30
11 33 30
11 34 80
11 35 40
11 36 60
11 37 60
11 38 30
11 39 60
11 40 30
11 41 60
11 42 80
11 43 40
11 44 60
11 45 60
11 46 60
11 47 80
11 48 40
11 49 60
11 50 40
11 51 30
11 52 80
11 53 40
12 0 60
12 1 80
12 2 80
12 3 40
12 4 30
12 5 40
12 6 80
12 7 30
12 8 80
12 9 40
12 10 80
12 11 40
12 13 60
12 14 30
12 15 30
12 16 80
12 17 30
12 18 80
12 19 60
12 20 40
12 21 80
12 22 60
12 23 40
12 24 60
12 25 80
12 26 60
12 27 30
12 28 80
12 29 60
12 30 30
12 31 60
12 32 30
12 33 30
12 34 60
12 35 80
12 36 80
12 37 30
12 38 60
12 39 60
12 40 80
12 41 60
12 42 80
12 43 60
12 44 80
12 45 40
12 46 60
12 47 40
12 48 60
12 49 60
12 50 30
12 51 30
12 52 80
12 53 60
13 0 40
13 1 60
13 2 30
13 3 60
13 4 40
13 5 80
13 6 60
13 7 60
13 8 40
13 9 40
13 10 40
13 11 80
13 12 40
13 14 40
13 15 80
13 16 40
13 17 40
13 18 40
13 19 30
13 20 30
13 21 40
13 22 80
13 23 60
13 24 80
13 25 60
13 26 40
13 27 40
13 28 80
13 29 30
13 30 60
13 31 40
13 32 30
13 33 40
13 34 60
13 35 40
13 36 60
13 37 40
13 38 40
13 39 40
13 40 60
13 41 30
13 42 30
13 43 60
13 44 60
13 45 30
13 46 30
13 47 80
13 48 80
13 49 60
13 50 40
13 51 60
13 52 80
13 53 40
14 0 30
14 1 80
14 2 40
14 3 60
14 4 40
14 5 80
14 6 80
14 7 40
14 8 80
14 9 60
14 10 60
14 11 40
14 12 30
14 13 60
14 15 30
14 16 40
14 17 40
14 18 40
14 19 30
14 20 80
14 21 60
14 22 60
14 23 40
14 24 60
14 25 60
14 26 40
14 27 30
14 28 60
14 29 40
14 30 80
14 31 30
14 32 40
14 33 60
14 34 40
14 35 40
14 36 60
14 37 30
14 38 40
14 39 30
14 40 40
14 41 30
14 42 60
14 43 40
14 44 30
14 45 60
14 46 80
14 47 40
14 48 40
14 49 60
14 50 40
14 51 60
14 52 40
14 53 40
15 0 40
15 1 40
15 2 40
15 3 60
15 4 40
15 5 30
15 6 40
15 7 80
15 8 40
15 9 80
15 10 80
15 11 80
15 12 40
15 13 60
15 14 60
15 16 80
15 17 60
15 18 30
15 19 60
15 20 80
15 21 80
15 22 60
15 23 40
15 24 60
15 25 80
15 26 80
15 27 80
15 28 30
15 29 80
15 30 60
15 31 80
15 32 80
15 33 80
15 34 80
15 35 40
15 36 30
15 37 60
15 38 30
15 39 60
15 40 60
15 41 80
15 42 60
15 43 80
15 44 30
15 45 30
15 46 60
15 47 60
15 48 60
15 49 60
15 50 30
15 51 30
15 52 30
15 53 40
16 0 30
16 1 80
16 2 40
16 3 30
16 4 80
16 5 40
16 6 60
16 7 80
16 8 40
16 9 60
16 10 30
16 11 40
16 12 60
16 13 30
16 14 80
16 15 30
16 17 30
16 18 30
16 19 60
16 20 80
16 21 30
16 22 60
16 23 30
16 24 80
16 25 60
16 26 80
16 27 80
16 28 80
16 29 80
16 30 80
16 31 40
16 32 40
16 33 40
16 34 80
16 35 60
16 36 30
16 37 40
16 38 40
16 39 40
16 40 30
16 41 30
16 42 60
16 43 40
16 44 30
16 45 60
16 46 60
16 47 60
16 48 30
16 49 80
16 50 30
16 51 30
16 52 80
16 53 30
17 0 30
17 1 80
17 2 60
17 3 40
17 4 40
17 5 60
17 6 40
17 7 40
17 8 40
17 9 80
17 10 40
17 11 60
17 12 60
17 13 80
17 14 80
17 15 30
17 16 30
17 18 80
17 19 80
17 20 80
17 21 60
17 22 40
17 23 60
17 24 30
17 25 60
17 26 60
17 27 30
17 28 60
17 29 40
17 30 80
17 31 40
17 32 40
17 33 30
17 34 80
17 35 30
17 36 40
17 37 40
17 38 60
17 39 30
17 40 80
17 41 80
17 42 30
17 43 30
17 44 60
17 45 30
17 46 60
17 47 60
17 48 30
17 49 80
17 50 80
17 51 60
17 52 40
17 53 80
18 0 60
18 1 80
18 2 80
18 3 80
18 4 40
18 5 40
18 6 30
18 7 60
18 8 40
18 9 30
18 10 30
18 11 30
18 12 60
18 13 40
18 14 60
18 15 40
18 16 40
18 17 40
18 19 40
18 20 60
18 21 40
18 22 40
18 23 80
18 24 40
18 25 30
18 26 60
18 27 40
18 28 80
18 29 60
18 30 60
18 31 60
18 32 40
18 33 80
18 34 80
18 35 60
18 36 40
18 37 60
18 38 60
18 39 40
18 40 80
18 41 40
18 42 40
18 43 40
18 44 80
18 45 30
18 46 80
18 47 40
18 48 60
18 49 80
18 50 80
18 51 80
18 52 80
18 53 60
19 0 40
19 1 40
19 2 80
19 3 80
19 4 80
19 5 40
19 6 80
19 7 80
19 8 40
19 9 60
19 10 30
19 11 30
19 12 80
19 13 60
19 14 80
19 15 30
19 16 40
19 17 60
19 18 30
19 20 40
19 21 80
19 22 60
19 23 80
19 24 80
19 25 60
19 26 40
19 27 60
19 28 40
19 29 40
19 30 80
19 31 80
19 32 30
19 33 40
19 34 40
19 35 30
19 36 80
19 37 40
19 38 60
19 39 30
19 40 60
19 41 80
19 42 80
19 43 60
19 44 80
19 45 40
19 46 40
19 47 60
19 48 60
19 49 40
19 50 80
19 51 30
19 52 60
19 53 40
20 0 60
20 1 40
20 2 40
20 3 30
20 4 80
20 5 60
20 6 60
20 7 40
20 8 40
20 9 40
20 10 40
20 11 60
20 12 30
20 13 60
20 14 80
20 15 80
20 16 80
20 17 30
20 18 60
20 19 60
20 21 30
20 22 40
20 23 30
20 24 80
20 25 30
20 26 40
20 27 40
20 28 40
20 29 40
20 30 30
20 31 40
20 32 30
20 33 80
20 34 30
20 35 40
20 36 30
20 37 80
20 38 40
20 39 30
20 40 80
20 41 60
20 42 40
20 43 30
20 44 60
20 45 60
20 46 80
20 47 60
20 48 60
20 49 80
20 50 40
20 51 60
20 52 60
20 53 60
21 0 80
21 1 60
21 2 40
21 3 40
21 4 30
21 5 80
21 6 30
21 7 30
21 8 60
21 9 40
21 10 30
21 11 30
21 12 40
21 13 60
21 14 60
21 15 40
21 16 60
21 17 80
21 18 40
21 19 30
21 20 40
21 22 60
21 23 60
21 24 30
21 25 40
21 26 40
21 27 80
21 28 80
21 29 80
21 30 60
21 31 30
21 32 60
21 33 40
21 34 40
21 35 80
21 36 60
21 37 40
21 38 60
21 39 40
21 40 30
21 41 40
21 42 60
21 43 60
21 44 30
21 45 80
21 46 80
21 47 60
21 48 30
21 49 60
21 50 60
21 51 80
21 52 30
21 53 40
22 0 40
22 1 30
22 2 30
22 3 60
22 4 80
22 5 30
22 6 60
22 7 30
22 8 40
22 9 60
22 10 60
22 11 80
22 12 30
22 13 30
22 14 30
22 15 80
22 16 60
22 17 30
22 18 60
22 19 80
22 20 30
22 21 30
22 23 60
22 24 60
22 25 80
22 26 80
22 27 60
22 28 30
22 29 80
22 30 30
22 31 30
22 32 60
22 33 80
22 34 80
22 35 80
22 36 60
22 37 80
22 38 80
22 39 30
22 40 80
22 41 80
22 42 60
22 43 40
22 44 30
22 45 40
22 46 60
22 47 60
22 48 80
22 49 80
22 50 30
22 51 80
22 52 80
22 53 40
23 0 40
23 1 40
23 2 60
23 3 60
23 4 80
23 5 40
23 6 60
23 7 80
23 8 80
23 9 40
23 10 60
23 11 30
23 12 80
23 13 60
23 14 80
23 15 60
23 16 80
23 17 40
23 18 30
23 19 30
23 20 40
23 21 30
23 22 60
23 24 30
23 25 40
23 26 80
23 27 80
23 28 60
23 29 40
23 30 40
23 31 60
23 32 30
23 33 30
23 34 30
23 35 80
23 36 60
23 37 60
23 38 60
23 39 40
23 40 60
23 41 80
23 42 40
23 43 60
23 44 40
23 45 30
23 46 40
23 47 60
23 48 80
23 49 60
23 50 40
23 51 80
23 52 80
23 53 30
24 0 60
24 1 60
24 2 80
24 3 80
24 4 60
24 5 40
24 6 60
24 7 40
24 8 60
24 9 30
24 10 60
24 11 30
24 12 60
24 13 60
24 14 60
24 15 30
24 16 40
24 17 30
24 18 80
24 19 30
24 20 60
24 21 60
24 22 60
24 23 60
24 25 30
24 26 80
24 27 40
24 28 60
24 29 30
24 30 80
24 31 40
24 32 80
24 33 40
24 34 60
24 35 60
24 36 40
24 37 40
24 38 60
24 39 40
24 40 60
24 41 30
24 42 80
24 43 60
24 44 80
24 45 40
24 46 80
24 47 60
24 48 30
24 49 40
24 50 80
24 51 40
24 52 40
24 53 40
25 0 30
25 1 40
25 2 30
25 3 80
25 4 60
25 5 30
25 6 60
25 7 30
25 8 30
25 9 30
25 10 30
25 11 60
25 12 30
25 13 40
25 14 60
25 15 40
25 16 60
25 17 30
25 18 30
25 19 40
25 20 30
25 21 30
25 22 30
25 23 30
25 24 80
25 26 60
25 27 30
25 28 80
25 29 30
25 30 30
25 31 60
25 32 80
25 33 60
25 34 40
25 35 40
25 36 60
25 37 80
25 38 40
25 39 60
25 40 30
25 41 30
25 42 40
25 43 40
25 44 60
25 45 40
25 46 30
25 47 40
25 48 30
25 49 40
25 50 40
25 51 60
25 52 60
25 53 40
26 0 80
26 1 80
26 2 30
26 3 60
26 4 80
26 5 80
26 6 40
26 7 60
26 8 30
26 9 30
26 10 60
26 11 40
26 12 40
26 13 40
26 14 80
26 15 80
26 16 60
26 17 30
26 18 30
26 19 60
26 20 60
26 21 30
26 22 60
26 23 80
26 24 80
26 25 80
26 27 40
26 28 30
26 29 30
26 30 30
26 31 40
26 32 30
26 33 60
26 34 40
26 35 40
26 36 40
26 37 40
26 38 30
26 39 60
26 40 60
26 41 30
26 42 80
26 43 40
26 44 40
26 45 60
26 46 40
26 47 30
26 48 60
26 49 30
26 50 60
26 51 30
26 52 30
26 53 30
27 0 40
27 1 80
27 2 60
27 3 80
27 4 40
27 5 30
27 6 60
27 7 60
27 8 40
27 9 80
27 10 40
27 11 40
27 12 40
27 13 60
27 14 30
27 15 60
27 16 80
27 17 40
27 18 60
27 19 60
27 20 30
27 21 40
27 22 60
27 23 40
27 24 80
27 25 80
27 26 80
27 28 60
27 29 60
27 30 30
27 31 60
27 32 60
27 33 80
27 34 40
27 35 80
27 36 30
27 37 40
27 38 80
27 39 80
27 40 60
27 41 60
27 42 30
27 43 80
27 44 40
27 45 60
27 46 40
27 47 60
27 48 30
27 49 40
27 50 80
27 51 60
27 52 30
27 53 40
28 0 30
28 1 40
28 2 60
28 3 60
28 4 80
28 5 80
28 6 60
28 7 30
28 8 40
28 9 40
28 10 30
28 11 30
28 12 60
28 13 60
28 14 60
28 15 80
28 16 60
28 17 30
28 18 30
28 19 40
28 20 30
28 21 80
28 22 40
28 23 80
28 24 60
28 25 40
28 26 40
28 27 30
28 29 40
28 30 30
28 31 80
28 32 80
28 33 80
28 34 40
28 35 80
28 36 80
28 37 80
28 38 80
28 39 30
28 40 30
28 41 30
28 42 40
28 43 60
28 44 80
28 45 80
28 46 30
28 47 60
28 48 40
28 49 40
28 50 80
28 51 80
28 52 30
28 53 80
29 0 80
29 1 60
29 2 30
29 3 60
29 4 60
29 5 60
29 6 60
29 7 80
29 8 40
29 9 30
29 10 60
29 11 40
29 12 30
29 13 40
29 14 30
29 15 30
29 16 40
29 17 30
29 18 60
29 19 30
29 20 40
29 21 80
29 22 80
29 23 60
29 24 60
29 25 30
29 26 40
29 27 60
29 28 30
29 30 30
29 31 30
29 32 30
29 33 60
29 34 80
29 35 30
29 36 30
29 37 40
29 38 40
29 39 40
29 40 60
29 41 60
29 42 80
29 43 30
29 44 30
29 45 30
29 46 40
29 47 80
29 48 80
29 49 80
29 50 80
29 51 60
29 52 60
29 53 30
30 0 80
30 1 30
30 2 80
30 3 30
30 4 40
30 5 60
30 6 60
30 7 40
30 8 80
30 9 60
30 10 80
30 11 40
30 12 60
30 13 30
30 14 30
30 15 30
30 16 30
30 17 60
30 18 30
30 19 30
30 20 40
30 21 40
30 22 30
30 23 60
30 24 80
30 25 80
30 26 80
30 27 80
30 28 80
30 29 30
30 31 60
30 32 40
30 33 40
30 34 30
30 35 40
30 36 60
30 37 40
30 38 60
30 39 40
30 40 40
30 41 80
30 42 60
30 43 80
30 44 80
30 45 80
30 46 60
30 47 40
30 48 60
30 49 60
30 50 40
30 51 80
30 52 80
30 53 80
31 0 40
31 1 60
31 2 30
31 3 40
31 4 40
31 5 80
31 6 80
31 7 80
31 8 40
31 9 40
31 10 30
31 11 40
31 12 40
31 13 80
31 14 80
31 15 80
31 16 80
31 17 80
31 18 60
31 19 30
31 20 40
31 21 60
31 22 80
31 23 60
31 24 40
31 25 40
31 26 60
31 27 40
31 28 40
31 29 60
31 30 60
31 32 40
31 33 60
31 34 30
31 35 30
31 36 60
31 37 80
31 38 80
31 39 30
31 40 60
31 41 40
31 42 80
31 43 60
31 44 30
31 45 40
31 46 60
31 47 80
31 48 40
31 49 40
31 50 60
31 51 30
31 52 40
31 53 60
32 0 60
32 1 30
32 2 80
32 3 40
32 4 30
32 5 30
32 6 80
32 7 60
32 8 40
32 9 80
32 10 60
32 11 30
32 12 40
32 13 80
32 14 80
32 15 80
32 16 60
32 17 30
32 18 60
32 19 30
32 20 30
32 21 40
32 22 80
32 23 80
32 24 60
32 25 40
32 26 40
32 27 80
32 28 60
32 29 30
32 30 60
32 31 40
32 33 60
32 34 30
32 35 80
32 36 40
32 37 60
32 38 80
32 39 30
32 40 60
32 41 30
32 42 80
32 43 80
32 44 60
32 45 40
32 46 60
32 47 80
32 48 30
32 49 40
32 50 40
32 51 60
32 52 60
32 53 80
33 0 80
33 1 30
33 2 40
33 3 60
33 4 30
33 5 60
33 6 80
33 7 40
33 8 30
33 9 30
33 10 40
33 11 80
33 12 60
33 13 80
33 14 40
33 15 60
33 16 60
33 17 40
33 18 60
33 19 60
33 20 80
33 21 30
33 22 30
33 23 40
33 24 80
33 25 60
33 26 40
33 27 80
33 28 40
33 29 80
33 30 60
33 31 60
33 32 60
33 34 80
33 35 60
33 36 60
33 37 40
33 38 80
33 39 30
33 40 30
33 41 30
33 42 80
33 43 60
33 44 40
33 45 80
33 46 80
33 47 80
33 48 40
33 49 30
33 50 40
33 51 60
33 52 40
33 53 30
34 0 40
34 1 60
34 2 40
34 3 80
34 4 60
34 5 30
34 6 80
34 7 60
34 8 30
34 9 80
34 10 40
34 11 80
34 12 30
34 13 80
34 14 80
34 15 30
34 16 30
34 17 40
34 18 80
34 19 60
34 20 60
34 21 80
34 22 60
34 23 80
34 24 40
34 25 60
34 26 40
34 27 60
34 28 30
34 29 60
34 30 60
34 31 60
34 32 40
34 33 60
34 35 60
34 36 60
34 37 80
34 38 40
34 39 30
34 40 30
34 41 80
34 42 40
34 43 80
34 44 60
34 45 40
34 46 40
34 47 40
34 48 40
34 49 60
34 50 60
34 51 30
34 52 30
34 53 80
35 0 60
35 1 60
35 2 80
35 3 80
35 4 60
35 5 40
35 6 80
35 7 80
35 8 40
35 9 60
35 10 80
35 11 30
35 12 80
35 13 80
35 14 60
35 15 80
35 16 40
35 17 30
35 18 30
35 19 40
35 20 40
35 21 40
35 22 60
35 23 40
35 24 60
35 25 30
35 26 40
35 27 30
35 28 30
35 29 60
35 30 80
35 31 40
35 32 80
35 33 80
35 34 40
35 36 30
35 37 30
35 38 60
35 39 60
35 40 60
35 41 60
35 42 60
35 43 60
35 44 60
35 45 40
35 46 40
35 47 60
35 48 40
35 49 40
35 50 80
35 51 40
35 52 80
35 53 40
36 0 40
36 1 80
36 2 40
36 3 80
36 4 80
36 5 30
36 6 60
36 7 80
36 8 80
36 9 40
36 10 30
36 11 30
36 12 30
36 13 30
36 14 60
36 15 40
36 16 80
36 17 40
36 18 80
36 19 30
36 20 40
36 21 40
36 22 60
36 23 80
36 24 60
36 25 80
36 26 80
36 27 30
36 28 60
36 29 60
36 30 30
36 31 40
36 32 40
36 33 40
36 34 80
36 35 60
36 37 40
36 38 40
36 39 60
36 40 30
36 41 80
36 42 40
36 43 80
36 44 80
36 45 40
36 46 30
36 47 40
36 48 80
36 49 30
36 50 60
36 51 30
36 52 60
36 53 80
37 0 30
37 1 30
37 2 30
37 3 30
37 4 80
37 5 30
37 6 60
37 7 30
37 8 40
37 9 30
37 10 40
37 11 60
37 12 60
37 13 40
37 14 30
37 15 30
37 16 80
37 17 60
37 18 40
37 19 80
37 20 30
37 21 60
37 22 60
37 23 80
37 24 40
37 25 80
37 26 40
37 27 60
37 28 80
37 29 30
37 30 40
37 31 80
37 32 40
37 33 40
37 34 40
37 35 80
37 36 80
37 38 40
37 39 40
37 40 40
37 41 40
37 42 60
37 43 30
37 44 30
37 45 30
37 46 30
37 47 60
37 48 80
37 49 40
37 50 40
37 51 40
37 52 40
37 53 40
38 0 80
38 1 80
38 2 30
38 3 40
38 4 30
38 5 30
38 6 30
38 7 40
38 8 40
38 9 60
38 10 40
38 11 30
38 12 60
38 13 40
38 14 30
38 15 60
38 16 40
38 17 80
38 18 60
38 19 60
38 20 80
38 21 40
38 22 80
38 23 40
38 24 30
38 25 80
38 26 40
38 27 40
38 28 30
38 29 80
38 30 40
38 31 40
38 32 60
38 33 30
38 34 40
38 35 30
38 36 30
38 37 60
38 39 30
38 40 40
38 41 30
38 42 30
38 43 60
38 44 80
38 45 30
38 46 40
38 47 60
38 48 60
38 49 80
38 50 40
38 51 60
38 52 40
38 53 80
39 0 60
39 1 80
39 2 30
39 3 80
39 4 80
39 5 80
39 6 60
39 7 80
39 8 60
39 9 80
39 10 80
39 11 40
39 12 60
39 13 60
39 14 40
39 15 80
39 16 30
39 17 40
39 18 80
39 19 80
39 20 80
39 21 30
39 22 80
39 23 60
39 24 80
39 25 40
39 26 80
39 27 80
39 28 40
39 29 80
39 30 60
39 31 80
39 32 80
39 33 60
39 34 80
39 35 60
39 36 60
39 37 60
39 38 40
39 40 80
39 41 30
39 42 60
39 43 40
39 44 40
39 45 40
39 46 40
39 47 60
39 48 80
39 49 80
39 50 40
39 51 60
39 52 60
39 53 40
40 0 40
40 1 40
40 2 40
40 3 60
40 4 80
40 5 80
40 6 60
40 7 40
40 8 30
40 9 60
40 10 30
40 11 30
40 12 40
40 13 40
40 14 40
40 15 60
40 16 60
40 17 80
40 18 30
40 19 60
40 20 40
40 21 30
40 22 30
40 23 80
40 24 80
40 25 30
40 26 80
40 27 30
40 28 60
40 29 60
40 30 60
40 31 60
40 32 80
40 33 30
40 34 30
40 35 60
40 36 80
40 37 40
40 38 80
40 39 80
40 41 60
40 42 80
40 43 30
40 44 60
40 45 30
40 46 60
40 47 60
40 48 80
40 49 80
40 50 40
40 51 80
40 52 30
40 53 30
41 0 30
41 1 60
41 2 80
41 3 80
41 4 80
41 5 30
41 6 40
41 7 80
41 8 80
41 9 40
41 10 80
41 11 80
41 12 30
41 13 60
41 14 80
41 15 60
41 16 80
41 17 40
41 18 80
41 19 30
41 20 40
41 21 30
41 22 30
41 23 80
41 24 30
41 25 30
41 26 80
41 27 40
41 28 40
41 29 60
41 30 40
41 31 60
41 32 40
41 33 30
41 34 80
41 35 80
41 36 60
41 37 40
41 38 60
41 39 30
41 40 30
41 42 40
41 43 30
41 44 60
41 45 80
41 46 60
41 47 40
41 48 40
41 49 40
41 50 60
41 51 80
41 52 60
41 53 30
42 0 80
42 1 40
42 2 30
42 3 80
42 4 60
42 5 60
42 6 30
42 7 30
42 8 40
42 9 40
42 10 30
42 11 40
42 12 60
42 13 60
42 14 30
42 15 30
42 16 30
42 17 30
42 18 80
42 19 60
42 20 80
42 21 60
42 22 40
42 23 40
42 24 60
42 25 60
42 26 30
42 27 80
42 28 30
42 29 60
42 30 60
42 31 60
42 32 60
42 33 30
42 34 80
42 35 60
42 36 40
42 37 30
42 38 40
42 39 60
42 40 30
42 41 40
42 43 60
42 44 30
42 45 30
42 46 40
42 47 80
42 48 60
42 49 60
42 50 80
42 51 60
42 52 60
42 53 40
43 0 40
43 1 60
43 2 30
43 3 60
43 4 40
43 5 60
43 6 40
43 7 40
43 8 60
43 9 40
43 10 60
43 11 60
43 12 40
43 13 60
43 14 80
43 15 30
43 16 80
43 17 60
43 18 40
43 19 80
43 20 40
43 21 80
43 22 80
43 23 80
43 24 30
43 25 60
43 26 60
43 27 40
43 28 40
43 29 30
43 30 30
43 31 60
43 32 40
43 33 40
43 34 30
43 35 60
43 36 30
43 37 80
43 38 60
43 39 60
43 40 30
43 41 40
43 42 80
43 44 60
43 45 60
43 46 30
43 47 60
43 48 40
43 49 60
43 50 30
43 51 40
43 52 40
43 53 60
44 0 80
44 1 40
44 2 40
44 3 40
44 4 30
44 5 40
44 6 80
44 7 30
44 8 60
44 9 30
44 10 60
44 11 60
44 12 60
44 13 40
44 14 80
44 15 30
44 16 60
44 17 60
44 18 30
44 19 60
44 20 40
44 21 40
44 22 60
44 23 80
44 24 80
44 25 80
44 26 80
44 27 40
44 28 80
44 29 60
44 30 80
44 31 40
44 32 30
44 33 60
44 34 80
44 35 60
44 36 30
44 37 60
44 38 60
44 39 60
44 40 40
44 41 60
44 42 60
44 43 30
44 45 80
44 46 60
44 47 60
44 48 40
44 49 40
44 50 80
44 51 60
44 52 30
44 53 30
45 0 80
45 1 40
45 2 60
45 3 60
45 4 60
45 5 40
45 6 40
45 7 40
45 8 40
45 9 30
45 10 40
45 11 80
45 12 40
45 13 60
45 14 80
45 15 40
45 16 40
45 17 80
45 18 40
45 19 40
45 20 40
45 21 40
45 22 80
45 23 80
45 24 40
45 25 80
45 26 60
45 27 80
45 28 30
45 29 60
45 30 60
45 31 40
45 32 30
45 33 60
45 34 30
45 35 60
45 36 80
45 37 60
45 38 80
45 39 60
45 40 80
45 41 30
45 42 40
45 43 30
45 44 30
45 46 80
45 47 80
45 48 40
45 49 80
45 50 80
45 51 30
45 52 30
45 53 40
46 0 80
46 1 60
46 2 60
46 3 30
46 4 40
46 5 80
46 6 60
46 7 30
46 8 60
46 9 60
46 10 40
46 11 30
46 12 60
46 13 80
46 14 60
46 15 30
46 16 60
46 17 80
46 18 40
46 19 60
46 20 30
46 21 30
46 22 30
46 23 30
46 24 80
46 25 60
46 26 30
46 27 80
46 28 30
46 29 30
46 30 60
46 31 30
46 32 40
46 33 40
46 34 30
46 35 40
46 36 80
46 37 40
46 38 60
46 39 40
46 40 30
46 41 60
46 42 80
46 43 60
46 44 60
46 45 60
46 47 60
46 48 40
46 49 30
46 50 80
46 51 30
46 52 80
46 53 80
47 0 40
47 1 60
47 2 80
47 3 40
47 4 30
47 5 30
47 6 80
47 7 40
47 8 40
47 9 30
47 10 80
47 11 30
47 12 40
47 13 30
47 14 60
47 15 80
47 16 80
47 17 40
47 18 40
47 19 40
47 20 60
47 21 80
47 22 40
47 23 40
47 24 40
47 25 80
47 26 30
47 27 40
47 28 40
47 29 60
47 30 60
47 31 30
47 32 40
47 33 40
47 34 40
47 35 40
47 36 30
47 37 60
47 38 30
47 39 80
47 40 80
47 41 40
47 42 80
47 43 80
47 44 80
47 45 40
47 46 60
47 48 80
47 49 40
47 50 30
47 51 60
47 52 30
47 53 40
48 0 80
48 1 60
48 2 80
48 3 30
48 4 80
48 5 60
48 6 80
48 7 60
48 8 60
48 9 80
48 10 30
48 11 80
48 12 40
48 13 60
48 14 80
48 15 80
48 16 60
48 17 80
48 18 80
48 19 80
48 20 30
48 21 60
48 22 80
48 23 80
48 24 80
48 25 40
48 26 40
48 27 60
48 28 30
48 29 80
48 30 30
48 31 80
48 32 60
48 33 30
48 34 80
48 35 60
48 36 80
48 37 40
48 38 80
48 39 60
48 40 80
48 41 30
48 42 40
48 43 60
48 44 30
48 45 60
48 46 60
48 47 60
48 49 30
48 50 30
48 51 60
48 52 60
48 53 40
49 0 40
49 1 30
49 2 60
49 3 40
49 4 80
49 5 60
49 6 30
49 7 30
49 8 30
49 9 40
49 10 80
49 11 60
49 12 60
49 13 40
49 14 60
49 15 30
49 16 30
49 17 40
49 18 80
49 19 30
49 20 80
49 21 30
49 22 40
49 23 80
49 24 40
49 25 80
49 26 30
49 27 60
49 28 80
49 29 60
49 30 80
49 31 40
49 32 60
49 33 40
49 34 40
49 35 80
49 36 80
49 37 80
49 38 30
49 39 40
49 40 40
49 41 30
49 42 40
49 43 30
49 44 80
49 45 60
49 46 40
49 47 40
49 48 60
49 50 40
49 51 60
49 52 30
49 53 40
50 0 30
50 1 40
50 2 80
50 3 60
50 4 60
50 5 80
50 6 80
50 7 80
50 8 40
50 9 40
50 10 80
50 11 60
50 12 40
50 13 60
50 14 30
50 15 80
50 16 40
50 17 40
50 18 80
50 19 30
50 20 80
50 21 80
50 22 30
50 23 30
50 24 60
50 25 60
50 26 40
50 27 80
50 28 40
50 29 30
50 30 80
50 31 60
50 32 40
50 33 60
50 34 60
50 35 80
50 36 40
50 37 30
50 38 80
50 39 40
50 40 80
50 41 80
50 42 40
50 43 60
50 44 30
50 45 30
50 46 60
50 47 60
50 48 30
50 49 60
50 51 30
50 52 60
50 53 40
51 0 60
51 1 40
51 2 40
51 3 60
51 4 60
51 5 30
51 6 60
51 7 40
51 8 60
51 9 60
51 10 30
51 11 60
51 12 80
51 13 40
51 14 40
51 15 60
51 16 40
51 17 80
51 18 80
51 19 40
51 20 40
51 21 30
51 22 60
51 23 30
51 24 40
51 25 40
51 26 30
51 27 30
51 28 40
51 29 80
51 30 80
51 31 30
51 32 80
51 33 30
51 34 80
51 35 30
51 36 30
51 37 40
51 38 30
51 39 30
51 40 60
51 41 30
51 42 40
51 43 80
51 44 30
51 45 80
51 46 30
51 47 30
51 48 80
51 49 60
51 50 60
51 52 40
51 53 40
52 0 30
52 1 30
52 2 80
52 3 60
52 4 80
52 5 30
52 6 60
52 7 80
52 8 30
52 9 40
52 10 30
52 11 30
52 12 30
52 13 40
52 14 60
52 15 40
52 16 30
52 17 60
52 18 40
52 19 40
52 20 40
52 21 80
52 22 40
52 23 40
52 24 40
52 25 60
52 26 60
52 27 60
52 28 60
52 29 30
52 30 30
52 31 40
52 32 40
52 33 30
52 34 60
52 35 60
52 36 80
52 37 30
52 38 40
52 39 30
52 40 30
52 41 30
52 42 80
52 43 40
52 44 60
52 45 60
52 46 80
52 47 40
52 48 80
52 49 60
52 50 40
52 51 30
52 53 60
53 0 80
53 1 30
53 2 30
53 3 40
53 4 30
53 5 80
53 6 80
53 7 80
53 8 80
53 9 80
53 10 40
53 11 80
53 12 40
53 13 60
53 14 40
53 15 60
53 16 40
53 17 30
53 18 60
53 19 30
53 20 30
53 21 80
53 22 80
53 23 60
53 24 30
53 25 80
53 26 80
53 27 40
53 28 30
53 29 40
53 30 80
53 31 40
53 32 30
53 33 80
53 34 60
53 35 80
53 36 30
53 37 80
53 38 80
53 39 40
53 40 60
53 41 30
53 42 30
53 43 60
53 44 30
53 45 30
53 46 30
53 47 40
53 48 30
53 49 60
53 50 60
53 51 30
53 52 30
