NAME C50R8-2
SOURCE Zhang et al. (2018) methodology — reproducible synthetic benchmark
N_CUSTOMERS 50
N_STATIONS 8
VARIANT 2
GRID_MILES 200.0
VEHICLE_CAPACITY 3.0
BATTERY_KWH 110.0
CURB_WEIGHT_KG 2000.0
ALPHA_ARC 0.0981
BETA_VEH 2.11
EFF_D 1.11
EFF_M 1.25
SPEED_SEED 2998990833
CUSTOMER_SEED 59850
STATION_SEED 70680

NODES
0 160934.400000 160934.400000 0.000000 depot_start
1 186847.138572 39839.552598 0.085313 customer
2 2665.635826 224201.111598 0.065431 customer
3 285652.025200 297277.234926 0.094302 customer
4 251242.037208 314568.677533 0.118913 customer
5 157283.406526 129163.869839 0.077616 customer
6 256829.842764 263225.827141 0.098908 customer
7 306228.615141 197907.042289 0.112597 customer
8 93744.291947 4340.650494 0.099322 customer
9 237721.216137 261324.906181 0.070001 customer
10 128764.422547 31296.457718 0.103697 customer
11 237623.735083 148879.747977 0.128899 customer
12 113390.205045 253623.521541 0.057514 customer
13 250606.382640 212416.396362 0.076665 customer
14 64176.336647 70151.544139 0.060692 customer
15 135076.792039 138466.167171 0.143878 customer
16 294846.915039 253518.044578 0.135892 customer
17 54696.024139 1887.784619 0.121442 customer
18 151287.624413 163066.400690 0.111149 customer
19 229860.652377 165128.876224 0.121738 customer
20 51865.733971 256315.265762 0.083486 customer
21 258461.559547 7248.001147 0.128998 customer
22 206082.857867 207151.591396 0.069880 customer
23 3199.029065 164753.392628 0.071727 customer
24 14718.841775 306551.262819 0.099306 customer
25 287613.960954 269609.577533 0.129319 customer
26 25944.315049 101689.462098 0.076793 customer
27 112611.310912 39537.658080 0.134227 customer
28 228970.231502 218745.148188 0.060099 customer
29 244046.441301 290600.190553 0.085347 customer
30 103464.285277 168285.541998 0.052859 customer
31 164096.685493 29208.328633 0.102661 customer
32 95761.369515 234499.219719 0.116703 customer
33 43401.759236 121470.180803 0.117752 customer
34 280370.331853 295607.825978 0.127538 customer
35 40533.340947 38024.651110 0.064098 customer
36 128357.425101 306227.438341 0.117109 customer
37 101147.748724 120074.217180 0.137011 customer
38 145664.860592 3714.637824 0.085746 customer
39 109155.114772 102815.547907 0.133275 customer
40 242977.374255 298914.322295 0.061584 customer
41 151966.402042 128850.369814 0.107046 customer
42 125417.648204 286475.741975 0.072752 customer
43 264286.417960 81790.513939 0.100019 customer
44 35229.892670 297509.162742 0.148858 customer
45 250985.338659 12821.269419 0.083405 customer
46 125748.897605 199140.768129 0.075190 customer
47 315606.812379 276563.902500 0.120781 customer
48 166927.256643 241190.899152 0.062396 customer
49 215309.755375 137555.133323 0.062304 customer
50 59093.098139 138153.136538 0.079525 customer
51 142646.443961 169976.429663 0.000000 station
52 264816.573723 229911.412329 0.000000 station
53 245026.004583 201458.794150 0.000000 station
54 222739.768620 83534.385541 0.000000 station
55 261890.368621 33721.418876 0.000000 station
56 308182.865712 18491.949098 0.000000 station
57 234960.750098 130182.938413 0.000000 station
58 217807.736913 80250.114204 0.000000 station
59 160934.400000 160934.400000 0.000000 depot_end

SPEEDS
0 1 40
0 2 60
0 3 30
0 4 40
0 5 60
0 6 80
0 7 80
0 8 60
0 9 40
0 10 60
0 11 40
0 12 60
0 13 60
0 14 60
0 15 40
0 16 60
0 17 60
0 18 60
0 19 30
0 20 80
0 21 80
0 22 60
0 23 60
0 24 60
0 25 30
0 26 30
0 27 60
0 28 30
0 29 40
0 30 60
0 31 60
0 32 80
0 33 60
0 34 40
0 35 80
0 36 80
0 37 60
0 38 60
0 39 40
0 40 30
0 41 80
0 42 80
0 43 30
0 44 40
0 45 30
0 46 30
0 47 60
0 48 60
0 49 60
0 50 80
0 51 30
0 52 60
0 53 80
0 54 80
0 55 60
0 56 80
0 57 80
0 58 40
0 59 80
1 0 40
1 2 60
1 3 80
1 4 60
1 5 40
1 6 40
1 7 80
1 8 60
1 9 30
1 10 80
1 11 30
1 12 80
1 13 80
1 14 60
1 15 80
1 16 40
1 17 40
1 18 60
1 19 60
1 20 80
1 21 60
1 22 80
1 23 80
1 24 30
1 25 60
1 26 40
1 27 40
1 28 80
1 29 80
1 30 40
1 31 30
1 32 30
1 33 80
1 34 30
1 35 40
1 36 40
1 37 30
1 38 40
1 39 30
1 40 30
1 41 80
1 42 40
1 43 30
1 44 60
1 45 60
1 46 40
1 47 60
1 48 40
1 49 80
1 50 60
1 51 40
1 52 60
1 53 30
1 54 60
1 55 80
1 56 60
1 57 30
1 58 30
1 59 40
2 0 30
2 1 40
2 3 80
2 4 30
2 5 40
2 6 40
2 7 40
2 8 60
2 9 60
2 10 40
2 11 30
2 12 60
2 13 60
2 14 30
2 15 60
2 16 60
2 17 30
2 18 30
2 19 60
2 20 80
2 21 60
2 22 40
2 23 30
2 24 60
2 25 80
2 26 40
2 27 80
2 28 60
2 29 80
2 30 40
2 31 60
2 32 80
2 33 80
2 34 80
2 35 30
2 36 30
2 37 80
2 38 60
2 39 60
2 40 60
2 41 60
2 42 80
2 43 40
2 44 40
2 45 30
2 46 80
2 47 30
2 48 30
2 49 30
2 50 80
2 51 30
2 52 40
2 53 60
2 54 80
2 55 60
2 56 40
2 57 60
2 58 30
2 59 80
3 0 30
3 1 30
3 2 60
3 4 30
3 5 80
3 6 30
3 7 80
3 8 80
3 9 40
3 10 40
3 11 80
3 12 60
3 13 60
3 14 40
3 15 60
3 16 60
3 17 30
3 18 30
3 19 40
3 20 40
3 21 30
3 22 60
3 23 40
3 24 60
3 25 40
3 26 30
3 27 60
3 28 60
3 29 60
3 30 30
3 31 60
3 32 40
3 33 30
3 34 30
3 35 80
3 36 80
3 37 40
3 38 40
3 39 40
3 40 40
3 41 40
3 42 60
3 43 40
3 44 60
3 45 80
3 46 30
3 47 40
3 48 80
3 49 60
3 50 80
3 51 40
3 52 80
3 53 40
3 54 40
3 55 60
3 56 40
3 57 80
3 58 40
3 59 60
4 0 60
4 1 40
4 2 40
4 3 60
4 5 80
4 6 30
4 7 40
4 8 80
4 9 60
4 10 80
4 11 30
4 12 40
4 13 60
4 14 80
4 15 80
4 16 30
4 17 80
4 18 60
4 19 40
4 20 80
4 21 60
4 22 40
4 23 80
4 24 60
4 25 60
4 26 80
4 27 40
4 28 30
4 29 80
4 30 60
4 31 80
4 32 30
4 33 80
4 34 60
4 35 40
4 36 40
4 37 30
4 38 30
4 39 30
4 40 60
4 41 30
4 42 30
4 43 80
4 44 40
4 45 60
4 46 30
4 47 40
4 48 60
4 49 30
4 50 40
4 51 80
4 52 30
4 53 30
4 54 30
4 55 80
4 56 80
4 57 80
4 58 30
4 59 60
5 0 80
5 1 40
5 2 30
5 3 60
5 4 30
5 6 60
5 7 30
5 8 30
5 9 80
5 10 40
5 11 30
5 12 30
5 13 30
5 14 30
5 15 60
5 16 60
5 17 30
5 18 40
5 19 80
5 20 60
5 21 60
5 22 40
5 23 30
5 24 40
5 25 80
5 26 30
5 27 30
5 28 30
5 29 60
5 30 60
5 31 30
5 32 60
5 33 60
5 34 40
5 35 30
5 36 80
5 37 40
5 38 60
5 39 60
5 40 80
5 41 40
5 42 30
5 43 80
5 44 60
5 45 40
5 46 30
5 47 80
5 48 30
5 49 60
5 50 80
5 51 60
5 52 40
5 53 40
5 54 40
5 55 60
5 56 30
5 57 60
5 58 60
5 59 80
6 0 30
6 1 40
6 2 80
6 3 40
6 4 30
6 5 60
6 7 30
6 8 80
6 9 30
6 10 40
6 11 30
6 12 60
6 13 30
6 14 80
6 15 30
6 16 60
6 17 30
6 18 40
6 19 80
6 20 40
6 21 60
6 22 60
6 23 80
6 24 80
6 25 30
6 26 80
6 27 80
6 28 30
6 29 30
6 30 30
6 31 40
6 32 30
6 33 40
6 34 80
6 35 80
6 36 80
6 37 40
6 38 30
6 39 60
6 40 80
6 41 30
6 42 30
6 43 30
6 44 60
6 45 80
6 46 40
6 47 80
6 48 60
6 49 60
6 50 30
6 51 80
6 52 40
6 53 80
6 54 60
6 55 80
6 56 80
6 57 80
6 58 40
6 59 80
7 0 30
7 1 60
7 2 40
7 3 80
7 4 80
7 5 30
7 6 40
7 8 40
7 9 40
7 10 40
7 11 60
7 12 30
7 13 80
7 14 80
7 15 40
7 16 60
7 17 40
7 18 60
7 19 80
7 20 40
7 21 30
7 22 30
7 23 40
7 24 60
7 25 80
7 26 40
7 27 40
7 28 80
7 29 40
7 30 80
7 31 40
7 32 80
7 33 30
7 34 40
7 35 80
7 36 30
7 37 40
7 38 30
7 39 40
7 40 40
7 41 40
7 42 30
7 43 40
7 44 40
7 45 30
7 46 30
7 47 30
7 48 40
7 49 30
7 50 30
7 51 40
7 52 80
7 53 60
7 54 30
7 55 30
7 56 60
7 57 60
7 58 80
7 59 40
8 0 80
8 1 60
8 2 80
8 3 40
8 4 60
8 5 40
8 6 40
8 7 40
8 9 80
8 10 80
8 11 60
8 12 80
8 13 60
8 14 60
8 15 80
8 16 30
8 17 60
8 18 30
8 19 60
8 20 80
8 21 30
8 22 80
8 23 80
8 24 80
8 25 80
8 26 30
8 27 80
8 28 60
8 29 40
8 30 30
8 31 40
8 32 60
8 33 30
8 34 30
8 35 30
8 36 40
8 37 80
8 38 80
8 39 40
8 40 80
8 41 80
8 42 40
8 43 80
8 44 40
8 45 30
8 46 60
8 47 30
8 48 60
8 49 80
8 50 40
8 51 30
8 52 60
8 53 40
8 54 30
8 55 30
8 56 60
8 57 60
8 58 60
8 59 80
9 0 40
9 1 60
9 2 30
9 3 60
9 4 40
9 5 40
9 6 40
9 7 40
9 8 30
9 10 30
9 11 30
9 12 80
9 13 30
9 14 30
9 15 40
9 16 30
9 17 60
9 18 40
9 19 60
9 20 60
9 21 80
9 22 40
9 23 60
9 24 30
9 25 60
9 26 60
9 27 80
9 28 60
9 29 80
9 30 60
9 31 80
9 32 60
9 33 60
9 34 40
9 35 80
9 36 40
9 37 60
9 38 40
9 39 40
9 40 80
9 41 40
9 42 30
9 43 60
9 44 80
9 45 30
9 46 80
9 47 30
9 48 80
9 49 60
9 50 30
9 51 60
9 52 30
9 53 80
9 54 80
9 55 40
9 56 80
9 57 30
9 58 80
9 59 60
10 0 80
10 1 80
10 2 30
10 3 80
10 4 60
10 5 40
10 6 30
10 7 30
10 8 40
10 9 40
10 11 60
10 12 60
10 13 80
10 14 80
10 15 40
10 16 30
10 17 60
10 18 30
10 19 60
10 20 40
10 21 40
10 22 30
10 23 60
10 24 60
10 25 30
10 26 60
10 27 30
10 28 80
10 29 60
10 30 60
10 31 40
10 32 60
10 33 30
10 34 60
10 35 60
10 36 80
10 37 40
10 38 30
10 39 60
10 40 80
10 41 40
10 42 80
10 43 40
10 44 40
10 45 60
10 46 40
10 47 30
10 48 30
10 49 30
10 50 80
10 51 80
10 52 60
10 53 40
10 54 40
10 55 30
10 56 40
10 57 40
10 58 40
10 59 60
11 0 80
11 1 60
11 2 30
11 3 40
11 4 30
11 5 40
11 6 80
11 7 80
11 8 80
11 9 40
11 10 40
11 12 40
11 13 60
11 14 60
11 15 80
11 16 40
11 17 30
11 18 60
11 19 30
11 20 80
11 21 40
11 22 60
11 23 80
11 24 60
11 25 30
11 26 30
11 27 80
11 28 60
11 29 60
11 30 60
11 31 80
11 32 60
11 33 80
11 34 30
11 35 30
11 36 80
11 37 80
11 38 30
11 39 80
11 40 60
11 41 80
11 42 60
11 43 30
11 44 80
11 45 40
11 46 80
11 47 30
11 48 80
11 49 40
11 50 40
11 51 40
11 52 60
11 53 60
11 54 60
11 55 80
11 56 80
11 57 80
11 58 40
11 59 80
12 0 60
12 1 60
12 2 30
12 3 40
12 4 60
12 5 30
12 6 40
12 7 40
12 8 60
12 9 30
12 10 60
12 11 60
12 13 60
12 14 80
12 15 40
12 16 60
12 17 40
12 18 80
12 19 30
12 20 60
12 21 80
12 22 80
12 23 40
12 24 60
12 25 80
12 26 30
12 27 80
12 28 80
12 29 30
12 30 30
12 31 30
12 32 80
12 33 40
12 34 80
12 35 40
12 36 30
12 37 40
12 38 40
12 39 80
12 40 30
12 41 80
12 42 80
12 43 60
12 44 60
12 45 80
12 46 80
12 47 30
12 48 30
12 49 40
12 50 40
12 51 60
12 52 80
12 53 40
12 54 40
12 55 80
12 56 60
12 57 40
12 58 30
12 59 60
13 0 40
13 1 30
13 2 60
13 3 60
13 4 60
13 5 80
13 6 80
13 7 60
13 8 40
13 9 40
13 10 80
13 11 80
13 12 60
13 14 60
13 15 40
13 16 30
13 17 30
13 18 80
13 19 40
13 20 80
13 21 60
13 22 60
13 23 30
13 24 60
13 25 80
13 26 40
13 27 40
13 28 40
13 29 40
13 30 40
13 31 60
13 32 60
13 33 60
13 34 30
13 35 80
13 36 40
13 37 40
13 38 30
13 39 80
13 40 30
13 41 60
13 42 80
13 43 60
13 44 80
13 45 60
13 46 80
13 47 60
13 48 60
13 49 60
13 50 30
13 51 40
13 52 80
13 53 80
13 54 30
13 55 80
13 56 40
13 57 40
13 58 40
13 59 30
14 0 80
14 1 40
14 2 60
14 3 30
14 4 60
14 5 40
14 6 40
14 7 80
14 8 30
14 9 80
14 10 80
14 11 60
14 12 60
14 13 60
14 15 40
14 16 60
14 17 80
14 18 60
14 19 60
14 20 30
14 21 30
14 22 30
14 23 60
14 24 40
14 25 40
14 26 60
14 27 80
14 28 40
14 29 60
14 30 40
14 31 60
14 32 30
14 33 40
14 34 80
14 35 40
14 36 30
14 37 30
14 38 30
14 39 30
14 40 30
14 41 60
14 42 60
14 43 30
14 44 40
14 45 60
14 46 80
14 47 40
14 48 80
14 49 80
14 50 80
14 51 40
14 52 80
14 53 30
14 54 30
14 55 60
14 56 80
14 57 30
14 58 80
14 59 60
15 0 40
15 1 40
15 2 30
15 3 60
15 4 40
15 5 40
15 6 30
15 7 40
15 8 60
15 9 60
15 10 40
15 11 40
15 12 60
15 13 80
15 14 30
15 16 30
15 17 40
15 18 80
15 19 60
15 20 30
15 21 60
15 22 30
15 23 40
15 24 40
15 25 30
15 26 60
15 27 60
15 28 80
15 29 80
15 30 30
15 31 40
15 32 80
15 33 30
15 34 60
15 35 30
15 36 60
15 37 80
15 38 80
15 39 60
15 40 40
15 41 40
15 42 80
15 43 30
15 44 60
15 45 80
15 46 40
15 47 80
15 48 30
15 49 30
15 50 30
15 51 40
15 52 40
15 53 80
15 54 80
15 55 80
15 56 80
15 57 40
15 58 60
15 59 30
16 0 30
16 1 40
16 2 80
16 3 80
16 4 40
16 5 60
16 6 30
16 7 30
16 8 30
16 9 30
16 10 30
16 11 40
16 12 60
16 13 40
16 14 30
16 15 60
16 17 60
16 18 40
16 19 60
16 20 40
16 21 30
16 22 80
16 23 60
16 24 60
16 25 30
16 26 60
16 27 30
16 28 80
16 29 60
16 30 60
16 31 40
16 32 40
16 33 80
16 34 40
16 35 30
16 36 40
16 37 40
16 38 60
16 39 60
16 40 60
16 41 80
16 42 60
16 43 40
16 44 40
16 45 80
16 46 80
16 47 60
16 48 60
16 49 80
16 50 80
16 51 80
16 52 30
16 53 30
16 54 80
16 55 80
16 56 80
16 57 30
16 58 40
16 59 60
17 0 40
17 1 40
17 2 60
17 3 60
17 4 40
17 5 30
17 6 40
17 7 30
17 8 60
17 9 40
17 10 40
17 11 40
17 12 30
17 13 60
17 14 60
17 15 80
17 16 80
17 18 30
17 19 80
17 20 40
17 21 60
17 22 30
17 23 60
17 24 40
17 25 40
17 26 80
17 27 40
17 28 30
17 29 80
17 30 60
17 31 40
17 32 80
17 33 80
17 34 60
17 35 40
17 36 80
17 37 30
17 38 80
17 39 80
17 40 40
17 41 60
17 42 80
17 43 30
17 44 80
17 45 80
17 46 40
17 47 60
17 48 40
17 49 80
17 50 30
17 51 40
17 52 30
17 53 30
17 54 60
17 55 40
17 56 80
17 57 60
17 58 30
17 59 30
18 0 30
18 1 60
18 2 80
18 3 40
18 4 80
18 5 80
18 6 60
18 7 40
18 8 40
18 9 40
18 10 40
18 11 40
18 12 40
18 13 30
18 14 80
18 15 80
18 16 60
18 17 80
18 19 30
18 20 60
18 21 30
18 22 60
18 23 80
18 24 30
18 25 40
18 26 60
18 27 60
18 28 30
18 29 80
18 30 60
18 31 40
18 32 40
18 33 30
18 34 60
18 35 40
18 36 30
18 37 40
18 38 40
18 39 30
18 40 60
18 41 80
18 42 80
18 43 30
18 44 30
18 45 40
18 46 40
18 47 40
18 48 60
18 49 30
18 50 30
18 51 40
18 52 60
18 53 60
18 54 40
18 55 60
18 56 40
18 57 60
18 58 60
18 59 30
19 0 30
19 1 80
19 2 40
19 3 30
19 4 60
19 5 40
19 6 80
19 7 60
19 8 60
19 9 30
19 10 60
19 11 40
19 12 40
19 13 80
19 14 80
19 15 40
19 16 80
19 17 60
19 18 30
19 20 40
19 21 80
19 22 60
19 23 80
19 24 40
19 25 60
19 26 40
19 27 30
19 28 80
19 29 40
19 30 60
19 31 40
19 32 40
19 33 80
19 34 30
19 35 80
19 36 40
19 37 80
19 38 30
19 39 40
19 40 40
19 41 30
19 42 30
19 43 60
19 44 40
19 45 40
19 46 80
19 47 60
19 48 30
19 49 60
19 50 40
19 51 60
19 52 80
19 53 80
19 54 60
19 55 40
19 56 80
19 57 80
19 58 80
19 59 30
20 0 30
20 1 60
20 2 30
20 3 40
20 4 60
20 5 60
20 6 80
20 7 40
20 8 60
20 9 60
20 10 60
20 11 30
20 12 30
20 13 80
20 14 30
20 15 80
20 16 30
20 17 60
20 18 80
20 19 30
20 21 60
20 22 80
20 23 60
20 24 80
20 25 80
20 26 80
20 27 40
20 28 30
20 29 40
20 30 30
20 31 40
20 32 40
20 33 80
20 34 40
20 35 60
20 36 80
20 37 30
20 38 30
20 39 40
20 40 60
20 41 60
20 42 80
20 43 80
20 44 30
20 45 80
20 46 30
20 47 40
20 48 80
20 49 80
20 50 80
20 51 60
20 52 30
20 53 30
20 54 60
20 55 60
20 56 40
20 57 60
20 58 60
20 59 30
21 0 40
21 1 60
21 2 40
21 3 80
21 4 60
21 5 80
21 6 60
21 7 80
21 8 80
21 9 60
21 10 30
21 11 30
21 12 40
21 13 60
21 14 60
21 15 30
21 16 30
21 17 30
21 18 60
21 19 40
21 20 30
21 22 60
21 23 30
21 24 80
21 25 30
21 26 60
21 27 40
21 28 80
21 29 60
21 30 30
21 31 40
21 32 30
21 33 30
21 34 40
21 35 30
21 36 60
21 37 60
21 38 40
21 39 40
21 40 80
21 41 60
21 42 40
21 43 60
21 44 30
21 45 30
21 46 40
21 47 30
21 48 80
21 49 30
21 50 40
21 51 30
21 52 40
21 53 40
21 54 60
21 55 40
21 56 80
21 57 30
21 58 40
21 59 40
22 0 30
22 1 30
22 2 40
22 3 40
22 4 80
22 5 40
22 6 60
22 7 30
22 8 80
22 9 30
22 10 60
22 11 80
22 12 30
22 13 80
22 14 60
22 15 60
22 16 40
22 17 80
22 18 80
22 19 40
22 20 30
22 21 40
22 23 80
22 24 40
22 25 30
22 26 30
22 27 60
22 28 80
22 29 80
22 30 40
22 31 30
22 32 30
22 33 30
22 34 60
22 35 30
22 36 80
22 37 30
22 38 60
22 39 30
22 40 40
22 41 30
22 42 30
22 43 30
22 44 60
22 45 80
22 46 30
22 47 60
22 48 40
22 49 30
22 50 30
22 51 30
22 52 80
22 53 60
22 54 40
22 55 60
22 56 60
22 57 40
22 58 60
22 59 80
23 0 80
23 1 40
23 2 40
23 3 80
23 4 30
23 5 40
23 6 80
23 7 80
23 8 40
23 9 80
23 10 60
23 11 40
23 12 40
23 13 40
23 14 40
23 15 30
23 16 60
23 17 40
23 18 60
23 19 40
23 20 60
23 21 80
23 22 40
23 24 40
23 25 30
23 26 30
23 27 40
23 28 60
23 29 40
23 30 30
23 31 60
23 32 80
23 33 40
23 34 80
23 35 80
23 36 40
23 37 30
23 38 80
23 39 80
23 40 60
23 41 40
23 42 80
23 43 80
23 44 80
23 45 80
23 46 60
23 47 40
23 48 40
23 49 80
23 50 80
23 51 60
23 52 80
23 53 40
23 54 60
23 55 40
23 56 40
23 57 40
23 58 80
23 59 80
24 0 40
24 1 40
24 2 30
24 3 30
24 4 30
24 5 60
24 6 40
24 7 80
24 8 40
24 9 40
24 10 60
24 11 60
24 12 80
24 13 30
24 14 40
24 15 60
24 16 80
24 17 60
24 18 60
24 19 80
24 20 40
24 21 30
24 22 60
24 23 60
24 25 30
24 26 80
24 27 30
24 28 60
24 29 30
24 30 30
24 31 80
24 32 30
24 33 60
24 34 40
24 35 40
24 36 40
24 37 80
24 38 30
24 39 60
24 40 30
24 41 30
24 42 80
24 43 60
24 44 60
24 45 30
24 46 80
24 47 40
24 48 40
24 49 40
24 50 80
24 51 40
24 52 60
24 53 80
24 54 40
24 55 80
24 56 30
24 57 80
24 58 40
24 59 30
25 0 80
25 1 60
25 2 80
25 3 80
25 4 80
25 5 80
25 6 60
25 7 60
25 8 60
25 9 80
25 10 60
25 11 60
25 12 80
25 13 80
25 14 40
25 15 30
25 16 60
25 17 40
25 18 40
25 19 40
25 20 60
25 21 30
25 22 60
25 23 30
25 24 30
25 26 60
25 27 40
25 28 40
25 29 30
25 30 80
25 31 80
25 32 60
25 33 40
25 34 40
25 35 60
25 36 80
25 37 30
25 38 30
25 39 30
25 40 30
25 41 40
25 42 30
25 43 40
25 44 30
25 45 30
25 46 40
25 47 80
25 48 60
25 49 80
25 50 60
25 51 40
25 52 40
25 53 30
25 54 80
25 55 80
25 56 30
25 57 30
25 58 80
25 59 60
26 0 30
26 1 60
26 2 60
26 3 60
26 4 80
26 5 80
26 6 40
26 7 60
26 8 60
26 9 30
26 10 60
26 11 30
26 12 60
26 13 80
26 14 60
26 15 80
26 16 60
26 17 80
26 18 30
26 19 40
26 20 80
26 21 80
26 22 60
26 23 80
26 24 60
26 25 60
26 27 80
26 28 80
26 29 60
26 30 60
26 31 40
26 32 60
26 33 80
26 34 80
26 35 30
26 36 30
26 37 40
26 38 80
26 39 80
26 40 30
26 41 40
26 42 40
26 43 60
26 44 40
26 45 40
26 46 80
26 47 80
26 48 40
26 49 60
26 50 60
26 51 40
26 52 60
26 53 60
26 54 60
26 55 60
26 56 60
26 57 40
26 58 40
26 59 40
27 0 30
27 1 30
27 2 80
27 3 80
27 4 40
27 5 60
27 6 60
27 7 80
27 8 80
27 9 60
27 10 40
27 11 30
27 12 80
27 13 40
27 14 80
27 15 30
27 16 60
27 17 80
27 18 60
27 19 60
27 20 40
27 21 80
27 22 80
27 23 80
27 24 60
27 25 40
27 26 60
27 28 80
27 29 80
27 30 60
27 31 60
27 32 60
27 33 80
27 34 80
27 35 30
27 36 60
27 37 60
27 38 30
27 39 60
27 40 40
27 41 80
27 42 80
27 43 60
27 44 40
27 45 30
27 46 30
27 47 60
27 48 60
27 49 30
27 50 60
27 51 40
27 52 30
27 53 30
27 54 60
27 55 30
27 56 60
27 57 30
27 58 60
27 59 40
28 0 80
28 1 30
28 2 40
28 3 80
28 4 60
28 5 80
28 6 40
28 7 30
28 8 80
28 9 80
28 10 30
28 11 60
28 12 80
28 13 80
28 14 40
28 15 60
28 16 30
28 17 80
28 18 80
28 19 60
28 20 30
28 21 60
28 22 30
28 23 40
28 24 60
28 25 60
28 26 40
28 27 80
28 29 80
28 30 40
28 31 80
28 32 40
28 33 60
28 34 40
28 35 40
28 36 30
28 37 80
28 38 30
28 39 40
28 40 80
28 41 60
28 42 60
28 43 60
28 44 80
28 45 60
28 46 60
28 47 40
28 48 80
28 49 30
28 50 80
28 51 60
28 52 80
28 53 60
28 54 30
28 55 80
28 56 30
28 57 30
28 58 60
28 59 40
29 0 40
29 1 30
29 2 40
29 3 30
29 4 80
29 5 80
29 6 40
29 7 60
29 8 80
29 9 80
29 10 80
29 11 30
29 12 80
29 13 30
29 14 40
29 15 40
29 16 30
29 17 80
29 18 30
29 19 60
29 20 30
29 21 40
29 22 60
29 23 80
29 24 80
29 25 80
29 26 30
29 27 80
29 28 60
29 30 30
29 31 40
29 32 30
29 33 60
29 34 40
29 35 40
29 36 40
29 37 30
29 38 40
29 39 60
29 40 60
29 41 80
29 42 30
29 43 80
29 44 40
29 45 80
29 46 40
29 47 40
29 48 60
29 49 40
29 50 30
29 51 40
29 52 60
29 53 40
29 54 80
29 55 30
29 56 80
29 57 40
29 58 40
29 59 60
30 0 40
30 1 40
30 2 40
30 3 40
30 4 30
30 5 60
30 6 40
30 7 40
30 8 30
30 9 80
30 10 80
30 11 30
30 12 60
30 13 40
30 14 80
30 15 40
30 16 80
30 17 60
30 18 30
30 19 30
30 20 60
30 21 80
30 22 40
30 23 30
30 24 60
30 25 30
30 26 60
30 27 30
30 28 60
30 29 40
30 31 30
30 32 40
30 33 30
30 34 40
30 35 40
30 36 30
30 37 30
30 38 80
30 39 60
30 40 80
30 41 30
30 42 40
30 43 40
30 44 30
30 45 40
30 46 40
30 47 30
30 48 30
30 49 60
30 50 30
30 51 60
30 52 40
30 53 30
30 54 60
30 55 60
30 56 30
30 57 80
30 58 60
30 59 80
31 0 80
31 1 40
31 2 40
31 3 40
31 4 40
31 5 40
31 6 40
31 7 30
31 8 60
31 9 40
31 10 40
31 11 60
31 12 60
31 13 30
31 14 30
31 15 60
31 16 80
31 17 30
31 18 60
31 19 40
31 20 60
31 21 40
31 22 60
31 23 80
31 24 40
31 25 60
31 26 60
31 27 40
31 28 40
31 29 30
31 30 40
31 32 40
31 33 30
31 34 80
31 35 80
31 36 80
31 37 30
31 38 80
31 39 40
31 40 80
31 41 30
31 42 80
31 43 40
31 44 80
31 45 40
31 46 40
31 47 30
31 48 30
31 49 30
31 50 40
31 51 30
31 52 60
31 53 60
31 54 80
31 55 60
31 56 40
31 57 30
31 58 40
31 59 60
32 0 60
32 1 80
32 2 60
32 3 40
32 4 60
32 5 30
32 6 60
32 7 80
32 8 60
32 9 40
32 10 80
32 11 60
32 12 30
32 13 40
32 14 40
32 15 60
32 16 40
32 17 60
32 18 30
32 19 40
32 20 30
32 21 40
32 22 80
32 23 40
32 24 40
32 25 40
32 26 80
32 27 30
32 28 80
32 29 80
32 30 60
32 31 60
32 33 30
32 34 30
32 35 40
32 36 30
32 37 40
32 38 60
32 39 80
32 40 60
32 41 80
32 42 80
32 43 60
32 44 30
32 45 40
32 46 60
32 47 60
32 48 60
32 49 30
32 50 30
32 51 60
32 52 30
32 53 80
32 54 40
32 55 40
32 56 80
32 57 80
32 58 80
32 59 80
33 0 80
33 1 80
33 2 60
33 3 40
33 4 80
33 5 30
33 6 60
33 7 80
33 8 30
33 9 60
33 10 60
33 11 60
33 12 40
33 13 80
33 14 60
33 15 30
33 16 60
33 17 80
33 18 40
33 19 40
33 20 60
33 21 30
33 22 40
33 23 60
33 24 60
33 25 30
33 26 40
33 27 30
33 28 30
33 29 40
33 30 30
33 31 60
33 32 40
33 34 40
33 35 30
33 36 60
33 37 60
33 38 80
33 39 60
33 40 40
33 41 40
33 42 40
33 43 40
33 44 60
33 45 80
33 46 30
33 47 80
33 48 60
33 49 60
33 50 60
33 51 80
33 52 60
33 53 40
33 54 30
33 55 30
33 56 40
33 57 60
33 58 40
33 59 30
34 0 40
34 1 30
34 2 40
34 3 60
34 4 60
34 5 40
34 6 30
34 7 40
34 8 40
34 9 60
34 10 40
34 11 30
34 12 30
34 13 40
34 14 60
34 15 60
34 16 30
34 17 60
34 18 60
34 19 30
34 20 80
34 21 60
34 22 40
34 23 40
34 24 80
34 25 40
34 26 60
34 27 40
34 28 30
34 29 40
34 30 80
34 31 40
34 32 80
34 33 80
34 35 80
34 36 30
34 37 60
34 38 40
34 39 60
34 40 30
34 41 60
34 42 40
34 43 80
34 44 60
34 45 60
34 46 80
34 47 30
34 48 80
34 49 80
34 50 40
34 51 60
34 52 30
34 53 80
34 54 60
34 55 80
34 56 30
34 57 80
34 58 80
34 59 60
35 0 40
35 1 30
35 2 60
35 3 30
35 4 60
35 5 40
35 6 40
35 7 40
35 8 80
35 9 30
35 10 80
35 11 30
35 12 80
35 13 60
35 14 80
35 15 30
35 16 40
35 17 60
35 18 60
35 19 40
35 20 60
35 21 40
35 22 30
35 23 30
35 24 80
35 25 40
35 26 60
35 27 30
35 28 30
35 29 30
35 30 40
35 31 60
35 32 80
35 33 30
35 34 40
35 36 30
35 37 60
35 38 80
35 39 30
35 40 60
35 41 60
35 42 30
35 43 80
35 44 40
35 45 40
35 46 80
35 47 60
35 48 60
35 49 40
35 50 30
35 51 40
35 52 80
35 53 60
35 54 40
35 55 40
35 56 80
35 57 40
35 58 30
35 59 40
36 0 30
36 1 60
36 2 80
36 3 60
36 4 30
36 5 80
36 6 30
36 7 30
36 8 60
36 9 40
36 10 30
36 11 80
36 12 80
36 13 40
36 14 30
36 15 60
36 16 60
36 17 80
36 18 60
36 19 40
36 20 60
36 21 30
36 22 80
36 23 80
36 24 40
36 25 40
36 26 30
36 27 60
36 28 60
36 29 80
36 30 30
36 31 30
36 32 80
36 33 80
36 34 30
36 35 60
36 37 80
36 38 40
36 39 60
36 40 80
36 41 80
36 42 60
36 43 80
36 44 30
36 45 30
36 46 80
36 47 30
36 48 60
36 49 40
36 50 60
36 51 40
36 52 30
36 53 60
36 54 40
36 55 60
36 56 60
36 57 40
36 58 40
36 59 80
37 0 60
37 1 80
37 2 80
37 3 60
37 4 40
37 5 30
37 6 60
37 7 30
37 8 30
37 9 30
37 10 30
37 11 30
37 12 30
37 13 60
37 14 40
37 15 30
37 16 60
37 17 80
37 18 60
37 19 30
37 20 60
37 21 40
37 22 30
37 23 30
37 24 60
37 25 40
37 26 40
37 27 30
37 28 30
37 29 60
37 30 80
37 31 80
37 32 80
37 33 30
37 34 30
37 35 80
37 36 40
37 38 30
37 39 80
37 40 30
37 41 40
37 42 30
37 43 40
37 44 80
37 45 60
37 46 30
37 47 30
37 48 60
37 49 80
37 50 40
37 51 80
37 52 40
37 53 80
37 54 60
37 55 80
37 56 30
37 57 40
37 58 60
37 59 60
38 0 30
38 1 80
38 2 60
38 3 30
38 4 40
38 5 40
38 6 80
38 7 80
38 8 40
38 9 80
38 10 60
38 11 80
38 12 80
38 13 40
38 14 60
38 15 30
38 16 40
38 17 80
38 18 30
38 19 80
38 20 80
38 21 80
38 22 60
38 23 60
38 24 80
38 25 40
38 26 40
38 27 80
38 28 40
38 29 40
38 30 40
38 31 60
38 32 60
38 33 40
38 34 80
38 35 30
38 36 60
38 37 40
38 39 60
38 40 30
38 41 80
38 42 60
38 43 30
38 44 30
38 45 40
38 46 30
38 47 80
38 48 60
38 49 80
38 50 60
38 51 30
38 52 80
38 53 60
38 54 60
38 55 80
38 56 40
38 57 40
38 58 30
38 59 60
39 0 80
39 1 80
39 2 40
39 3 80
39 4 80
39 5 40
39 6 60
39 7 40
39 8 30
39 9 80
39 10 30
39 11 80
39 12 40
39 13 40
39 14 80
39 15 60
39 16 60
39 17 30
39 18 60
39 19 40
39 20 60
39 21 40
39 22 80
39 23 60
39 24 30
39 25 40
39 26 80
39 27 30
39 28 30
39 29 60
39 30 60
39 31 80
39 32 40
39 33 80
39 34 30
39 35 60
39 36 60
39 37 80
39 38 40
39 40 30
39 41 60
39 42 60
39 43 80
39 44 40
39 45 80
39 46 40
39 47 60
39 48 80
39 49 60
39 50 30
39 51 60
39 52 80
39 53 80
39 54 40
39 55 40
39 56 80
39 57 60
39 58 60
39 59 30
40 0 30
40 1 60
40 2 60
40 3 80
40 4 40
40 5 40
40 6 40
40 7 40
40 8 60
40 9 60
40 10 60
40 11 30
40 12 30
40 13 80
40 14 80
40 15 60
40 16 60
40 17 30
40 18 80
40 19 60
40 20 60
40 21 30
40 22 30
40 23 30
40 24 30
40 25 30
40 26 30
40 27 80
40 28 60
40 29 30
40 30 30
40 31 40
40 32 60
40 33 30
40 34 30
40 35 80
40 36 80
40 37 40
40 38 40
40 39 30
40 41 80
40 42 40
40 43 60
40 44 40
40 45 80
40 46 40
40 47 30
40 48 80
40 49 80
40 50 30
40 51 40
40 52 40
40 53 30
40 54 40
40 55 30
40 56 80
40 57 80
40 58 30
40 59 30
41 0 40
41 1 30
41 2 40
41 3 40
41 4 40
41 5 60
41 6 80
41 7 80
41 8 80
41 9 40
41 10 30
41 11 80
41 12 60
41 13 30
41 14 80
41 15 80
41 16 60
41 17 30
41 18 40
41 19 80
41 20 80
41 21 30
41 22 30
41 23 60
41 24 30
41 25 40
41 26 80
41 27 60
41 28 80
41 29 60
41 30 40
41 31 30
41 32 80
41 33 80
41 34 30
41 35 80
41 36 30
41 37 30
41 38 80
41 39 80
41 40 60
41 42 60
41 43 40
41 44 60
41 45 30
41 46 60
41 47 60
41 48 80
41 49 30
41 50 30
41 51 60
41 52 40
41 53 80
41 54 40
41 55 40
41 56 40
41 57 60
41 58 60
41 59 30
42 0 80
42 1 80
42 2 80
42 3 40
42 4 40
42 5 40
42 6 40
42 7 60
42 8 40
42 9 30
42 10 80
42 11 30
42 12 40
42 13 30
42 14 40
42 15 60
42 16 80
42 17 30
42 18 80
42 19 30
42 20 80
42 21 60
42 22 30
42 23 80
42 24 60
42 25 80
42 26 80
42 27 40
42 28 40
42 29 80
42 30 80
42 31 40
42 32 60
42 33 80
42 34 30
42 35 30
42 36 40
42 37 30
42 38 60
42 39 60
42 40 40
42 41 80
42 43 30
42 44 60
42 45 30
42 46 40
42 47 30
42 48 30
42 49 80
42 50 40
42 51 30
42 52 60
42 53 60
42 54 30
42 55 30
42 56 80
42 57 60
42 58 30
42 59 40
43 0 80
43 1 40
43 2 40
43 3 80
43 4 40
43 5 80
43 6 30
43 7 60
43 8 60
43 9 80
43 10 40
43 11 60
43 12 80
43 13 40
43 14 60
43 15 80
43 16 80
43 17 30
43 18 40
43 19 30
43 20 30
43 21 60
43 22 40
43 23 40
43 24 40
43 25 30
43 26 80
43 27 80
43 28 60
43 29 60
43 30 80
43 31 40
43 32 60
43 33 30
43 34 60
43 35 60
43 36 80
43 37 60
43 38 40
43 39 60
43 40 30
43 41 40
43 42 30
43 44 80
43 45 60
43 46 80
43 47 60
43 48 60
43 49 80
43 50 40
43 51 40
43 52 30
43 53 60
43 54 80
43 55 30
43 56 60
43 57 60
43 58 30
43 59 30
44 0 30
44 1 40
44 2 40
44 3 30
44 4 30
44 5 80
44 6 30
44 7 80
44 8 60
44 9 60
44 10 30
44 11 30
44 12 60
44 13 60
44 14 60
44 15 40
44 16 40
44 17 30
44 18 80
44 19 40
44 20 80
44 21 40
44 22 60
44 23 60
44 24 30
44 25 80
44 26 40
44 27 30
44 28 30
44 29 60
44 30 30
44 31 60
44 32 60
44 33 40
44 34 40
44 35 60
44 36 80
44 37 40
44 38 40
44 39 30
44 40 40
44 41 40
44 42 80
44 43 80
44 45 60
44 46 40
44 47 40
44 48 40
44 49 40
44 50 80
44 51 60
44 52 40
44 53 40
44 54 40
44 55 80
44 56 80
44 57 40
44 58 60
44 59 30
45 0 80
45 1 40
45 2 30
45 3 60
45 4 30
45 5 60
45 6 60
45 7 30
45 8 60
45 9 40
45 10 40
45 11 30
45 12 60
45 13 80
45 14 60
45 15 60
45 16 60
45 17 30
45 18 60
45 19 60
45 20 80
45 21 60
45 22 40
45 23 80
45 24 80
45 25 60
45 26 30
45 27 60
45 28 80
45 29 80
45 30 30
45 31 40
45 32 80
45 33 40
45 34 40
45 35 60
45 36 30
45 37 60
45 38 30
45 39 60
45 40 60
45 41 60
45 42 60
45 43 40
45 44 30
45 46 60
45 47 40
45 48 40
45 49 80
45 50 60
45 51 40
45 52 60
45 53 60
45 54 30
45 55 30
45 56 30
45 57 40
45 58 40
45 59 60
46 0 80
46 1 80
46 2 30
46 3 60
46 4 40
46 5 80
46 6 80
46 7 80
46 8 80
46 9 60
46 10 30
46 11 30
46 12 80
46 13 60
46 14 60
46 15 40
46 16 60
46 17 80
46 18 30
46 19 40
46 20 30
46 21 40
46 22 80
46 23 80
46 24 80
46 25 40
46 26 40
46 27 40
46 28 30
46 29 60
46 30 30
46 31 80
46 32 60
46 33 60
46 34 30
46 35 40
46 36 60
46 37 80
46 38 60
46 39 30
46 40 60
46 41 80
46 42 60
46 43 60
46 44 30
46 45 80
46 47 60
46 48 80
46 49 60
46 50 60
46 51 80
46 52 80
46 53 60
46 54 40
46 55 60
46 56 40
46 57 80
46 58 30
46 59 30
47 0 40
47 1 40
47 2 30
47 3 30
47 4 40
47 5 40
47 6 60
47 7 60
47 8 80
47 9 60
47 10 60
47 11 60
47 12 30
47 13 30
47 14 30
47 15 60
47 16 80
47 17 40
47 18 30
47 19 60
47 20 40
47 21 30
47 22 40
47 23 30
47 24 60
47 25 80
47 26 60
47 27 30
47 28 80
47 29 80
47 30 60
47 31 40
47 32 40
47 33 40
47 34 60
47 35 60
47 36 80
47 37 30
47 38 40
47 39 40
47 40 40
47 41 30
47 42 60
47 43 30
47 44 30
47 45 60
47 46 80
47 48 80
47 49 60
47 50 30
47 51 40
47 52 60
47 53 30
47 54 40
47 55 30
47 56 80
47 57 30
47 58 80
47 59 80
48 0 30
48 1 30
48 2 40
48 3 30
48 4 80
48 5 60
48 6 80
48 7 40
48 8 30
48 9 60
48 10 30
48 11 30
48 12 30
48 13 80
48 14 30
48 15 30
48 16 40
48 17 80
48 18 40
48 19 80
48 20 60
48 21 30
48 22 60
48 23 30
48 24 30
48 25 40
48 26 30
48 27 30
48 28 60
48 29 30
48 30 80
48 31 80
48 32 30
48 33 80
48 34 80
48 35 30
48 36 60
48 37 30
48 38 60
48 39 80
48 40 60
48 41 80
48 42 40
48 43 30
48 44 40
48 45 40
48 46 30
48 47 80
48 49 80
48 50 40
48 51 30
48 52 40
48 53 80
48 54 80
48 55 80
48 56 80
48 57 60
48 58 80
48 59 80
49 0 60
49 1 30
49 2 40
49 3 60
49 4 30
49 5 30
49 6 40
49 7 30
49 8 30
49 9 40
49 10 60
49 11 80
49 12 80
49 13 80
49 14 80
49 15 40
49 16 30
49 17 80
49 18 80
49 19 40
49 20 40
49 21 80
49 22 40
49 23 40
49 24 80
49 25 60
49 26 40
49 27 60
49 28 80
49 29 60
49 30 80
49 31 40
49 32 40
49 33 60
49 34 60
49 35 40
49 36 60
49 37 60
49 38 80
49 39 60
49 40 40
49 41 40
49 42 60
49 43 40
49 44 40
49 45 60
49 46 60
49 47 60
49 48 60
49 50 60
49 51 80
49 52 80
49 53 80
49 54 60
49 55 60
49 56 40
49 57 80
49 58 30
49 59 60
50 0 30
50 1 80
50 2 30
50 3 30
50 4 40
50 5 80
50 6 80
50 7 40
50 8 40
50 9 60
50 10 60
50 11 60
50 12 60
50 13 80
50 14 40
50 15 80
50 16 40
50 17 30
50 18 40
50 19 40
50 20 30
50 21 80
50 22 60
50 23 80
50 24 30
50 25 40
50 26 60
50 27 80
50 28 30
50 29 80
50 30 60
50 31 60
50 32 30
50 33 60
50 34 40
50 35 40
50 36 40
50 37 80
50 38 80
50 39 40
50 40 30
50 41 80
50 42 60
50 43 30
50 44 40
50 45 30
50 46 80
50 47 80
50 48 30
50 49 60
50 51 40
50 52 80
50 53 30
50 54 80
50 55 60
50 56 30
50 57 30
50 58 60
50 59 30
51 0 40
51 1 80
51 2 30
51 3 30
51 4 60
51 5 30
51 6 80
51 7 40
51 8 60
51 9 60
51 10 40
51 11 80
51 12 40
51 13 40
51 14 60
51 15 60
51 16 40
51 17 60
51 18 40
51 19 40
51 20 40
51 21 80
51 22 40
51 23 40
51 24 80
51 25 80
51 26 60
51 27 40
51 28 80
51 29 80
51 30 30
51 31 40
51 32 60
51 33 30
51 34 40
51 35 40
51 36 60
51 37 80
51 38 30
51 39 30
51 40 40
51 41 30
51 42 30
51 43 80
51 44 80
51 45 40
51 46 60
51 47 30
51 48 40
51 49 30
51 50 40
51 52 30
51 53 60
51 54 80
51 55 60
51 56 80
51 57 30
51 58 80
51 59 40
52 0 80
52 1 30
52 2 80
52 3 30
52 4 80
52 5 60
52 6 30
52 7 80
52 8 60
52 9 60
52 10 80
52 11 40
52 12 60
52 13 80
52 14 60
52 15 60
52 16 30
52 17 30
52 18 40
52 19 60
52 20 40
52 21 40
52 22 30
52 23 60
52 24 80
52 25 30
52 26 80
52 27 30
52 28 40
52 29 30
52 30 30
52 31 30
52 32 30
52 33 30
52 34 80
52 35 80
52 36 60
52 37 80
52 38 80
52 39 80
52 40 80
52 41 30
52 42 60
52 43 60
52 44 40
52 45 60
52 46 80
52 47 40
52 48 80
52 49 80
52 50 60
52 51 30
52 53 40
52 54 60
52 55 60
52 56 80
52 57 40
52 58 40
52 59 30
53 0 30
53 1 30
53 2 30
53 3 40
53 4 60
53 5 30
53 6 40
53 7 40
53 8 60
53 9 40
53 10 60
53 11 80
53 12 30
53 13 30
53 14 30
53 15 40
53 16 40
53 17 30
53 18 40
53 19 30
53 20 60
53 21 40
53 22 40
53 23 30
53 24 80
53 25 60
53 26 60
53 27 30
53 28 80
53 29 80
53 30 60
53 31 40
53 32 80
53 33 80
53 34 80
53 35 30
53 36 40
53 37 80
53 38 60
53 39 60
53 40 40
53 41 30
53 42 60
53 43 80
53 44 30
53 45 80
53 46 60
53 47 80
53 48 40
53 49 30
53 50 60
53 51 80
53 52 40
53 54 80
53 55 40
53 56 30
53 57 60
53 58 60
53 59 80
54 0 80
54 1 60
54 2 80
54 3 80
54 4 30
54 5 40
54 6 30
54 7 30
54 8 30
54 9 60
54 10 40
54 11 30
54 12 60
54 13 30
54 14 80
54 15 80
54 16 40
54 17 60
54 18 80
54 19 40
54 20 30
54 21 80
54 22 60
54 23 80
54 24 60
54 25 40
54 26 60
54 27 60
54 28 60
54 29 30
54 30 40
54 31 60
54 32 40
54 33 40
54 34 40
54 35 40
54 36 80
54 37 30
54 38 60
54 39 60
54 40 60
54 41 30
54 42 80
54 43 60
54 44 40
54 45 40
54 46 60
54 47 30
54 48 40
54 49 60
54 50 30
54 51 80
54 52 30
54 53 80
54 55 60
54 56 30
54 57 80
54 58 80
54 59 30
55 0 30
55 1 30
55 2 40
55 3 40
55 4 30
55 5 30
55 6 60
55 7 30
55 8 40
55 9 30
55 10 30
55 11 40
55 12 80
55 13 80
55 14 40
55 15 60
55 16 60
55 17 80
55 18 80
55 19 40
55 20 80
55 21 60
55 22 80
55 23 30
55 24 80
55 25 60
55 26 80
55 27 60
55 28 30
55 29 30
55 30 80
55 31 30
55 32 40
55 33 80
55 34 40
55 35 60
55 36 80
55 37 30
55 38 80
55 39 40
55 40 80
55 41 40
55 42 30
55 43 80
55 44 30
55 45 40
55 46 60
55 47 80
55 48 60
55 49 40
55 50 30
55 51 40
55 52 60
55 53 40
55 54 80
55 56 80
55 57 30
55 58 80
55 59 30
56 0 60
56 1 80
56 2 40
56 3 80
56 4 30
56 5 80
56 6 30
56 7 30
56 8 30
56 9 80
56 10 30
56 11 60
56 12 30
56 13 80
56 14 60
56 15 30
56 16 80
56 17 40
56 18 80
56 19 40
56 20 30
56 21 80
56 22 30
56 23 40
56 24 60
56 25 40
56 26 40
56 27 30
56 28 60
56 29 60
56 30 40
56 31 80
56 32 80
56 33 40
56 34 80
56 35 80
56 36 30
56 37 80
56 38 60
56 39 40
56 40 80
56 41 80
56 42 60
56 43 60
56 44 30
56 45 30
56 46 60
56 47 80
56 48 30
56 49 30
56 50 80
56 51 30
56 52 30
56 53 30
56 54 40
56 55 30
56 57 30
56 58 30
56 59 80
57 0 80
57 1 60
57 2 30
57 3 60
57 4 60
57 5 60
57 6 60
57 7 80
57 8 30
57 9 60
57 10 60
57 11 40
57 12 40
57 13 60
57 14 30
57 15 40
57 16 40
57 17 40
57 18 60
57 19 30
57 20 80
57 21 30
57 22 60
57 23 60
57 24 80
57 25 60
57 26 80
57 27 80
57 28 40
57 29 30
57 30 80
57 31 80
57 32 60
57 33 40
57 34 30
57 35 80
57 36 80
57 37 60
57 38 60
57 39 80
57 40 60
57 41 60
57 42 80
57 43 40
57 44 40
57 45 30
57 46 30
57 47 30
57 48 80
57 49 60
57 50 40
57 51 40
57 52 60
57 53 30
57 54 60
57 55 30
57 56 30
57 58 40
57 59 40
58 0 60
58 1 30
58 2 80
58 3 40
58 4 40
58 5 80
58 6 40
58 7 30
58 8 40
58 9 80
58 10 30
58 11 60
58 12 40
58 13 80
58 14 60
58 15 30
58 16 30
58 17 60
58 18 30
58 19 40
58 20 80
58 21 40
58 22 30
58 23 60
58 24 30
58 25 60
58 26 40
58 27 40
58 28 40
58 29 40
58 30 80
58 31 60
58 32 30
58 33 80
58 34 60
58 35 80
58 36 80
58 37 60
58 38 60
58 39 60
58 40 40
58 41 80
58 42 40
58 43 30
58 44 80
58 45 60
58 46 30
58 47 60
58 48 80
58 49 60
58 50 60
58 51 60
58 52 80
58 53 60
58 54 60
58 55 60
58 56 30
58 57 40
58 59 40
59 0 40
59 1 30
59 2 30
59 3 30
59 4 80
59 5 40
59 6 60
59 7 60
59 8 30
59 9 80
59 10 30
59 11 60
59 12 60
59 13 40
59 14 80
59 15 60
59 16 60
59 17 80
59 18 40
59 19 40
59 20 40
59 21 30
59 22 30
59 23 40
59 24 60
59 25 60
59 26 30
59 27 60
59 28 60
59 29 80
59 30 40
59 31 60
59 32 60
59 33 60
59 34 30
59 35 60
59 36 80
59 37 30
59 38 80
59 39 40
59 40 30
59 41 60
59 42 30
59 43 60
59 44 60
59 45 80
59 46 30
59 47 60
59 48 60
59 49 60
59 50 30
59 51 40
59 52 30
59 53 40
59 54 60
59 55 80
59 56 80
59 57 30
59 58 40
