NAME C50R4-2
SOURCE Zhang et al. (2018) methodology — reproducible synthetic benchmark
N_CUSTOMERS 50
N_STATIONS 4
VARIANT 2
GRID_MILES 200.0
VEHICLE_CAPACITY 3.0
BATTERY_KWH 110.0
CURB_WEIGHT_KG 2000.0
ALPHA_ARC 0.0981
BETA_VEH 2.11
EFF_D 1.11
EFF_M 1.25
SPEED_SEED 2998922189
CUSTOMER_SEED 59850
STATION_SEED 70132

NODES
0 160934.400000 160934.400000 0.000000 depot_start
1 186847.138572 39839.552598 0.085313 customer
2 2665.635826 224201.111598 0.065431 customer
3 285652.025200 297277.234926 0.094302 customer
4 251242.037208 314568.677533 0.118913 customer
5 157283.406526 129163.869839 0.077616 customer
6 256829.842764 263225.827141 0.098908 customer
7 306228.615141 197907.042289 0.112597 customer
8 93744.291947 4340.650494 0.099322 customer
9 237721.216137 261324.906181 0.070001 customer
10 128764.422547 31296.457718 0.103697 customer
11 237623.735083 148879.747977 0.128899 customer
12 113390.205045 253623.521541 0.057514 customer
13 250606.382640 212416.396362 0.076665 customer
14 64176.336647 70151.544139 0.060692 customer
15 135076.792039 138466.167171 0.143878 customer
16 294846.915039 253518.044578 0.135892 customer
17 54696.024139 1887.784619 0.121442 customer
18 151287.624413 163066.400690 0.111149 customer
19 229860.652377 165128.876224 0.121738 customer
20 51865.733971 256315.265762 0.083486 customer
21 258461.559547 7248.001147 0.128998 customer
22 206082.857867 207151.591396 0.069880 customer
23 3199.029065 164753.392628 0.071727 customer
24 14718.841775 306551.262819 0.099306 customer
25 287613.960954 269609.577533 0.129319 customer
26 25944.315049 101689.462098 0.076793 customer
27 112611.310912 39537.658080 0.134227 customer
28 228970.231502 218745.148188 0.060099 customer
29 244046.441301 290600.190553 0.085347 customer
30 103464.285277 168285.541998 0.052859 customer
31 164096.685493 29208.328633 0.102661 customer
32 95761.369515 234499.219719 0.116703 customer
33 43401.759236 121470.180803 0.117752 customer
34 280370.331853 295607.825978 0.127538 customer
35 40533.340947 38024.651110 0.064098 customer
36 128357.425101 306227.438341 0.117109 customer
37 101147.748724 120074.217180 0.137011 customer
38 145664.860592 3714.637824 0.085746 customer
39 109155.114772 102815.547907 0.133275 customer
40 242977.374255 298914.322295 0.061584 customer
41 151966.402042 128850.369814 0.107046 customer
42 125417.648204 286475.741975 0.072752 customer
43 264286.417960 81790.513939 0.100019 customer
44 35229.892670 297509.162742 0.148858 customer
45 250985.338659 12821.269419 0.083405 customer
46 125748.897605 199140.768129 0.075190 customer
47 315606.812379 276563.902500 0.120781 customer
48 166927.256643 241190.899152 0.062396 customer
49 215309.755375 137555.133323 0.062304 customer
50 59093.098139 138153.136538 0.079525 customer
51 49512.643495 116254.094966 0.000000 station
52 244359.870316 155489.658657 0.000000 station
53 193376.355827 2460.614149 0.000000 station
54 155568.361016 226614.331304 0.000000 station
55 160934.400000 160934.400000 0.000000 depot_end

SPEEDS
0 1 80
0 2 40
0 3 60
0 4 40
0 5 40
0 6 60
0 7 30
0 8 40
0 9 30
0 10 80
0 11 60
0 12 30
0 13 80
0 14 30
0 15 40
0 16 30
0 17 40
0 18 80
0 19 60
0 20 80
0 21 30
0 22 40
0 23 80
0 24 40
0 25 60
0 26 60
0 27 40
0 28 40
0 29 40
0 30 30
0 31 30
0 32 60
0 33 80
0 34 60
0 35 40
0 36 60
0 37 80
0 38 30
0 39 30
0 40 60
0 41 80
0 42 30
0 43 30
0 44 80
0 45 80
0 46 80
0 47 60
0 48 80
0 49 60
0 50 80
0 51 60
0 52 60
0 53 80
0 54 60
0 55 30
1 0 80
1 2 30
1 3 40
1 4 30
1 5 60
1 6 60
1 7 60
1 8 60
1 9 40
1 10 60
1 11 40
1 12 30
1 13 80
1 14 30
1 15 80
1 16 80
1 17 30
1 18 60
1 19 40
1 20 40
1 21 60
1 22 80
1 23 40
1 24 60
1 25 30
1 26 80
1 27 40
1 28 80
1 29 80
1 30 30
1 31 30
1 32 80
1 33 60
1 34 40
1 35 40
1 36 40
1 37 40
1 38 80
1 39 30
1 40 60
1 41 40
1 42 80
1 43 30
1 44 30
1 45 40
1 46 30
1 47 30
1 48 60
1 49 60
1 50 30
1 51 40
1 52 30
1 53 30
1 54 80
1 55 30
2 0 30
2 1 30
2 3 30
2 4 40
2 5 30
2 6 60
2 7 60
2 8 40
2 9 80
2 10 40
2 11 60
2 12 60
2 13 40
2 14 40
2 15 40
2 16 60
2 17 40
2 18 30
2 19 60
2 20 40
2 21 80
2 22 40
2 23 40
2 24 30
2 25 30
2 26 60
2 27 60
2 28 60
2 29 30
2 30 40
2 31 80
2 32 30
2 33 60
2 34 30
2 35 80
2 36 30
2 37 40
2 38 80
2 39 40
2 40 40
2 41 80
2 42 40
2 43 40
2 44 60
2 45 60
2 46 30
2 47 30
2 48 40
2 49 40
2 50 80
2 51 30
2 52 80
2 53 40
2 54 40
2 55 60
3 0 80
3 1 60
3 2 40
3 4 60
3 5 30
3 6 30
3 7 60
3 8 60
3 9 60
3 10 30
3 11 80
3 12 60
3 13 30
3 14 60
3 15 40
3 16 80
3 17 40
3 18 60
3 19 80
3 20 80
3 21 80
3 22 40
3 23 30
3 24 30
3 25 30
3 26 80
3 27 60
3 28 60
3 29 80
3 30 30
3 31 40
3 32 40
3 33 80
3 34 30
3 35 80
3 36 60
3 37 80
3 38 30
3 39 60
3 40 60
3 41 40
3 42 60
3 43 80
3 44 40
3 45 40
3 46 40
3 47 30
3 48 60
3 49 40
3 50 30
3 51 30
3 52 60
3 53 60
3 54 30
3 55 60
4 0 30
4 1 40
4 2 30
4 3 60
4 5 40
4 6 30
4 7 30
4 8 60
4 9 40
4 10 30
4 11 30
4 12 30
4 13 80
4 14 60
4 15 60
4 16 40
4 17 80
4 18 30
4 19 30
4 20 40
4 21 30
4 22 60
4 23 40
4 24 30
4 25 80
4 26 80
4 27 30
4 28 30
4 29 40
4 30 40
4 31 30
4 32 30
4 33 60
4 34 80
4 35 60
4 36 80
4 37 60
4 38 40
4 39 60
4 40 80
4 41 80
4 42 60
4 43 60
4 44 80
4 45 40
4 46 80
4 47 30
4 48 40
4 49 60
4 50 40
4 51 80
4 52 60
4 53 40
4 54 30
4 55 80
5 0 60
5 1 80
5 2 80
5 3 40
5 4 60
5 6 60
5 7 80
5 8 60
5 9 40
5 10 60
5 11 40
5 12 80
5 13 40
5 14 60
5 15 80
5 16 40
5 17 30
5 18 60
5 19 40
5 20 80
5 21 30
5 22 80
5 23 30
5 24 30
5 25 80
5 26 40
5 27 80
5 28 60
5 29 60
5 30 80
5 31 80
5 32 30
5 33 60
5 34 30
5 35 80
5 36 30
5 37 80
5 38 30
5 39 30
5 40 60
5 41 60
5 42 30
5 43 30
5 44 40
5 45 60
5 46 30
5 47 40
5 48 40
5 49 40
5 50 80
5 51 40
5 52 80
5 53 60
5 54 40
5 55 60
6 0 40
6 1 30
6 2 80
6 3 60
6 4 30
6 5 30
6 7 30
6 8 30
6 9 30
6 10 60
6 11 40
6 12 80
6 13 30
6 14 60
6 15 30
6 16 60
6 17 60
6 18 30
6 19 80
6 20 30
6 21 40
6 22 80
6 23 80
6 24 30
6 25 60
6 26 40
6 27 80
6 28 80
6 29 30
6 30 40
6 31 30
6 32 40
6 33 60
6 34 40
6 35 80
6 36 40
6 37 30
6 38 60
6 39 40
6 40 60
6 41 80
6 42 60
6 43 60
6 44 60
6 45 80
6 46 80
6 47 30
6 48 40
6 49 60
6 50 30
6 51 80
6 52 80
6 53 30
6 54 80
6 55 80
7 0 30
7 1 40
7 2 60
7 3 40
7 4 60
7 5 30
7 6 40
7 8 60
7 9 30
7 10 80
7 11 80
7 12 40
7 13 40
7 14 40
7 15 40
7 16 40
7 17 40
7 18 30
7 19 80
7 20 40
7 21 60
7 22 80
7 23 80
7 24 40
7 25 30
7 26 40
7 27 40
7 28 80
7 29 60
7 30 40
7 31 60
7 32 30
7 33 30
7 34 80
7 35 40
7 36 30
7 37 60
7 38 30
7 39 80
7 40 80
7 41 60
7 42 40
7 43 30
7 44 30
7 45 80
7 46 60
7 47 30
7 48 40
7 49 80
7 50 80
7 51 30
7 52 60
7 53 60
7 54 80
7 55 60
8 0 80
8 1 80
8 2 40
8 3 40
8 4 40
8 5 30
8 6 40
8 7 30
8 9 40
8 10 40
8 11 60
8 12 80
8 13 80
8 14 60
8 15 40
8 16 80
8 17 30
8 18 40
8 19 40
8 20 30
8 21 60
8 22 80
8 23 80
8 24 40
8 25 80
8 26 40
8 27 60
8 28 30
8 29 30
8 30 40
8 31 30
8 32 40
8 33 40
8 34 40
8 35 30
8 36 80
8 37 80
8 38 30
8 39 80
8 40 60
8 41 30
8 42 30
8 43 80
8 44 30
8 45 60
8 46 80
8 47 60
8 48 40
8 49 60
8 50 80
8 51 80
8 52 60
8 53 30
8 54 60
8 55 30
9 0 30
9 1 30
9 2 80
9 3 60
9 4 60
9 5 80
9 6 80
9 7 80
9 8 80
9 10 40
9 11 60
9 12 60
9 13 40
9 14 30
9 15 40
9 16 40
9 17 60
9 18 80
9 19 60
9 20 80
9 21 60
9 22 40
9 23 80
9 24 30
9 25 80
9 26 40
9 27 60
9 28 80
9 29 40
9 30 40
9 31 40
9 32 30
9 33 80
9 34 30
9 35 80
9 36 60
9 37 80
9 38 80
9 39 30
9 40 80
9 41 80
9 42 60
9 43 30
9 44 30
9 45 60
9 46 40
9 47 80
9 48 80
9 49 60
9 50 30
9 51 60
9 52 30
9 53 40
9 54 60
9 55 80
10 0 30
10 1 40
10 2 60
10 3 60
10 4 60
10 5 60
10 6 40
10 7 40
10 8 40
10 9 30
10 11 40
10 12 30
10 13 80
10 14 80
10 15 40
10 16 30
10 17 30
10 18 30
10 19 30
10 20 80
10 21 80
10 22 40
10 23 40
10 24 40
10 25 30
10 26 30
10 27 40
10 28 40
10 29 40
10 30 40
10 31 30
10 32 30
10 33 60
10 34 60
10 35 80
10 36 80
10 37 30
10 38 80
10 39 30
10 40 30
10 41 60
10 42 80
10 43 40
10 44 80
10 45 30
10 46 30
10 47 80
10 48 30
10 49 30
10 50 40
10 51 40
10 52 30
10 53 60
10 54 40
10 55 40
11 0 40
11 1 40
11 2 30
11 3 80
11 4 40
11 5 60
11 6 30
11 7 60
11 8 80
11 9 60
11 10 60
11 12 60
11 13 80
11 14 60
11 15 30
11 16 40
11 17 80
11 18 80
11 19 40
11 20 30
11 21 30
11 22 80
11 23 30
11 24 40
11 25 80
11 26 40
11 27 80
11 28 80
11 29 60
11 30 80
11 31 40
11 32 30
11 33 80
11 34 30
11 35 40
11 36 30
11 37 60
11 38 80
11 39 60
11 40 40
11 41 60
11 42 30
11 43 60
11 44 60
11 45 40
11 46 80
11 47 30
11 48 60
11 49 60
11 50 40
11 51 60
11 52 30
11 53 60
11 54 80
11 55 30
12 0 80
12 1 60
12 2 30
12 3 60
12 4 60
12 5 30
12 6 80
12 7 40
12 8 80
12 9 30
12 10 80
12 11 80
12 13 30
12 14 60
12 15 60
12 16 30
12 17 80
12 18 60
12 19 60
12 20 80
12 21 40
12 22 60
12 23 30
12 24 40
12 25 40
12 26 80
12 27 40
12 28 80
12 29 80
12 30 80
12 31 80
12 32 60
12 33 30
12 34 30
12 35 60
12 36 60
12 37 40
12 38 80
12 39 60
12 40 60
12 41 30
12 42 30
12 43 80
12 44 30
12 45 40
12 46 80
12 47 30
12 48 40
12 49 40
12 50 40
12 51 40
12 52 40
12 53 30
12 54 30
12 55 40
13 0 80
13 1 60
13 2 40
13 3 80
13 4 30
13 5 40
13 6 60
13 7 80
13 8 80
13 9 30
13 10 80
13 11 40
13 12 40
13 14 80
13 15 80
13 16 30
13 17 40
13 18 60
13 19 80
13 20 40
13 21 40
13 22 80
13 23 30
13 24 30
13 25 40
13 26 40
13 27 40
13 28 40
13 29 40
13 30 30
13 31 80
13 32 80
13 33 80
13 34 80
13 35 60
13 36 30
13 37 60
13 38 40
13 39 30
13 40 60
13 41 60
13 42 80
13 43 40
13 44 60
13 45 40
13 46 60
13 47 40
13 48 40
13 49 40
13 50 60
13 51 80
13 52 30
13 53 60
13 54 80
13 55 60
14 0 30
14 1 80
14 2 60
14 3 30
14 4 40
14 5 60
14 6 60
14 7 40
14 8 40
14 9 40
14 10 30
14 11 40
14 12 80
14 13 30
14 15 60
14 16 40
14 17 40
14 18 30
14 19 40
14 20 80
14 21 80
14 22 30
14 23 60
14 24 30
14 25 40
14 26 30
14 27 40
14 28 40
14 29 30
14 30 80
14 31 40
14 32 30
14 33 30
14 34 60
14 35 40
14 36 80
14 37 30
14 38 40
14 39 30
14 40 80
14 41 30
14 42 60
14 43 80
14 44 30
14 45 30
14 46 30
14 47 40
14 48 40
14 49 80
14 50 40
14 51 60
14 52 30
14 53 60
14 54 80
14 55 40
15 0 60
15 1 40
15 2 30
15 3 40
15 4 60
15 5 30
15 6 80
15 7 30
15 8 30
15 9 40
15 10 30
15 11 60
15 12 40
15 13 40
15 14 60
15 16 40
15 17 60
15 18 40
15 19 80
15 20 60
15 21 80
15 22 80
15 23 30
15 24 40
15 25 60
15 26 80
15 27 80
15 28 60
15 29 40
15 30 30
15 31 60
15 32 60
15 33 30
15 34 30
15 35 40
15 36 60
15 37 30
15 38 30
15 39 80
15 40 30
15 41 40
15 42 40
15 43 40
15 44 30
15 45 60
15 46 40
15 47 80
15 48 30
15 49 30
15 50 40
15 51 30
15 52 60
15 53 40
15 54 80
15 55 40
16 0 30
16 1 40
16 2 40
16 3 30
16 4 80
16 5 40
16 6 30
16 7 80
16 8 40
16 9 80
16 10 80
16 11 60
16 12 80
16 13 40
16 14 30
16 15 40
16 17 40
16 18 60
16 19 80
16 20 60
16 21 30
16 22 60
16 23 30
16 24 80
16 25 30
16 26 80
16 27 30
16 28 60
16 29 80
16 30 30
16 31 30
16 32 80
16 33 60
16 34 30
16 35 80
16 36 80
16 37 80
16 38 30
16 39 30
16 40 60
16 41 40
16 42 40
16 43 80
16 44 60
16 45 30
16 46 40
16 47 80
16 48 80
16 49 40
16 50 30
16 51 80
16 52 40
16 53 60
16 54 30
16 55 60
17 0 80
17 1 60
17 2 60
17 3 30
17 4 80
17 5 30
17 6 80
17 7 80
17 8 30
17 9 40
17 10 60
17 11 30
17 12 80
17 13 30
17 14 60
17 15 40
17 16 60
17 18 30
17 19 80
17 20 60
17 21 80
17 22 60
17 23 40
17 24 80
17 25 40
17 26 60
17 27 80
17 28 80
17 29 80
17 30 60
17 31 40
17 32 60
17 33 80
17 34 40
17 35 40
17 36 40
17 37 80
17 38 60
17 39 30
17 40 30
17 41 80
17 42 40
17 43 40
17 44 80
17 45 60
17 46 30
17 47 30
17 48 30
17 49 80
17 50 60
17 51 30
17 52 30
17 53 30
17 54 40
17 55 40
18 0 40
18 1 40
18 2 80
18 3 60
18 4 60
18 5 60
18 6 30
18 7 40
18 8 80
18 9 40
18 10 40
18 11 60
18 12 30
18 13 80
18 14 30
18 15 40
18 16 80
18 17 40
18 19 60
18 20 80
18 21 30
18 22 80
18 23 30
18 24 30
18 25 60
18 26 40
18 27 80
18 28 30
18 29 60
18 30 40
18 31 40
18 32 40
18 33 60
18 34 30
18 35 40
18 36 60
18 37 80
18 38 40
18 39 60
18 40 30
18 41 60
18 42 30
18 43 30
18 44 80
18 45 40
18 46 80
18 47 60
18 48 60
18 49 80
18 50 80
18 51 30
18 52 40
18 53 30
18 54 60
18 55 30
19 0 60
19 1 30
19 2 30
19 3 80
19 4 60
19 5 60
19 6 30
19 7 30
19 8 40
19 9 80
19 10 30
19 11 60
19 12 40
19 13 60
19 14 40
19 15 80
19 16 60
19 17 60
19 18 30
19 20 30
19 21 40
19 22 40
19 23 60
19 24 40
19 25 80
19 26 30
19 27 60
19 28 60
19 29 60
19 30 40
19 31 40
19 32 60
19 33 60
19 34 60
19 35 60
19 36 30
19 37 30
19 38 40
19 39 60
19 40 30
19 41 60
19 42 60
19 43 60
19 44 80
19 45 30
19 46 60
19 47 40
19 48 40
19 49 40
19 50 80
19 51 30
19 52 60
19 53 60
19 54 60
19 55 60
20 0 80
20 1 40
20 2 80
20 3 80
20 4 40
20 5 40
20 6 80
20 7 30
20 8 40
20 9 40
20 10 30
20 11 30
20 12 30
20 13 30
20 14 80
20 15 60
20 16 80
20 17 60
20 18 40
20 19 40
20 21 60
20 22 80
20 23 40
20 24 40
20 25 40
20 26 40
20 27 30
20 28 80
20 29 60
20 30 80
20 31 30
20 32 80
20 33 40
20 34 60
20 35 40
20 36 60
20 37 30
20 38 60
20 39 40
20 40 30
20 41 30
20 42 80
20 43 80
20 44 40
20 45 60
20 46 60
20 47 30
20 48 60
20 49 60
20 50 40
20 51 60
20 52 30
20 53 30
20 54 60
20 55 80
21 0 40
21 1 40
21 2 80
21 3 80
21 4 40
21 5 30
21 6 30
21 7 80
21 8 30
21 9 80
21 10 30
21 11 30
21 12 30
21 13 40
21 14 80
21 15 40
21 16 80
21 17 40
21 18 40
21 19 30
21 20 60
21 22 80
21 23 30
21 24 80
21 25 80
21 26 80
21 27 60
21 28 60
21 29 60
21 30 80
21 31 40
21 32 30
21 33 60
21 34 80
21 35 80
21 36 80
21 37 40
21 38 80
21 39 30
21 40 40
21 41 30
21 42 60
21 43 30
21 44 80
21 45 60
21 46 40
21 47 80
21 48 80
21 49 80
21 50 30
21 51 60
21 52 80
21 53 30
21 54 60
21 55 80
22 0 40
22 1 30
22 2 40
22 3 60
22 4 80
22 5 60
22 6 40
22 7 80
22 8 40
22 9 30
22 10 40
22 11 80
22 12 30
22 13 60
22 14 60
22 15 60
22 16 40
22 17 30
22 18 30
22 19 80
22 20 80
22 21 30
22 23 80
22 24 30
22 25 40
22 26 60
22 27 30
22 28 40
22 29 40
22 30 60
22 31 30
22 32 60
22 33 40
22 34 60
22 35 60
22 36 30
22 37 40
22 38 30
22 39 30
22 40 40
22 41 30
22 42 80
22 43 30
22 44 60
22 45 40
22 46 40
22 47 40
22 48 30
22 49 60
22 50 80
22 51 30
22 52 80
22 53 60
22 54 60
22 55 60
23 0 40
23 1 60
23 2 60
23 3 40
23 4 80
23 5 40
23 6 80
23 7 60
23 8 40
23 9 40
23 10 80
23 11 80
23 12 30
23 13 40
23 14 40
23 15 80
23 16 60
23 17 40
23 18 30
23 19 60
23 20 40
23 21 40
23 22 80
23 24 80
23 25 80
23 26 40
23 27 30
23 28 40
23 29 60
23 30 60
23 31 80
23 32 40
23 33 80
23 34 30
23 35 80
23 36 30
23 37 60
23 38 80
23 39 60
23 40 40
23 41 40
23 42 40
23 43 60
23 44 30
23 45 80
23 46 80
23 47 60
23 48 30
23 49 30
23 50 40
23 51 80
23 52 40
23 53 80
23 54 60
23 55 30
24 0 80
24 1 30
24 2 30
24 3 40
24 4 60
24 5 60
24 6 80
24 7 80
24 8 30
24 9 30
24 10 30
24 11 60
24 12 30
24 13 60
24 14 60
24 15 80
24 16 40
24 17 60
24 18 80
24 19 30
24 20 30
24 21 30
24 22 40
24 23 80
24 25 60
24 26 80
24 27 80
24 28 80
24 29 60
24 30 40
24 31 60
24 32 30
24 33 40
24 34 30
24 35 60
24 36 30
24 37 60
24 38 80
24 39 60
24 40 80
24 41 80
24 42 40
24 43 60
24 44 80
24 45 40
24 46 40
24 47 30
24 48 40
24 49 80
24 50 60
24 51 40
24 52 40
24 53 60
24 54 30
24 55 80
25 0 80
25 1 30
25 2 80
25 3 80
25 4 60
25 5 40
25 6 40
25 7 40
25 8 80
25 9 60
25 10 30
25 11 80
25 12 60
25 13 30
25 14 80
25 15 30
25 16 40
25 17 60
25 18 30
25 19 40
25 20 40
25 21 80
25 22 60
25 23 40
25 24 40
25 26 60
25 27 80
25 28 60
25 29 30
25 30 80
25 31 60
25 32 40
25 33 30
25 34 40
25 35 80
25 36 40
25 37 40
25 38 30
25 39 40
25 40 40
25 41 40
25 42 40
25 43 60
25 44 40
25 45 30
25 46 40
25 47 60
25 48 30
25 49 60
25 50 80
25 51 60
25 52 80
25 53 30
25 54 80
25 55 30
26 0 30
26 1 60
26 2 30
26 3 60
26 4 60
26 5 40
26 6 80
26 7 40
26 8 40
26 9 80
26 10 80
26 11 80
26 12 80
26 13 40
26 14 40
26 15 40
26 16 40
26 17 80
26 18 30
26 19 40
26 20 40
26 21 80
26 22 40
26 23 30
26 24 60
26 25 30
26 27 40
26 28 40
26 29 30
26 30 60
26 31 30
26 32 60
26 33 40
26 34 60
26 35 30
26 36 60
26 37 40
26 38 60
26 39 80
26 40 80
26 41 30
26 42 60
26 43 80
26 44 80
26 45 40
26 46 60
26 47 80
26 48 80
26 49 80
26 50 60
26 51 40
26 52 80
26 53 30
26 54 80
26 55 80
27 0 40
27 1 40
27 2 60
27 3 80
27 4 40
27 5 30
27 6 30
27 7 30
27 8 40
27 9 40
27 10 60
27 11 80
27 12 40
27 13 30
27 14 80
27 15 40
27 16 80
27 17 30
27 18 30
27 19 80
27 20 40
27 21 30
27 22 30
27 23 30
27 24 40
27 25 80
27 26 30
27 28 30
27 29 60
27 30 40
27 31 30
27 32 40
27 33 80
27 34 60
27 35 80
27 36 60
27 37 60
27 38 80
27 39 80
27 40 60
27 41 60
27 42 80
27 43 30
27 44 80
27 45 60
27 46 40
27 47 80
27 48 40
27 49 40
27 50 60
27 51 80
27 52 40
27 53 40
27 54 60
27 55 60
28 0 30
28 1 30
28 2 80
28 3 60
28 4 30
28 5 80
28 6 30
28 7 60
28 8 40
28 9 30
28 10 30
28 11 30
28 12 30
28 13 60
28 14 30
28 15 80
28 16 60
28 17 40
28 18 40
28 19 30
28 20 80
28 21 60
28 22 40
28 23 30
28 24 40
28 25 40
28 26 40
28 27 40
28 29 60
28 30 30
28 31 30
28 32 40
28 33 30
28 34 40
28 35 80
28 36 30
28 37 30
28 38 40
28 39 60
28 40 80
28 41 60
28 42 80
28 43 80
28 44 60
28 45 30
28 46 40
28 47 40
28 48 40
28 49 80
28 50 80
28 51 40
28 52 40
28 53 30
28 54 30
28 55 80
29 0 40
29 1 60
29 2 40
29 3 30
29 4 30
29 5 40
29 6 30
29 7 80
29 8 40
29 9 60
29 10 40
29 11 80
29 12 60
29 13 60
29 14 80
29 15 60
29 16 80
29 17 40
29 18 30
29 19 60
29 20 80
29 21 80
29 22 60
29 23 60
29 24 60
29 25 30
29 26 30
29 27 40
29 28 30
29 30 30
29 31 40
29 32 40
29 33 80
29 34 80
29 35 80
29 36 60
29 37 60
29 38 40
29 39 60
29 40 30
29 41 40
29 42 60
29 43 40
29 44 30
29 45 60
29 46 40
29 47 80
29 48 40
29 49 30
29 50 40
29 51 30
29 52 60
29 53 80
29 54 60
29 55 40
30 0 40
30 1 30
30 2 40
30 3 80
30 4 30
30 5 40
30 6 60
30 7 80
30 8 60
30 9 80
30 10 60
30 11 40
30 12 80
30 13 30
30 14 40
30 15 40
30 16 60
30 17 30
30 18 40
30 19 40
30 20 40
30 21 30
30 22 40
30 23 60
30 24 40
30 25 30
30 26 40
30 27 60
30 28 40
30 29 80
30 31 80
30 32 60
30 33 80
30 34 40
30 35 80
30 36 60
30 37 30
30 38 60
30 39 80
30 40 80
30 41 30
30 42 30
30 43 80
30 44 30
30 45 40
30 46 40
30 47 30
30 48 30
30 49 40
30 50 80
30 51 30
30 52 60
30 53 30
30 54 60
30 55 40
31 0 30
31 1 40
31 2 80
31 3 60
31 4 80
31 5 40
31 6 40
31 7 80
31 8 40
31 9 80
31 10 30
31 11 40
31 12 80
31 13 40
31 14 80
31 15 80
31 16 40
31 17 60
31 18 60
31 19 40
31 20 80
31 21 80
31 22 80
31 23 30
31 24 80
31 25 80
31 26 30
31 27 40
31 28 80
31 29 80
31 30 80
31 32 80
31 33 60
31 34 30
31 35 30
31 36 60
31 37 60
31 38 30
31 39 30
31 40 60
31 41 60
31 42 80
31 43 30
31 44 80
31 45 80
31 46 60
31 47 40
31 48 80
31 49 40
31 50 60
31 51 40
31 52 30
31 53 60
31 54 60
31 55 80
32 0 60
32 1 80
32 2 30
32 3 60
32 4 40
32 5 60
32 6 40
32 7 40
32 8 40
32 9 30
32 10 30
32 11 30
32 12 40
32 13 30
32 14 40
32 15 40
32 16 60
32 17 30
32 18 40
32 19 40
32 20 60
32 21 60
32 22 60
32 23 60
32 24 30
32 25 40
32 26 60
32 27 30
32 28 80
32 29 40
32 30 80
32 31 40
32 33 60
32 34 40
32 35 60
32 36 80
32 37 30
32 38 30
32 39 60
32 40 60
32 41 30
32 42 30
32 43 30
32 44 40
32 45 30
32 46 80
32 47 40
32 48 80
32 49 40
32 50 30
32 51 60
32 52 60
32 53 30
32 54 40
32 55 80
33 0 80
33 1 30
33 2 80
33 3 40
33 4 40
33 5 40
33 6 60
33 7 80
33 8 80
33 9 80
33 10 60
33 11 30
33 12 30
33 13 40
33 14 30
33 15 80
33 16 30
33 17 80
33 18 30
33 19 30
33 20 80
33 21 60
33 22 30
33 23 60
33 24 60
33 25 40
33 26 80
33 27 40
33 28 80
33 29 60
33 30 60
33 31 80
33 32 60
33 34 80
33 35 60
33 36 60
33 37 80
33 38 30
33 39 40
33 40 40
33 41 30
33 42 80
33 43 30
33 44 60
33 45 40
33 46 60
33 47 60
33 48 30
33 49 80
33 50 60
33 51 60
33 52 40
33 53 40
33 54 40
33 55 80
34 0 80
34 1 60
34 2 30
34 3 60
34 4 60
34 5 30
34 6 80
34 7 60
34 8 30
34 9 40
34 10 80
34 11 80
34 12 30
34 13 60
34 14 80
34 15 80
34 16 80
34 17 80
34 18 40
34 19 30
34 20 80
34 21 40
34 22 60
34 23 80
34 24 80
34 25 80
34 26 60
34 27 30
34 28 80
34 29 30
34 30 80
34 31 80
34 32 40
34 33 30
34 35 40
34 36 40
34 37 40
34 38 80
34 39 40
34 40 80
34 41 60
34 42 80
34 43 30
34 44 80
34 45 30
34 46 30
34 47 80
34 48 60
34 49 30
34 50 80
34 51 60
34 52 60
34 53 30
34 54 40
34 55 80
35 0 80
35 1 80
35 2 30
35 3 30
35 4 30
35 5 60
35 6 60
35 7 30
35 8 80
35 9 80
35 10 40
35 11 40
35 12 30
35 13 30
35 14 40
35 15 80
35 16 80
35 17 80
35 18 30
35 19 80
35 20 30
35 21 80
35 22 40
35 23 60
35 24 40
35 25 60
35 26 30
35 27 30
35 28 30
35 29 80
35 30 30
35 31 30
35 32 60
35 33 60
35 34 30
35 36 40
35 37 60
35 38 30
35 39 40
35 40 40
35 41 30
35 42 80
35 43 30
35 44 80
35 45 40
35 46 80
35 47 30
35 48 30
35 49 30
35 50 60
35 51 60
35 52 80
35 53 60
35 54 30
35 55 30
36 0 80
36 1 60
36 2 30
36 3 40
36 4 80
36 5 30
36 6 40
36 7 30
36 8 30
36 9 30
36 10 80
36 11 60
36 12 30
36 13 40
36 14 30
36 15 40
36 16 60
36 17 60
36 18 80
36 19 40
36 20 40
36 21 80
36 22 40
36 23 30
36 24 40
36 25 60
36 26 80
36 27 60
36 28 30
36 29 40
36 30 30
36 31 60
36 32 30
36 33 60
36 34 30
36 35 60
36 37 30
36 38 40
36 39 60
36 40 80
36 41 30
36 42 40
36 43 40
36 44 60
36 45 60
36 46 60
36 47 40
36 48 30
36 49 40
36 50 30
36 51 30
36 52 60
36 53 60
36 54 40
36 55 60
37 0 40
37 1 40
37 2 40
37 3 80
37 4 80
37 5 80
37 6 40
37 7 60
37 8 40
37 9 40
37 10 80
37 11 30
37 12 40
37 13 80
37 14 30
37 15 80
37 16 60
37 17 60
37 18 60
37 19 60
37 20 60
37 21 60
37 22 30
37 23 60
37 24 40
37 25 40
37 26 80
37 27 30
37 28 40
37 29 30
37 30 80
37 31 80
37 32 40
37 33 30
37 34 40
37 35 80
37 36 40
37 38 40
37 39 30
37 40 30
37 41 30
37 42 80
37 43 40
37 44 40
37 45 80
37 46 80
37 47 40
37 48 80
37 49 30
37 50 30
37 51 30
37 52 80
37 53 60
37 54 30
37 55 80
38 0 30
38 1 30
38 2 40
38 3 60
38 4 60
38 5 30
38 6 30
38 7 40
38 8 60
38 9 30
38 10 60
38 11 30
38 12 60
38 13 40
38 14 80
38 15 60
38 16 60
38 17 30
38 18 40
38 19 30
38 20 60
38 21 40
38 22 40
38 23 80
38 24 80
38 25 60
38 26 40
38 27 60
38 28 30
38 29 40
38 30 40
38 31 80
38 32 40
38 33 40
38 34 30
38 35 80
38 36 40
38 37 40
38 39 80
38 40 30
38 41 60
38 42 30
38 43 40
38 44 60
38 45 60
38 46 80
38 47 80
38 48 80
38 49 40
38 50 60
38 51 30
38 52 30
38 53 60
38 54 60
38 55 60
39 0 60
39 1 80
39 2 40
39 3 30
39 4 60
39 5 30
39 6 80
39 7 60
39 8 40
39 9 30
39 10 60
39 11 30
39 12 30
39 13 60
39 14 40
39 15 30
39 16 60
39 17 60
39 18 60
39 19 30
39 20 60
39 21 40
39 22 60
39 23 80
39 24 60
39 25 30
39 26 60
39 27 30
39 28 60
39 29 30
39 30 40
39 31 40
39 32 30
39 33 40
39 34 80
39 35 40
39 36 60
39 37 60
39 38 80
39 40 40
39 41 30
39 42 40
39 43 80
39 44 30
39 45 30
39 46 40
39 47 40
39 48 30
39 49 40
39 50 40
39 51 80
39 52 40
39 53 60
39 54 30
39 55 40
40 0 40
40 1 40
40 2 80
40 3 40
40 4 80
40 5 80
40 6 60
40 7 30
40 8 40
40 9 40
40 10 30
40 11 40
40 12 80
40 13 60
40 14 30
40 15 30
40 16 60
40 17 60
40 18 30
40 19 30
40 20 30
40 21 80
40 22 30
40 23 60
40 24 30
40 25 60
40 26 80
40 27 40
40 28 40
40 29 30
40 30 40
40 31 30
40 32 40
40 33 80
40 34 60
40 35 30
40 36 40
40 37 30
40 38 30
40 39 30
40 41 30
40 42 60
40 43 30
40 44 60
40 45 80
40 46 40
40 47 30
40 48 60
40 49 40
40 50 60
40 51 30
40 52 30
40 53 60
40 54 30
40 55 30
41 0 80
41 1 80
41 2 80
41 3 60
41 4 40
41 5 60
41 6 40
41 7 30
41 8 60
41 9 80
41 10 30
41 11 60
41 12 40
41 13 30
41 14 40
41 15 60
41 16 80
41 17 60
41 18 40
41 19 30
41 20 30
41 21 40
41 22 30
41 23 40
41 24 80
41 25 40
41 26 80
41 27 30
41 28 80
41 29 40
41 30 60
41 31 80
41 32 60
41 33 80
41 34 30
41 35 80
41 36 60
41 37 80
41 38 80
41 39 30
41 40 60
41 42 40
41 43 80
41 44 30
41 45 80
41 46 40
41 47 80
41 48 60
41 49 60
41 50 80
41 51 60
41 52 60
41 53 30
41 54 30
41 55 40
42 0 80
42 1 60
42 2 80
42 3 60
42 4 30
42 5 30
42 6 30
42 7 60
42 8 80
42 9 60
42 10 80
42 11 80
42 12 80
42 13 80
42 14 40
42 15 40
42 16 30
42 17 80
42 18 40
42 19 30
42 20 30
42 21 60
42 22 40
42 23 30
42 24 30
42 25 60
42 26 30
42 27 40
42 28 80
42 29 30
42 30 30
42 31 40
42 32 80
42 33 80
42 34 80
42 35 40
42 36 80
42 37 60
42 38 40
42 39 30
42 40 40
42 41 60
42 43 30
42 44 40
42 45 40
42 46 30
42 47 40
42 48 40
42 49 80
42 50 30
42 51 60
42 52 30
42 53 60
42 54 40
42 55 30
43 0 40
43 1 80
43 2 30
43 3 30
43 4 60
43 5 80
43 6 30
43 7 30
43 8 80
43 9 30
43 10 30
43 11 60
43 12 30
43 13 60
43 14 60
43 15 80
43 16 30
43 17 40
43 18 60
43 19 40
43 20 30
43 21 80
43 22 40
43 23 30
43 24 60
43 25 80
43 26 30
43 27 30
43 28 60
43 29 60
43 30 30
43 31 60
43 32 80
43 33 80
43 34 80
43 35 60
43 36 60
43 37 30
43 38 30
43 39 40
43 40 40
43 41 30
43 42 30
43 44 60
43 45 40
43 46 80
43 47 60
43 48 80
43 49 60
43 50 30
43 51 60
43 52 30
43 53 80
43 54 40
43 55 60
44 0 30
44 1 80
44 2 60
44 3 60
44 4 60
44 5 60
44 6 80
44 7 60
44 8 30
44 9 30
44 10 80
44 11 80
44 12 60
44 13 30
44 14 60
44 15 60
44 16 80
44 17 60
44 18 30
44 19 30
44 20 30
44 21 60
44 22 30
44 23 80
44 24 40
44 25 30
44 26 30
44 27 30
44 28 80
44 29 40
44 30 80
44 31 80
44 32 60
44 33 30
44 34 60
44 35 60
44 36 40
44 37 60
44 38 40
44 39 30
44 40 40
44 41 80
44 42 30
44 43 40
44 45 80
44 46 80
44 47 80
44 48 80
44 49 80
44 50 60
44 51 80
44 52 60
44 53 80
44 54 40
44 55 30
45 0 60
45 1 30
45 2 60
45 3 30
45 4 40
45 5 40
45 6 80
45 7 40
45 8 80
45 9 40
45 10 80
45 11 80
45 12 60
45 13 40
45 14 30
45 15 80
45 16 30
45 17 60
45 18 60
45 19 80
45 20 80
45 21 60
45 22 60
45 23 60
45 24 60
45 25 30
45 26 30
45 27 80
45 28 30
45 29 30
45 30 30
45 31 80
45 32 80
45 33 30
45 34 80
45 35 60
45 36 60
45 37 40
45 38 30
45 39 40
45 40 40
45 41 40
45 42 30
45 43 60
45 44 80
45 46 60
45 47 40
45 48 30
45 49 80
45 50 60
45 51 60
45 52 40
45 53 40
45 54 40
45 55 60
46 0 30
46 1 80
46 2 80
46 3 30
46 4 80
46 5 30
46 6 80
46 7 80
46 8 60
46 9 40
46 10 80
46 11 80
46 12 30
46 13 60
46 14 60
46 15 30
46 16 80
46 17 30
46 18 60
46 19 30
46 20 80
46 21 30
46 22 40
46 23 40
46 24 40
46 25 30
46 26 40
46 27 40
46 28 40
46 29 80
46 30 40
46 31 60
46 32 80
46 33 60
46 34 60
46 35 30
46 36 60
46 37 80
46 38 80
46 39 40
46 40 30
46 41 30
46 42 30
46 43 80
46 44 30
46 45 80
46 47 40
46 48 40
46 49 80
46 50 40
46 51 60
46 52 80
46 53 30
46 54 80
46 55 80
47 0 30
47 1 80
47 2 60
47 3 60
47 4 30
47 5 80
47 6 30
47 7 80
47 8 60
47 9 80
47 10 60
47 11 60
47 12 80
47 13 40
47 14 80
47 15 30
47 16 80
47 17 60
47 18 60
47 19 40
47 20 80
47 21 80
47 22 80
47 23 40
47 24 30
47 25 40
47 26 60
47 27 80
47 28 40
47 29 80
47 30 80
47 31 30
47 32 30
47 33 30
47 34 60
47 35 60
47 36 40
47 37 30
47 38 60
47 39 80
47 40 40
47 41 60
47 42 60
47 43 30
47 44 80
47 45 40
47 46 30
47 48 60
47 49 30
47 50 60
47 51 40
47 52 30
47 53 60
47 54 40
47 55 40
48 0 80
48 1 60
48 2 60
48 3 60
48 4 60
48 5 40
48 6 60
48 7 80
48 8 40
48 9 30
48 10 80
48 11 80
48 12 80
48 13 60
48 14 80
48 15 80
48 16 60
48 17 80
48 18 80
48 19 30
48 20 60
48 21 40
48 22 30
48 23 60
48 24 40
48 25 80
48 26 30
48 27 30
48 28 60
48 29 40
48 30 60
48 31 80
48 32 60
48 33 80
48 34 60
48 35 60
48 36 30
48 37 80
48 38 60
48 39 30
48 40 30
48 41 30
48 42 60
48 43 30
48 44 40
48 45 40
48 46 60
48 47 80
48 49 30
48 50 80
48 51 30
48 52 40
48 53 40
48 54 40
48 55 40
49 0 30
49 1 60
49 2 80
49 3 30
49 4 30
49 5 60
49 6 60
49 7 80
49 8 80
49 9 60
49 10 40
49 11 80
49 12 40
49 13 80
49 14 30
49 15 40
49 16 60
49 17 80
49 18 40
49 19 30
49 20 40
49 21 60
49 22 60
49 23 60
49 24 40
49 25 30
49 26 40
49 27 60
49 28 30
49 29 60
49 30 40
49 31 60
49 32 30
49 33 80
49 34 40
49 35 60
49 36 80
49 37 60
49 38 80
49 39 60
49 40 80
49 41 60
49 42 40
49 43 40
49 44 40
49 45 40
49 46 80
49 47 60
49 48 60
49 50 80
49 51 80
49 52 30
49 53 40
49 54 40
49 55 30
50 0 40
50 1 80
50 2 80
50 3 60
50 4 60
50 5 60
50 6 30
50 7 40
50 8 30
50 9 80
50 10 80
50 11 60
50 12 30
50 13 40
50 14 30
50 15 60
50 16 40
50 17 40
50 18 60
50 19 80
50 20 60
50 21 30
50 22 30
50 23 80
50 24 40
50 25 40
50 26 80
50 27 40
50 28 80
50 29 30
50 30 60
50 31 80
50 32 30
50 33 30
50 34 30
50 35 80
50 36 60
50 37 40
50 38 80
50 39 30
50 40 30
50 41 40
50 42 60
50 43 80
50 44 40
50 45 80
50 46 80
50 47 40
50 48 60
50 49 80
50 51 30
50 52 40
50 53 80
50 54 40
50 55 60
51 0 60
51 1 60
51 2 80
51 3 80
51 4 80
51 5 80
51 6 40
51 7 40
51 8 80
51 9 60
51 10 60
51 11 40
51 12 60
51 13 30
51 14 40
51 15 80
51 16 30
51 17 60
51 18 40
51 19 80
51 20 40
51 21 60
51 22 60
51 23 60
51 24 60
51 25 30
51 26 40
51 27 60
51 28 30
51 29 40
51 30 60
51 31 80
51 32 40
51 33 30
51 34 30
51 35 30
51 36 80
51 37 60
51 38 80
51 39 40
51 40 40
51 41 60
51 42 60
51 43 30
51 44 60
51 45 40
51 46 80
51 47 40
51 48 80
51 49 30
51 50 40
51 52 40
51 53 40
51 54 80
51 55 80
52 0 40
52 1 30
52 2 80
52 3 30
52 4 60
52 5 80
52 6 30
52 7 40
52 8 80
52 9 60
52 10 80
52 11 30
52 12 30
52 13 30
52 14 40
52 15 30
52 16 40
52 17 80
52 18 60
52 19 60
52 20 60
52 21 60
52 22 40
52 23 80
52 24 30
52 25 30
52 26 40
52 27 80
52 28 30
52 29 40
52 30 60
52 31 60
52 32 80
52 33 80
52 34 40
52 35 80
52 36 60
52 37 30
52 38 40
52 39 60
52 40 40
52 41 60
52 42 40
52 43 60
52 44 30
52 45 40
52 46 80
52 47 40
52 48 60
52 49 80
52 50 60
52 51 60
52 53 40
52 54 80
52 55 60
53 0 60
53 1 80
53 2 40
53 3 40
53 4 80
53 5 60
53 6 40
53 7 80
53 8 80
53 9 30
53 10 60
53 11 80
53 12 60
53 13 30
53 14 30
53 15 60
53 16 60
53 17 60
53 18 30
53 19 30
53 20 60
53 21 40
53 22 60
53 23 60
53 24 60
53 25 30
53 26 40
53 27 80
53 28 30
53 29 60
53 30 60
53 31 60
53 32 30
53 33 80
53 34 80
53 35 80
53 36 60
53 37 40
53 38 30
53 39 60
53 40 40
53 41 40
53 42 30
53 43 30
53 44 30
53 45 80
53 46 80
53 47 80
53 48 40
53 49 60
53 50 30
53 51 40
53 52 60
53 54 40
53 55 40
54 0 30
54 1 30
54 2 80
54 3 60
54 4 60
54 5 30
54 6 80
54 7 40
54 8 80
54 9 60
54 10 30
54 11 80
54 12 60
54 13 30
54 14 60
54 15 60
54 16 30
54 17 40
54 18 60
54 19 30
54 20 80
54 21 40
54 22 40
54 23 30
54 24 80
54 25 30
54 26 30
54 27 40
54 28 80
54 29 60
54 30 30
54 31 30
54 32 60
54 33 40
54 34 60
54 35 80
54 36 60
54 37 60
54 38 80
54 39 60
54 40 40
54 41 80
54 42 60
54 43 80
54 44 40
54 45 60
54 46 30
54 47 60
54 48 30
54 49 60
54 50 80
54 51 80
54 52 30
54 53 80
54 55 60
55 0 30
55 1 40
55 2 40
55 3 30
55 4 30
55 5 60
55 6 60
55 7 30
55 8 60
55 9 60
55 10 40
55 11 30
55 12 40
55 13 40
55 14 60
55 15 60
55 16 40
55 17 30
55 18 60
55 19 40
55 20 80
55 21 40
55 22 30
55 23 60
55 24 30
55 25 40
55 26 60
55 27 80
55 28 80
55 29 60
55 30 80
55 31 60
55 32 80
55 33 60
55 34 30
55 35 80
55 36 80
55 37 60
55 38 30
55 39 60
55 40 40
55 41 80
55 42 80
55 43 60
55 44 30
55 45 80
55 46 30
55 47 80
55 48 80
55 49 60
55 50 80
55 51 40
55 52 40
55 53 60
55 54 40
