NAME C50R6-2
SOURCE Zhang et al. (2018) methodology — reproducible synthetic benchmark
N_CUSTOMERS 50
N_STATIONS 6
VARIANT 2
GRID_MILES 200.0
VEHICLE_CAPACITY 3.0
BATTERY_KWH 110.0
CURB_WEIGHT_KG 2000.0
ALPHA_ARC 0.0981
BETA_VEH 2.11
EFF_D 1.11
EFF_M 1.25
SPEED_SEED 2998956511
CUSTOMER_SEED 59850
STATION_SEED 70406

NODES
0 160934.400000 160934.400000 0.000000 depot_start
1 186847.138572 39839.552598 0.085313 customer
2 2665.635826 224201.111598 0.065431 customer
3 285652.025200 297277.234926 0.094302 customer
4 251242.037208 314568.677533 0.118913 customer
5 157283.406526 129163.869839 0.077616 customer
6 256829.842764 263225.827141 0.098908 customer
7 306228.615141 197907.042289 0.112597 customer
8 93744.291947 4340.650494 0.099322 customer
9 237721.216137 261324.906181 0.070001 customer
10 128764.422547 31296.457718 0.103697 customer
11 237623.735083 148879.747977 0.128899 customer
12 113390.205045 253623.521541 0.057514 customer
13 250606.382640 212416.396362 0.076665 customer
14 64176.336647 70151.544139 0.060692 customer
15 135076.792039 138466.167171 0.143878 customer
16 294846.915039 253518.044578 0.135892 customer
17 54696.024139 1887.784619 0.121442 customer
18 151287.624413 163066.400690 0.111149 customer
19 229860.652377 165128.876224 0.121738 customer
20 51865.733971 256315.265762 0.083486 customer
21 258461.559547 7248.001147 0.128998 customer
22 206082.857867 207151.591396 0.069880 customer
23 3199.029065 164753.392628 0.071727 customer
24 14718.841775 306551.262819 0.099306 customer
25 287613.960954 269609.577533 0.129319 customer
26 25944.315049 101689.462098 0.076793 customer
27 112611.310912 39537.658080 0.134227 customer
28 228970.231502 218745.148188 0.060099 customer
29 244046.441301 290600.190553 0.085347 customer
30 103464.285277 168285.541998 0.052859 customer
31 164096.685493 29208.328633 0.102661 customer
32 95761.369515 234499.219719 0.116703 customer
33 43401.759236 121470.180803 0.117752 customer
34 280370.331853 295607.825978 0.127538 customer
35 40533.340947 38024.651110 0.064098 customer
36 128357.425101 306227.438341 0.117109 customer
37 101147.748724 120074.217180 0.137011 customer
38 145664.860592 3714.637824 0.085746 customer
39 109155.114772 102815.547907 0.133275 customer
40 242977.374255 298914.322295 0.061584 customer
41 151966.402042 128850.369814 0.107046 customer
42 125417.648204 286475.741975 0.072752 customer
43 264286.417960 81790.513939 0.100019 customer
44 35229.892670 297509.162742 0.148858 customer
45 250985.338659 12821.269419 0.083405 customer
46 125748.897605 199140.768129 0.075190 customer
47 315606.812379 276563.902500 0.120781 customer
48 166927.256643 241190.899152 0.062396 customer
49 215309.755375 137555.133323 0.062304 customer
50 59093.098139 138153.136538 0.079525 customer
51 261377.703602 245618.171457 0.000000 station
52 74698.022379 70057.494670 0.000000 station
53 211945.941633 69656.939973 0.000000 station
54 289620.405390 221228.169254 0.000000 station
55 136791.370429 240314.985501 0.000000 station
56 139082.396447 40882.905518 0.000000 station
57 160934.400000 160934.400000 0.000000 depot_end

SPEEDS
0 1 30
0 2 40
0 3 30
0 4 40
0 5 80
0 6 30
0 7 30
0 8 30
0 9 80
0 10 80
0 11 30
0 12 40
0 13 40
0 14 60
0 15 60
0 16 40
0 17 80
0 18 60
0 19 40
0 20 30
0 21 80
0 22 80
0 23 40
0 24 30
0 25 60
0 26 80
0 27 40
0 28 30
0 29 80
0 30 30
0 31 60
0 32 60
0 33 30
0 34 30
0 35 60
0 36 60
0 37 30
0 38 80
0 39 30
0 40 30
0 41 80
0 42 60
0 43 60
0 44 40
0 45 40
0 46 80
0 47 80
0 48 80
0 49 80
0 50 80
0 51 40
0 52 60
0 53 30
0 54 40
0 55 60
0 56 40
0 57 80
1 0 60
1 2 80
1 3 80
1 4 30
1 5 60
1 6 40
1 7 30
1 8 80
1 9 60
1 10 60
1 11 80
1 12 40
1 13 30
1 14 40
1 15 40
1 16 60
1 17 80
1 18 40
1 19 30
1 20 40
1 21 40
1 22 30
1 23 60
1 24 60
1 25 80
1 26 30
1 27 40
1 28 40
1 29 40
1 30 60
1 31 30
1 32 80
1 33 60
1 34 40
1 35 60
1 36 30
1 37 80
1 38 60
1 39 60
1 40 40
1 41 60
1 42 60
1 43 80
1 44 80
1 45 60
1 46 40
1 47 60
1 48 40
1 49 60
1 50 60
1 51 60
1 52 30
1 53 80
1 54 80
1 55 60
1 56 40
1 57 60
2 0 80
2 1 30
2 3 30
2 4 60
2 5 30
2 6 80
2 7 60
2 8 40
2 9 80
2 10 60
2 11 30
2 12 60
2 13 80
2 14 80
2 15 80
2 16 30
2 17 30
2 18 80
2 19 40
2 20 80
2 21 40
2 22 80
2 23 80
2 24 80
2 25 30
2 26 30
2 27 40
2 28 60
2 29 30
2 30 60
2 31 80
2 32 30
2 33 60
2 34 60
2 35 80
2 36 60
2 37 80
2 38 80
2 39 30
2 40 80
2 41 60
2 42 40
2 43 40
2 44 40
2 45 80
2 46 60
2 47 30
2 48 60
2 49 40
2 50 30
2 51 80
2 52 60
2 53 30
2 54 30
2 55 80
2 56 30
2 57 80
3 0 30
3 1 30
3 2 40
3 4 40
3 5 80
3 6 30
3 7 60
3 8 80
3 9 80
3 10 60
3 11 80
3 12 40
3 13 80
3 14 30
3 15 60
3 16 80
3 17 80
3 18 40
3 19 60
3 20 40
3 21 80
3 22 60
3 23 80
3 24 30
3 25 30
3 26 60
3 27 30
3 28 40
3 29 40
3 30 80
3 31 60
3 32 80
3 33 40
3 34 40
3 35 80
3 36 30
3 37 40
3 38 30
3 39 60
3 40 60
3 41 60
3 42 80
3 43 60
3 44 40
3 45 30
3 46 30
3 47 60
3 48 60
3 49 80
3 50 40
3 51 30
3 52 40
3 53 40
3 54 80
3 55 60
3 56 40
3 57 40
4 0 30
4 1 40
4 2 80
4 3 30
4 5 60
4 6 30
4 7 80
4 8 60
4 9 40
4 10 60
4 11 60
4 12 30
4 13 60
4 14 60
4 15 40
4 16 40
4 17 40
4 18 60
4 19 30
4 20 30
4 21 40
4 22 40
4 23 80
4 24 30
4 25 40
4 26 80
4 27 60
4 28 80
4 29 40
4 30 60
4 31 60
4 32 30
4 33 40
4 34 40
4 35 60
4 36 60
4 37 30
4 38 40
4 39 40
4 40 80
4 41 40
4 42 80
4 43 30
4 44 30
4 45 80
4 46 80
4 47 40
4 48 30
4 49 30
4 50 40
4 51 40
4 52 60
4 53 80
4 54 30
4 55 60
4 56 30
4 57 80
5 0 30
5 1 80
5 2 60
5 3 40
5 4 80
5 6 60
5 7 80
5 8 60
5 9 60
5 10 60
5 11 40
5 12 40
5 13 60
5 14 30
5 15 60
5 16 30
5 17 40
5 18 80
5 19 60
5 20 60
5 21 80
5 22 40
5 23 40
5 24 80
5 25 40
5 26 60
5 27 30
5 28 60
5 29 60
5 30 80
5 31 40
5 32 30
5 33 40
5 34 60
5 35 40
5 36 40
5 37 80
5 38 40
5 39 80
5 40 40
5 41 30
5 42 40
5 43 40
5 44 30
5 45 30
5 46 60
5 47 80
5 48 40
5 49 30
5 50 60
5 51 60
5 52 60
5 53 80
5 54 80
5 55 40
5 56 80
5 57 40
6 0 80
6 1 30
6 2 40
6 3 30
6 4 80
6 5 30
6 7 60
6 8 80
6 9 60
6 10 40
6 11 60
6 12 40
6 13 80
6 14 80
6 15 30
6 16 80
6 17 40
6 18 60
6 19 30
6 20 30
6 21 30
6 22 60
6 23 40
6 24 30
6 25 80
6 26 30
6 27 60
6 28 60
6 29 60
6 30 30
6 31 40
6 32 30
6 33 30
6 34 30
6 35 40
6 36 80
6 37 40
6 38 30
6 39 40
6 40 80
6 41 30
6 42 30
6 43 30
6 44 80
6 45 80
6 46 60
6 47 80
6 48 80
6 49 60
6 50 60
6 51 30
6 52 30
6 53 60
6 54 40
6 55 30
6 56 60
6 57 40
7 0 80
7 1 40
7 2 40
7 3 60
7 4 80
7 5 60
7 6 80
7 8 60
7 9 80
7 10 30
7 11 40
7 12 80
7 13 30
7 14 60
7 15 30
7 16 40
7 17 40
7 18 30
7 19 30
7 20 30
7 21 30
7 22 60
7 23 30
7 24 30
7 25 30
7 26 30
7 27 80
7 28 40
7 29 30
7 30 30
7 31 80
7 32 80
7 33 40
7 34 80
7 35 80
7 36 30
7 37 30
7 38 40
7 39 80
7 40 60
7 41 60
7 42 60
7 43 60
7 44 30
7 45 40
7 46 40
7 47 80
7 48 40
7 49 40
7 50 80
7 51 80
7 52 80
7 53 30
7 54 60
7 55 30
7 56 60
7 57 30
8 0 80
8 1 40
8 2 30
8 3 80
8 4 30
8 5 80
8 6 60
8 7 60
8 9 40
8 10 80
8 11 40
8 12 40
8 13 60
8 14 60
8 15 60
8 16 80
8 17 30
8 18 40
8 19 30
8 20 40
8 21 60
8 22 30
8 23 60
8 24 80
8 25 30
8 26 30
8 27 60
8 28 80
8 29 30
8 30 60
8 31 60
8 32 80
8 33 60
8 34 60
8 35 30
8 36 40
8 37 60
8 38 40
8 39 30
8 40 40
8 41 30
8 42 80
8 43 60
8 44 40
8 45 80
8 46 80
8 47 30
8 48 60
8 49 60
8 50 40
8 51 60
8 52 80
8 53 40
8 54 30
8 55 60
8 56 80
8 57 80
9 0 30
9 1 40
9 2 40
9 3 80
9 4 80
9 5 60
9 6 80
9 7 40
9 8 40
9 10 30
9 11 60
9 12 80
9 13 30
9 14 40
9 15 40
9 16 30
9 17 30
9 18 30
9 19 60
9 20 40
9 21 60
9 22 30
9 23 80
9 24 60
9 25 30
9 26 30
9 27 80
9 28 30
9 29 30
9 30 80
9 31 30
9 32 80
9 33 30
9 34 30
9 35 60
9 36 30
9 37 60
9 38 80
9 39 60
9 40 30
9 41 40
9 42 80
9 43 40
9 44 30
9 45 30
9 46 40
9 47 80
9 48 30
9 49 80
9 50 30
9 51 30
9 52 80
9 53 30
9 54 80
9 55 30
9 56 30
9 57 40
10 0 60
10 1 40
10 2 80
10 3 80
10 4 30
10 5 80
10 6 40
10 7 30
10 8 30
10 9 40
10 11 60
10 12 30
10 13 30
10 14 30
10 15 40
10 16 80
10 17 40
10 18 60
10 19 40
10 20 40
10 21 60
10 22 80
10 23 60
10 24 30
10 25 30
10 26 80
10 27 40
10 28 60
10 29 30
10 30 40
10 31 60
10 32 30
10 33 30
10 34 80
10 35 80
10 36 60
10 37 30
10 38 80
10 39 80
10 40 40
10 41 40
10 42 80
10 43 60
10 44 40
10 45 60
10 46 60
10 47 60
10 48 40
10 49 40
10 50 40
10 51 30
10 52 60
10 53 60
10 54 80
10 55 30
10 56 30
10 57 30
11 0 40
11 1 30
11 2 40
11 3 40
11 4 40
11 5 30
11 6 30
11 7 30
11 8 60
11 9 40
11 10 80
11 12 60
11 13 30
11 14 30
11 15 40
11 16 30
11 17 60
11 18 80
11 19 80
11 20 30
11 21 60
11 22 60
11 23 30
11 24 40
11 25 60
11 26 60
11 27 60
11 28 80
11 29 60
11 30 60
11 31 40
11 32 80
11 33 60
11 34 80
11 35 60
11 36 40
11 37 30
11 38 40
11 39 80
11 40 30
11 41 60
11 42 40
11 43 30
11 44 80
11 45 40
11 46 30
11 47 40
11 48 60
11 49 30
11 50 60
11 51 80
11 52 80
11 53 30
11 54 30
11 55 30
11 56 80
11 57 40
12 0 80
12 1 80
12 2 60
12 3 80
12 4 60
12 5 40
12 6 60
12 7 40
12 8 30
12 9 40
12 10 30
12 11 40
12 13 60
12 14 30
12 15 60
12 16 40
12 17 60
12 18 60
12 19 60
12 20 80
12 21 30
12 22 60
12 23 80
12 24 60
12 25 60
12 26 80
12 27 60
12 28 40
12 29 80
12 30 60
12 31 30
12 32 60
12 33 80
12 34 40
12 35 80
12 36 80
12 37 40
12 38 80
12 39 80
12 40 30
12 41 40
12 42 60
12 43 40
12 44 60
12 45 60
12 46 30
12 47 30
12 48 60
12 49 40
12 50 40
12 51 80
12 52 40
12 53 30
12 54 80
12 55 60
12 56 80
12 57 60
13 0 40
13 1 80
13 2 40
13 3 30
13 4 30
13 5 40
13 6 30
13 7 40
13 8 80
13 9 30
13 10 30
13 11 40
13 12 80
13 14 40
13 15 30
13 16 80
13 17 80
13 18 40
13 19 80
13 20 80
13 21 60
13 22 30
13 23 30
13 24 80
13 25 40
13 26 30
13 27 40
13 28 30
13 29 40
13 30 60
13 31 60
13 32 30
13 33 60
13 34 80
13 35 80
13 36 60
13 37 60
13 38 80
13 39 80
13 40 40
13 41 80
13 42 60
13 43 60
13 44 40
13 45 40
13 46 40
13 47 80
13 48 30
13 49 80
13 50 60
13 51 60
13 52 30
13 53 60
13 54 40
13 55 80
13 56 60
13 57 40
14 0 40
14 1 80
14 2 40
14 3 60
14 4 40
14 5 80
14 6 30
14 7 40
14 8 40
14 9 30
14 10 30
14 11 40
14 12 80
14 13 80
14 15 30
14 16 30
14 17 60
14 18 30
14 19 60
14 20 60
14 21 80
14 22 40
14 23 40
14 24 80
14 25 40
14 26 80
14 27 80
14 28 30
14 29 80
14 30 80
14 31 80
14 32 80
14 33 30
14 34 40
14 35 60
14 36 30
14 37 60
14 38 60
14 39 30
14 40 60
14 41 60
14 42 40
14 43 80
14 44 40
14 45 80
14 46 60
14 47 30
14 48 60
14 49 80
14 50 60
14 51 80
14 52 30
14 53 80
14 54 80
14 55 40
14 56 60
14 57 40
15 0 60
15 1 30
15 2 60
15 3 60
15 4 80
15 5 80
15 6 40
15 7 40
15 8 80
15 9 40
15 10 80
15 11 30
15 12 40
15 13 60
15 14 30
15 16 60
15 17 40
15 18 30
15 19 30
15 20 60
15 21 60
15 22 30
15 23 30
15 24 80
15 25 80
15 26 40
15 27 60
15 28 60
15 29 60
15 30 30
15 31 30
15 32 80
15 33 60
15 34 80
15 35 40
15 36 80
15 37 30
15 38 80
15 39 60
15 40 30
15 41 40
15 42 30
15 43 30
15 44 60
15 45 40
15 46 60
15 47 40
15 48 80
15 49 30
15 50 30
15 51 80
15 52 60
15 53 60
15 54 60
15 55 40
15 56 80
15 57 80
16 0 40
16 1 80
16 2 60
16 3 80
16 4 60
16 5 80
16 6 30
16 7 80
16 8 30
16 9 60
16 10 30
16 11 40
16 12 60
16 13 40
16 14 40
16 15 40
16 17 60
16 18 80
16 19 60
16 20 40
16 21 60
16 22 30
16 23 60
16 24 80
16 25 40
16 26 80
16 27 80
16 28 60
16 29 80
16 30 80
16 31 80
16 32 80
16 33 30
16 34 40
16 35 30
16 36 30
16 37 40
16 38 60
16 39 40
16 40 60
16 41 60
16 42 60
16 43 40
16 44 80
16 45 60
16 46 30
16 47 80
16 48 80
16 49 30
16 50 80
16 51 30
16 52 60
16 53 30
16 54 30
16 55 30
16 56 80
16 57 30
17 0 60
17 1 80
17 2 60
17 3 30
17 4 80
17 5 80
17 6 30
17 7 30
17 8 30
17 9 30
17 10 40
17 11 40
17 12 80
17 13 60
17 14 30
17 15 40
17 16 30
17 18 80
17 19 60
17 20 80
17 21 80
17 22 40
17 23 80
17 24 30
17 25 40
17 26 80
17 27 80
17 28 60
17 29 60
17 30 40
17 31 40
17 32 60
17 33 60
17 34 40
17 35 80
17 36 80
17 37 40
17 38 40
17 39 30
17 40 60
17 41 40
17 42 30
17 43 40
17 44 40
17 45 40
17 46 30
17 47 80
17 48 80
17 49 60
17 50 30
17 51 40
17 52 30
17 53 80
17 54 80
17 55 40
17 56 40
17 57 30
18 0 30
18 1 80
18 2 30
18 3 30
18 4 80
18 5 60
18 6 80
18 7 40
18 8 60
18 9 80
18 10 60
18 11 30
18 12 60
18 13 30
18 14 80
18 15 40
18 16 40
18 17 30
18 19 80
18 20 40
18 21 30
18 22 40
18 23 30
18 24 30
18 25 60
18 26 30
18 27 80
18 28 30
18 29 60
18 30 30
18 31 30
18 32 30
18 33 30
18 34 30
18 35 40
18 36 80
18 37 80
18 38 40
18 39 30
18 40 60
18 41 40
18 42 60
18 43 30
18 44 30
18 45 60
18 46 60
18 47 40
18 48 30
18 49 80
18 50 30
18 51 60
18 52 80
18 53 30
18 54 80
18 55 80
18 56 80
18 57 80
19 0 30
19 1 40
19 2 60
19 3 30
19 4 60
19 5 30
19 6 40
19 7 80
19 8 60
19 9 30
19 10 80
19 11 60
19 12 30
19 13 80
19 14 60
19 15 30
19 16 30
19 17 80
19 18 40
19 20 80
19 21 60
19 22 30
19 23 30
19 24 40
19 25 60
19 26 40
19 27 40
19 28 80
19 29 80
19 30 80
19 31 40
19 32 60
19 33 80
19 34 60
19 35 60
19 36 60
19 37 30
19 38 40
19 39 80
19 40 30
19 41 40
19 42 30
19 43 40
19 44 40
19 45 80
19 46 30
19 47 80
19 48 60
19 49 30
19 50 40
19 51 60
19 52 60
19 53 40
19 54 80
19 55 80
19 56 40
19 57 60
20 0 40
20 1 60
20 2 40
20 3 60
20 4 30
20 5 30
20 6 40
20 7 40
20 8 60
20 9 60
20 10 80
20 11 80
20 12 60
20 13 60
20 14 40
20 15 80
20 16 60
20 17 80
20 18 60
20 19 40
20 21 80
20 22 80
20 23 40
20 24 30
20 25 60
20 26 80
20 27 60
20 28 30
20 29 30
20 30 80
20 31 30
20 32 80
20 33 40
20 34 60
20 35 60
20 36 80
20 37 80
20 38 30
20 39 30
20 40 80
20 41 60
20 42 60
20 43 80
20 44 60
20 45 60
20 46 80
20 47 30
20 48 30
20 49 30
20 50 30
20 51 60
20 52 80
20 53 60
20 54 60
20 55 40
20 56 80
20 57 60
21 0 60
21 1 30
21 2 30
21 3 40
21 4 80
21 5 40
21 6 80
21 7 30
21 8 60
21 9 60
21 10 30
21 11 80
21 12 80
21 13 80
21 14 30
21 15 60
21 16 60
21 17 30
21 18 80
21 19 60
21 20 40
21 22 30
21 23 80
21 24 60
21 25 40
21 26 30
21 27 30
21 28 60
21 29 60
21 30 80
21 31 30
21 32 80
21 33 40
21 34 60
21 35 30
21 36 80
21 37 40
21 38 30
21 39 30
21 40 40
21 41 60
21 42 30
21 43 60
21 44 30
21 45 60
21 46 60
21 47 60
21 48 80
21 49 30
21 50 80
21 51 60
21 52 40
21 53 80
21 54 80
21 55 80
21 56 60
21 57 40
22 0 60
22 1 30
22 2 30
22 3 80
22 4 30
22 5 60
22 6 30
22 7 40
22 8 80
22 9 60
22 10 40
22 11 80
22 12 40
22 13 80
22 14 60
22 15 80
22 16 60
22 17 60
22 18 40
22 19 30
22 20 40
22 21 30
22 23 80
22 24 40
22 25 30
22 26 80
22 27 40
22 28 60
22 29 60
22 30 40
22 31 40
22 32 60
22 33 30
22 34 40
22 35 40
22 36 80
22 37 60
22 38 40
22 39 60
22 40 30
22 41 80
22 42 60
22 43 80
22 44 30
22 45 40
22 46 40
22 47 40
22 48 80
22 49 80
22 50 30
22 51 80
22 52 40
22 53 40
22 54 40
22 55 30
22 56 80
22 57 60
23 0 40
23 1 80
23 2 30
23 3 80
23 4 80
23 5 40
23 6 30
23 7 80
23 8 60
23 9 30
23 10 30
23 11 40
23 12 60
23 13 60
23 14 40
23 15 80
23 16 40
23 17 40
23 18 40
23 19 80
23 20 60
23 21 60
23 22 60
23 24 30
23 25 30
23 26 80
23 27 30
23 28 30
23 29 60
23 30 80
23 31 40
23 32 30
23 33 80
23 34 60
23 35 40
23 36 60
23 37 60
23 38 80
23 39 80
23 40 30
23 41 80
23 42 80
23 43 40
23 44 80
23 45 80
23 46 30
23 47 40
23 48 30
23 49 60
23 50 30
23 51 40
23 52 30
23 53 40
23 54 60
23 55 80
23 56 30
23 57 60
24 0 30
24 1 40
24 2 80
24 3 60
24 4 60
24 5 60
24 6 60
24 7 30
24 8 40
24 9 80
24 10 80
24 11 40
24 12 80
24 13 40
24 14 40
24 15 30
24 16 80
24 17 30
24 18 40
24 19 60
24 20 30
24 21 30
24 22 80
24 23 30
24 25 30
24 26 80
24 27 60
24 28 80
24 29 30
24 30 30
24 31 60
24 32 80
24 33 30
24 34 60
24 35 30
24 36 30
24 37 80
24 38 80
24 39 30
24 40 40
24 41 40
24 42 30
24 43 80
24 44 30
24 45 80
24 46 30
24 47 60
24 48 60
24 49 30
24 50 40
24 51 30
24 52 30
24 53 30
24 54 40
24 55 30
24 56 60
24 57 60
25 0 60
25 1 30
25 2 40
25 3 30
25 4 40
25 5 40
25 6 30
25 7 80
25 8 40
25 9 60
25 10 40
25 11 40
25 12 60
25 13 80
25 14 80
25 15 30
25 16 60
25 17 40
25 18 40
25 19 60
25 20 80
25 21 60
25 22 80
25 23 40
25 24 40
25 26 60
25 27 40
25 28 80
25 29 80
25 30 40
25 31 30
25 32 80
25 33 60
25 34 60
25 35 30
25 36 30
25 37 60
25 38 80
25 39 80
25 40 40
25 41 80
25 42 60
25 43 30
25 44 30
25 45 80
25 46 80
25 47 60
25 48 30
25 49 30
25 50 30
25 51 40
25 52 60
25 53 80
25 54 80
25 55 80
25 56 30
25 57 80
26 0 40
26 1 30
26 2 60
26 3 40
26 4 80
26 5 80
26 6 40
26 7 60
26 8 40
26 9 80
26 10 80
26 11 30
26 12 30
26 13 80
26 14 80
26 15 60
26 16 80
26 17 30
26 18 40
26 19 40
26 20 60
26 21 60
26 22 40
26 23 60
26 24 60
26 25 80
26 27 30
26 28 40
26 29 40
26 30 60
26 31 30
26 32 60
26 33 30
26 34 60
26 35 60
26 36 40
26 37 30
26 38 60
26 39 40
26 40 80
26 41 30
26 42 30
26 43 60
26 44 60
26 45 40
26 46 40
26 47 60
26 48 30
26 49 30
26 50 60
26 51 30
26 52 80
26 53 40
26 54 30
26 55 40
26 56 60
26 57 60
27 0 40
27 1 60
27 2 40
27 3 30
27 4 80
27 5 60
27 6 60
27 7 40
27 8 80
27 9 80
27 10 60
27 11 30
27 12 30
27 13 40
27 14 40
27 15 80
27 16 80
27 17 40
27 18 30
27 19 60
27 20 40
27 21 30
27 22 40
27 23 30
27 24 60
27 25 30
27 26 40
27 28 80
27 29 80
27 30 60
27 31 30
27 32 60
27 33 80
27 34 60
27 35 30
27 36 30
27 37 40
27 38 40
27 39 30
27 40 60
27 41 40
27 42 60
27 43 60
27 44 40
27 45 40
27 46 80
27 47 80
27 48 30
27 49 60
27 50 80
27 51 30
27 52 60
27 53 40
27 54 30
27 55 80
27 56 80
27 57 60
28 0 40
28 1 30
28 2 30
28 3 30
28 4 30
28 5 80
28 6 40
28 7 60
28 8 30
28 9 40
28 10 30
28 11 80
28 12 80
28 13 60
28 14 40
28 15 60
28 16 30
28 17 80
28 18 30
28 19 60
28 20 40
28 21 80
28 22 30
28 23 80
28 24 30
28 25 80
28 26 80
28 27 30
28 29 60
28 30 40
28 31 30
28 32 40
28 33 40
28 34 30
28 35 40
28 36 60
28 37 60
28 38 40
28 39 40
28 40 40
28 41 40
28 42 30
28 43 30
28 44 40
28 45 80
28 46 30
28 47 30
28 48 30
28 49 60
28 50 60
28 51 80
28 52 40
28 53 80
28 54 30
28 55 30
28 56 80
28 57 80
29 0 80
29 1 30
29 2 40
29 3 30
29 4 30
29 5 60
29 6 80
29 7 80
29 8 30
29 9 40
29 10 60
29 11 60
29 12 30
29 13 60
29 14 30
29 15 40
29 16 40
29 17 80
29 18 40
29 19 60
29 20 60
29 21 40
29 22 30
29 23 40
29 24 30
29 25 80
29 26 30
29 27 40
29 28 30
29 30 80
29 31 40
29 32 80
29 33 40
29 34 60
29 35 80
29 36 80
29 37 80
29 38 60
29 39 60
29 40 60
29 41 80
29 42 80
29 43 60
29 44 40
29 45 80
29 46 40
29 47 40
29 48 40
29 49 30
29 50 30
29 51 30
29 52 40
29 53 60
29 54 30
29 55 40
29 56 60
29 57 80
30 0 60
30 1 30
30 2 80
30 3 40
30 4 80
30 5 30
30 6 80
30 7 60
30 8 80
30 9 80
30 10 30
30 11 60
30 12 60
30 13 30
30 14 30
30 15 60
30 16 80
30 17 80
30 18 40
30 19 60
30 20 30
30 21 80
30 22 60
30 23 40
30 24 80
30 25 60
30 26 80
30 27 60
30 28 60
30 29 40
30 31 60
30 32 40
30 33 60
30 34 60
30 35 30
30 36 40
30 37 80
30 38 80
30 39 80
30 40 80
30 41 80
30 42 80
30 43 30
30 44 60
30 45 60
30 46 40
30 47 40
30 48 40
30 49 80
30 50 60
30 51 60
30 52 30
30 53 60
30 54 60
30 55 30
30 56 40
30 57 60
31 0 60
31 1 40
31 2 30
31 3 40
31 4 60
31 5 30
31 6 40
31 7 30
31 8 30
31 9 60
31 10 80
31 11 60
31 12 60
31 13 60
31 14 40
31 15 30
31 16 30
31 17 40
31 18 30
31 19 60
31 20 40
31 21 80
31 22 40
31 23 30
31 24 30
31 25 80
31 26 30
31 27 40
31 28 30
31 29 40
31 30 80
31 32 40
31 33 40
31 34 80
31 35 40
31 36 80
31 37 60
31 38 30
31 39 80
31 40 60
31 41 30
31 42 40
31 43 40
31 44 60
31 45 40
31 46 80
31 47 60
31 48 30
31 49 30
31 50 80
31 51 40
31 52 40
31 53 60
31 54 40
31 55 40
31 56 40
31 57 30
32 0 80
32 1 30
32 2 40
32 3 80
32 4 40
32 5 60
32 6 80
32 7 80
32 8 40
32 9 60
32 10 30
32 11 40
32 12 60
32 13 60
32 14 80
32 15 60
32 16 40
32 17 30
32 18 60
32 19 40
32 20 40
32 21 30
32 22 30
32 23 60
32 24 60
32 25 30
32 26 60
32 27 60
32 28 80
32 29 60
32 30 40
32 31 40
32 33 40
32 34 60
32 35 60
32 36 40
32 37 30
32 38 40
32 39 60
32 40 40
32 41 60
32 42 40
32 43 40
32 44 40
32 45 80
32 46 80
32 47 60
32 48 40
32 49 40
32 50 40
32 51 60
32 52 40
32 53 30
32 54 40
32 55 30
32 56 60
32 57 40
33 0 80
33 1 80
33 2 60
33 3 30
33 4 80
33 5 40
33 6 60
33 7 60
33 8 40
33 9 60
33 10 30
33 11 60
33 12 60
33 13 40
33 14 30
33 15 40
33 16 80
33 17 30
33 18 30
33 19 40
33 20 30
33 21 30
33 22 30
33 23 60
33 24 80
33 25 80
33 26 30
33 27 60
33 28 80
33 29 60
33 30 40
33 31 30
33 32 80
33 34 40
33 35 60
33 36 60
33 37 80
33 38 80
33 39 40
33 40 40
33 41 60
33 42 40
33 43 30
33 44 30
33 45 60
33 46 60
33 47 30
33 48 80
33 49 60
33 50 80
33 51 60
33 52 60
33 53 80
33 54 80
33 55 30
33 56 60
33 57 60
34 0 80
34 1 60
34 2 60
34 3 80
34 4 60
34 5 60
34 6 40
34 7 40
34 8 30
34 9 80
34 10 30
34 11 30
34 12 30
34 13 40
34 14 30
34 15 60
34 16 40
34 17 30
34 18 60
34 19 30
34 20 80
34 21 60
34 22 60
34 23 60
34 24 60
34 25 30
34 26 30
34 27 40
34 28 60
34 29 60
34 30 40
34 31 30
34 32 60
34 33 80
34 35 60
34 36 80
34 37 60
34 38 30
34 39 40
34 40 80
34 41 60
34 42 60
34 43 30
34 44 40
34 45 30
34 46 60
34 47 30
34 48 80
34 49 30
34 50 40
34 51 30
34 52 60
34 53 30
34 54 40
34 55 60
34 56 80
34 57 60
35 0 80
35 1 80
35 2 40
35 3 30
35 4 80
35 5 80
35 6 60
35 7 30
35 8 80
35 9 40
35 10 30
35 11 60
35 12 80
35 13 40
35 14 60
35 15 80
35 16 80
35 17 30
35 18 40
35 19 30
35 20 60
35 21 40
35 22 40
35 23 80
35 24 80
35 25 60
35 26 30
35 27 40
35 28 80
35 29 80
35 30 30
35 31 40
35 32 30
35 33 80
35 34 80
35 36 30
35 37 40
35 38 60
35 39 80
35 40 30
35 41 80
35 42 80
35 43 40
35 44 80
35 45 60
35 46 40
35 47 80
35 48 40
35 49 60
35 50 80
35 51 60
35 52 80
35 53 30
35 54 30
35 55 80
35 56 80
35 57 40
36 0 60
36 1 80
36 2 30
36 3 30
36 4 40
36 5 80
36 6 40
36 7 40
36 8 30
36 9 80
36 10 30
36 11 30
36 12 40
36 13 80
36 14 60
36 15 30
36 16 60
36 17 80
36 18 40
36 19 60
36 20 30
36 21 60
36 22 80
36 23 30
36 24 80
36 25 60
36 26 40
36 27 60
36 28 40
36 29 80
36 30 40
36 31 80
36 32 30
36 33 80
36 34 80
36 35 40
36 37 60
36 38 40
36 39 30
36 40 30
36 41 80
36 42 60
36 43 30
36 44 30
36 45 80
36 46 40
36 47 60
36 48 80
36 49 60
36 50 30
36 51 30
36 52 40
36 53 80
36 54 80
36 55 40
36 56 30
36 57 60
37 0 60
37 1 30
37 2 30
37 3 40
37 4 80
37 5 30
37 6 60
37 7 60
37 8 30
37 9 60
37 10 40
37 11 80
37 12 60
37 13 80
37 14 80
37 15 60
37 16 60
37 17 30
37 18 80
37 19 80
37 20 80
37 21 30
37 22 80
37 23 30
37 24 80
37 25 40
37 26 60
37 27 30
37 28 80
37 29 40
37 30 80
37 31 60
37 32 60
37 33 60
37 34 60
37 35 40
37 36 30
37 38 30
37 39 60
37 40 80
37 41 60
37 42 60
37 43 40
37 44 60
37 45 30
37 46 60
37 47 40
37 48 60
37 49 40
37 50 30
37 51 80
37 52 60
37 53 60
37 54 80
37 55 60
37 56 60
37 57 60
38 0 40
38 1 30
38 2 30
38 3 30
38 4 40
38 5 60
38 6 80
38 7 80
38 8 60
38 9 60
38 10 60
38 11 30
38 12 30
38 13 60
38 14 30
38 15 80
38 16 30
38 17 40
38 18 80
38 19 60
38 20 30
38 21 80
38 22 80
38 23 40
38 24 30
38 25 30
38 26 40
38 27 40
38 28 30
38 29 30
38 30 80
38 31 60
38 32 30
38 33 40
38 34 80
38 35 30
38 36 30
38 37 30
38 39 80
38 40 80
38 41 80
38 42 80
38 43 80
38 44 60
38 45 30
38 46 30
38 47 60
38 48 60
38 49 80
38 50 60
38 51 30
38 52 60
38 53 30
38 54 30
38 55 40
38 56 60
38 57 60
39 0 80
39 1 80
39 2 80
39 3 30
39 4 80
39 5 60
39 6 80
39 7 80
39 8 80
39 9 60
39 10 30
39 11 60
39 12 80
39 13 40
39 14 60
39 15 60
39 16 40
39 17 40
39 18 30
39 19 40
39 20 40
39 21 80
39 22 40
39 23 30
39 24 60
39 25 30
39 26 40
39 27 30
39 28 30
39 29 60
39 30 80
39 31 60
39 32 60
39 33 40
39 34 40
39 35 80
39 36 80
39 37 40
39 38 40
39 40 60
39 41 60
39 42 40
39 43 80
39 44 60
39 45 80
39 46 30
39 47 80
39 48 60
39 49 40
39 50 30
39 51 30
39 52 40
39 53 30
39 54 30
39 55 30
39 56 60
39 57 80
40 0 30
40 1 60
40 2 30
40 3 30
40 4 30
40 5 80
40 6 80
40 7 80
40 8 30
40 9 40
40 10 60
40 11 60
40 12 80
40 13 60
40 14 60
40 15 60
40 16 80
40 17 80
40 18 30
40 19 30
40 20 80
40 21 60
40 22 80
40 23 60
40 24 30
40 25 80
40 26 80
40 27 40
40 28 30
40 29 40
40 30 60
40 31 60
40 32 40
40 33 60
40 34 40
40 35 80
40 36 30
40 37 40
40 38 80
40 39 80
40 41 30
40 42 60
40 43 80
40 44 40
40 45 80
40 46 40
40 47 30
40 48 30
40 49 80
40 50 30
40 51 30
40 52 80
40 53 30
40 54 30
40 55 30
40 56 40
40 57 80
41 0 40
41 1 40
41 2 80
41 3 40
41 4 80
41 5 60
41 6 60
41 7 60
41 8 30
41 9 40
41 10 40
41 11 80
41 12 30
41 13 60
41 14 60
41 15 30
41 16 40
41 17 40
41 18 30
41 19 30
41 20 30
41 21 30
41 22 40
41 23 80
41 24 80
41 25 80
41 26 30
41 27 80
41 28 40
41 29 40
41 30 80
41 31 80
41 32 30
41 33 60
41 34 40
41 35 40
41 36 40
41 37 30
41 38 60
41 39 60
41 40 80
41 42 30
41 43 40
41 44 60
41 45 80
41 46 60
41 47 60
41 48 80
41 49 80
41 50 80
41 51 40
41 52 60
41 53 60
41 54 40
41 55 30
41 56 60
41 57 80
42 0 80
42 1 40
42 2 40
42 3 30
42 4 60
42 5 30
42 6 40
42 7 60
42 8 80
42 9 80
42 10 40
42 11 60
42 12 40
42 13 30
42 14 30
42 15 40
42 16 80
42 17 30
42 18 60
42 19 60
42 20 60
42 21 80
42 22 80
42 23 80
42 24 60
42 25 40
42 26 40
42 27 60
42 28 60
42 29 80
42 30 40
42 31 30
42 32 80
42 33 60
42 34 40
42 35 30
42 36 30
42 37 30
42 38 30
42 39 40
42 40 60
42 41 80
42 43 40
42 44 30
42 45 80
42 46 80
42 47 30
42 48 80
42 49 80
42 50 60
42 51 80
42 52 80
42 53 80
42 54 60
42 55 40
42 56 80
42 57 40
43 0 40
43 1 40
43 2 80
43 3 40
43 4 60
43 5 40
43 6 30
43 7 60
43 8 40
43 9 60
43 10 30
43 11 60
43 12 40
43 13 40
43 14 60
43 15 40
43 16 80
43 17 80
43 18 60
43 19 40
43 20 80
43 21 30
43 22 40
43 23 60
43 24 60
43 25 60
43 26 80
43 27 40
43 28 40
43 29 60
43 30 60
43 31 80
43 32 80
43 33 40
43 34 40
43 35 30
43 36 60
43 37 40
43 38 40
43 39 40
43 40 80
43 41 60
43 42 80
43 44 60
43 45 60
43 46 40
43 47 60
43 48 80
43 49 40
43 50 80
43 51 60
43 52 60
43 53 30
43 54 30
43 55 30
43 56 30
43 57 80
44 0 30
44 1 30
44 2 60
44 3 80
44 4 30
44 5 30
44 6 60
44 7 80
44 8 40
44 9 80
44 10 60
44 11 80
44 12 30
44 13 80
44 14 80
44 15 60
44 16 30
44 17 40
44 18 40
44 19 60
44 20 60
44 21 40
44 22 30
44 23 80
44 24 80
44 25 80
44 26 30
44 27 60
44 28 40
44 29 30
44 30 40
44 31 40
44 32 80
44 33 60
44 34 30
44 35 30
44 36 40
44 37 80
44 38 40
44 39 40
44 40 60
44 41 80
44 42 60
44 43 60
44 45 30
44 46 30
44 47 60
44 48 60
44 49 40
44 50 30
44 51 40
44 52 30
44 53 60
44 54 60
44 55 80
44 56 40
44 57 60
45 0 60
45 1 30
45 2 80
45 3 60
45 4 60
45 5 80
45 6 80
45 7 60
45 8 80
45 9 60
45 10 30
45 11 60
45 12 60
45 13 40
45 14 60
45 15 30
45 16 60
45 17 60
45 18 60
45 19 40
45 20 60
45 21 80
45 22 80
45 23 60
45 24 40
45 25 40
45 26 30
45 27 30
45 28 40
45 29 40
45 30 80
45 31 80
45 32 80
45 33 80
45 34 60
45 35 40
45 36 30
45 37 30
45 38 30
45 39 60
45 40 40
45 41 30
45 42 40
45 43 40
45 44 40
45 46 80
45 47 30
45 48 60
45 49 80
45 50 40
45 51 60
45 52 30
45 53 30
45 54 30
45 55 40
45 56 40
45 57 40
46 0 40
46 1 40
46 2 30
46 3 40
46 4 30
46 5 30
46 6 40
46 7 30
46 8 80
46 9 60
46 10 40
46 11 30
46 12 40
46 13 60
46 14 40
46 15 60
46 16 40
46 17 80
46 18 30
46 19 30
46 20 80
46 21 80
46 22 80
46 23 60
46 24 80
46 25 60
46 26 30
46 27 60
46 28 80
46 29 30
46 30 60
46 31 80
46 32 30
46 33 80
46 34 80
46 35 40
46 36 30
46 37 60
46 38 80
46 39 30
46 40 80
46 41 60
46 42 40
46 43 60
46 44 80
46 45 30
46 47 40
46 48 60
46 49 40
46 50 30
46 51 60
46 52 30
46 53 40
46 54 40
46 55 40
46 56 30
46 57 80
47 0 80
47 1 30
47 2 40
47 3 60
47 4 80
47 5 40
47 6 80
47 7 80
47 8 30
47 9 30
47 10 30
47 11 30
47 12 40
47 13 60
47 14 30
47 15 80
47 16 60
47 17 60
47 18 80
47 19 30
47 20 30
47 21 30
47 22 60
47 23 60
47 24 40
47 25 80
47 26 80
47 27 80
47 28 60
47 29 60
47 30 60
47 31 80
47 32 30
47 33 40
47 34 60
47 35 40
47 36 30
47 37 80
47 38 40
47 39 80
47 40 60
47 41 60
47 42 60
47 43 40
47 44 80
47 45 30
47 46 30
47 48 40
47 49 60
47 50 80
47 51 40
47 52 80
47 53 40
47 54 80
47 55 30
47 56 40
47 57 40
48 0 30
48 1 80
48 2 30
48 3 40
48 4 60
48 5 40
48 6 30
48 7 30
48 8 60
48 9 80
48 10 80
48 11 60
48 12 60
48 13 30
48 14 80
48 15 30
48 16 40
48 17 80
48 18 30
48 19 30
48 20 40
48 21 80
48 22 40
48 23 60
48 24 30
48 25 60
48 26 80
48 27 80
48 28 40
48 29 60
48 30 30
48 31 60
48 32 40
48 33 80
48 34 40
48 35 80
48 36 30
48 37 30
48 38 30
48 39 80
48 40 30
48 41 80
48 42 40
48 43 60
48 44 80
48 45 80
48 46 40
48 47 30
48 49 30
48 50 40
48 51 80
48 52 30
48 53 80
48 54 80
48 55 30
48 56 40
48 57 80
49 0 60
49 1 80
49 2 40
49 3 60
49 4 60
49 5 40
49 6 80
49 7 60
49 8 80
49 9 60
49 10 80
49 11 30
49 12 80
49 13 60
49 14 80
49 15 80
49 16 30
49 17 40
49 18 60
49 19 60
49 20 40
49 21 80
49 22 60
49 23 80
49 24 30
49 25 40
49 26 30
49 27 30
49 28 80
49 29 30
49 30 40
49 31 30
49 32 30
49 33 40
49 34 40
49 35 40
49 36 30
49 37 80
49 38 30
49 39 40
49 40 40
49 41 80
49 42 60
49 43 30
49 44 80
49 45 60
49 46 30
49 47 60
49 48 60
49 50 60
49 51 30
49 52 80
49 53 60
49 54 30
49 55 40
49 56 30
49 57 40
50 0 60
50 1 30
50 2 30
50 3 60
50 4 60
50 5 60
50 6 40
50 7 30
50 8 30
50 9 60
50 10 30
50 11 40
50 12 40
50 13 80
50 14 40
50 15 30
50 16 60
50 17 60
50 18 80
50 19 60
50 20 30
50 21 30
50 22 30
50 23 80
50 24 60
50 25 80
50 26 40
50 27 60
50 28 80
50 29 30
50 30 30
50 31 60
50 32 80
50 33 80
50 34 60
50 35 40
50 36 60
50 37 60
50 38 80
50 39 80
50 40 30
50 41 40
50 42 60
50 43 30
50 44 30
50 45 40
50 46 30
50 47 30
50 48 60
50 49 40
50 51 40
50 52 60
50 53 60
50 54 30
50 55 60
50 56 40
50 57 30
51 0 80
51 1 80
51 2 60
51 3 60
51 4 30
51 5 40
51 6 40
51 7 40
51 8 60
51 9 30
51 10 30
51 11 60
51 12 80
51 13 80
51 14 40
51 15 40
51 16 40
51 17 30
51 18 80
51 19 60
51 20 60
51 21 60
51 22 30
51 23 80
51 24 40
51 25 30
51 26 30
51 27 30
51 28 30
51 29 80
51 30 40
51 31 60
51 32 80
51 33 40
51 34 40
51 35 80
51 36 40
51 37 60
51 38 80
51 39 40
51 40 40
51 41 30
51 42 80
51 43 80
51 44 60
51 45 40
51 46 80
51 47 60
51 48 60
51 49 80
51 50 80
51 52 60
51 53 80
51 54 60
51 55 30
51 56 80
51 57 40
52 0 40
52 1 60
52 2 80
52 3 30
52 4 60
52 5 60
52 6 40
52 7 60
52 8 40
52 9 80
52 10 60
52 11 60
52 12 30
52 13 80
52 14 80
52 15 30
52 16 30
52 17 40
52 18 30
52 19 40
52 20 60
52 21 60
52 22 80
52 23 40
52 24 60
52 25 30
52 26 60
52 27 80
52 28 30
52 29 40
52 30 40
52 31 30
52 32 30
52 33 60
52 34 60
52 35 30
52 36 80
52 37 30
52 38 60
52 39 60
52 40 30
52 41 80
52 42 80
52 43 60
52 44 60
52 45 80
52 46 80
52 47 60
52 48 80
52 49 60
52 50 40
52 51 80
52 53 30
52 54 30
52 55 40
52 56 80
52 57 30
53 0 60
53 1 30
53 2 80
53 3 60
53 4 60
53 5 30
53 6 30
53 7 30
53 8 60
53 9 80
53 10 30
53 11 40
53 12 40
53 13 60
53 14 80
53 15 30
53 16 60
53 17 80
53 18 40
53 19 80
53 20 30
53 21 60
53 22 80
53 23 40
53 24 40
53 25 80
53 26 80
53 27 40
53 28 40
53 29 40
53 30 60
53 31 80
53 32 80
53 33 60
53 34 80
53 35 80
53 36 30
53 37 30
53 38 30
53 39 30
53 40 40
53 41 40
53 42 30
53 43 40
53 44 80
53 45 60
53 46 80
53 47 60
53 48 30
53 49 30
53 50 60
53 51 30
53 52 40
53 54 60
53 55 60
53 56 40
53 57 60
54 0 80
54 1 80
54 2 80
54 3 60
54 4 30
54 5 60
54 6 40
54 7 60
54 8 80
54 9 60
54 10 30
54 11 80
54 12 60
54 13 30
54 14 60
54 15 40
54 16 30
54 17 30
54 18 60
54 19 40
54 20 30
54 21 80
54 22 30
54 23 40
54 24 60
54 25 40
54 26 60
54 27 60
54 28 40
54 29 30
54 30 60
54 31 30
54 32 40
54 33 60
54 34 30
54 35 30
54 36 60
54 37 40
54 38 80
54 39 40
54 40 80
54 41 80
54 42 60
54 43 60
54 44 80
54 45 60
54 46 40
54 47 80
54 48 30
54 49 60
54 50 60
54 51 30
54 52 30
54 53 60
54 55 60
54 56 60
54 57 40
55 0 80
55 1 30
55 2 80
55 3 60
55 4 60
55 5 60
55 6 30
55 7 60
55 8 40
55 9 80
55 10 40
55 11 30
55 12 30
55 13 30
55 14 40
55 15 60
55 16 40
55 17 30
55 18 40
55 19 80
55 20 30
55 21 60
55 22 80
55 23 80
55 24 40
55 25 80
55 26 80
55 27 60
55 28 40
55 29 30
55 30 60
55 31 30
55 32 40
55 33 60
55 34 80
55 35 40
55 36 30
55 37 40
55 38 30
55 39 30
55 40 80
55 41 30
55 42 30
55 43 40
55 44 60
55 45 60
55 46 30
55 47 40
55 48 80
55 49 80
55 50 80
55 51 30
55 52 30
55 53 40
55 54 40
55 56 80
55 57 60
56 0 40
56 1 30
56 2 80
56 3 60
56 4 30
56 5 30
56 6 60
56 7 80
56 8 60
56 9 80
56 10 40
56 11 30
56 12 80
56 13 80
56 14 60
56 15 80
56 16 30
56 17 40
56 18 40
56 19 60
56 20 40
56 21 40
56 22 40
56 23 80
56 24 40
56 25 30
56 26 60
56 27 60
56 28 40
56 29 40
56 30 30
56 31 30
56 32 30
56 33 80
56 34 30
56 35 80
56 36 30
56 37 40
56 38 40
56 39 60
56 40 80
56 41 60
56 42 40
56 43 60
56 44 60
56 45 30
56 46 80
56 47 60
56 48 60
56 49 60
56 50 80
56 51 40
56 52 80
56 53 80
56 54 40
56 55 30
56 57 80
57 0 60
57 1 40
57 2 30
57 3 40
57 4 40
57 5 80
57 6 80
57 7 60
57 8 40
57 9 40
57 10 30
57 11 40
57 12 30
57 13 40
57 14 80
57 15 80
57 16 30
57 17 40
57 18 60
57 19 30
57 20 80
57 21 40
57 22 40
57 23 30
57 24 80
57 25 60
57 26 40
57 27 80
57 28 80
57 29 30
57 30 40
57 31 40
57 32 30
57 33 60
57 34 40
57 35 60
57 36 30
57 37 30
57 38 40
57 39 60
57 40 60
57 41 60
57 42 80
57 43 30
57 44 30
57 45 40
57 46 30
57 47 40
57 48 30
57 49 80
57 50 30
57 51 30
57 52 80
57 53 30
57 54 80
57 55 40
57 56 40
