NAME C75R2-2
SOURCE Zhang et al. (2018) methodology — reproducible synthetic benchmark
N_CUSTOMERS 75
N_STATIONS 2
VARIANT 2
GRID_MILES 200.0
VEHICLE_CAPACITY 3.0
BATTERY_KWH 110.0
CURB_WEIGHT_KG 2000.0
ALPHA_ARC 0.0981
BETA_VEH 2.11
EFF_D 1.11
EFF_M 1.25
SPEED_SEED 25988150
CUSTOMER_SEED 84775
STATION_SEED 94633

NODES
0 160934.400000 160934.400000 0.000000 depot_start
1 4166.777309 112446.408097 0.065939 customer
2 160201.125722 220015.030210 0.099294 customer
3 113715.269829 259656.071873 0.057959 customer
4 181723.897430 177879.048946 0.101338 customer
5 304607.858454 162739.845983 0.149470 customer
6 313225.365828 247373.594695 0.119500 customer
7 140490.223852 169117.603149 0.069407 customer
8 40525.271997 104997.463967 0.123212 customer
9 239561.275752 194483.897893 0.117872 customer
10 305107.895036 261627.707619 0.143360 customer
11 265040.477963 288573.247680 0.059169 customer
12 52232.902779 10012.648536 0.117693 customer
13 278653.859910 12179.929637 0.103971 customer
14 262305.078952 253253.010725 0.062847 customer
15 80090.331992 259688.908345 0.081407 customer
16 182729.127829 80069.871255 0.071073 customer
17 181256.967090 156868.427264 0.086575 customer
18 276085.673283 93348.218797 0.120788 customer
19 186182.031700 279947.123149 0.135162 customer
20 225275.912606 274204.852617 0.067994 customer
21 206822.700208 202514.580516 0.057529 customer
22 167279.666733 214454.329315 0.127533 customer
23 9346.178280 252262.115648 0.076428 customer
24 30783.875806 127664.383336 0.110586 customer
25 168683.591165 317060.868864 0.138301 customer
26 230940.200190 130615.945218 0.081651 customer
27 145659.918941 148877.545368 0.060138 customer
28 312979.259584 264079.636684 0.120565 customer
29 207948.122834 262321.120370 0.050855 customer
30 79748.776776 218516.683899 0.138973 customer
31 218002.612138 129679.613759 0.131294 customer
32 232642.591491 276024.814661 0.074728 customer
33 198826.219632 8982.201744 0.148221 customer
34 141007.047235 72157.331957 0.107147 customer
35 216302.900600 290644.114474 0.149527 customer
36 8187.407633 209388.625368 0.051916 customer
37 76592.837097 103798.790854 0.132574 customer
38 168502.933207 2609.713305 0.113783 customer
39 123778.380196 139117.001630 0.055457 customer
40 174949.141486 61845.118731 0.117836 customer
41 233639.441824 208164.234116 0.111161 customer
42 126579.122027 121882.375273 0.079315 customer
43 161449.279976 61550.869904 0.088292 customer
44 59365.485103 171423.633432 0.074188 customer
45 117721.540752 99214.301000 0.122642 customer
46 212843.819990 266218.671297 0.080241 customer
47 218007.439805 20860.487837 0.090464 customer
48 220694.311264 49107.635674 0.095756 customer
49 286457.207734 159112.831645 0.059892 customer
50 209392.417290 310882.218450 0.135349 customer
51 131991.251670 270860.202387 0.129195 customer
52 63152.447464 171939.682565 0.111942 customer
53 251673.417013 167944.181369 0.108772 customer
54 128271.872108 41267.218659 0.090678 customer
55 64407.459876 55492.786748 0.073723 customer
56 257421.518692 210963.859932 0.067221 customer
57 255929.257493 274009.616117 0.143267 customer
58 203764.607943 30677.243336 0.099962 customer
59 195456.321755 21327.121930 0.100448 customer
60 231152.798084 161464.545312 0.109604 customer
61 20389.217437 84188.955809 0.140641 customer
62 120963.286764 216155.250590 0.097996 customer
63 96330.937482 159636.037521 0.094353 customer
64 21083.148414 306551.917878 0.082487 customer
65 98250.036218 100057.574783 0.078551 customer
66 1057.211672 150382.876802 0.097043 customer
67 109179.329280 293966.386576 0.125660 customer
68 218346.277083 60843.119035 0.138139 customer
69 20559.541351 1462.260606 0.143168 customer
70 239266.405891 286734.679977 0.143060 customer
71 117213.633846 187018.188653 0.064346 customer
72 109922.647897 182247.497104 0.095573 customer
73 140292.353652 186466.549766 0.123795 customer
74 103406.421827 20741.635206 0.093087 customer
75 84025.391324 245379.896484 0.131752 customer
76 83940.054834 241175.722042 0.000000 station
77 262580.068170 281746.977581 0.000000 station
78 160934.400000 160934.400000 0.000000 depot_end

SPEEDS
0 1 60
0 2 30
0 3 60
0 4 40
0 5 60
0 6 30
0 7 40
0 8 60
0 9 80
0 10 40
0 11 60
0 12 60
0 13 80
0 14 60
0 15 40
0 16 40
0 17 60
0 18 80
0 19 80
0 20 80
0 21 60
0 22 60
0 23 80
0 24 40
0 25 80
0 26 40
0 27 30
0 28 40
0 29 30
0 30 80
0 31 40
0 32 30
0 33 80
0 34 80
0 35 60
0 36 60
0 37 80
0 38 40
0 39 40
0 40 30
0 41 30
0 42 40
0 43 30
0 44 60
0 45 40
0 46 40
0 47 60
0 48 60
0 49 40
0 50 30
0 51 40
0 52 60
0 53 40
0 54 80
0 55 60
0 56 40
0 57 80
0 58 30
0 59 60
0 60 30
0 61 40
0 62 80
0 63 80
0 64 30
0 65 60
0 66 80
0 67 40
0 68 60
0 69 60
0 70 80
0 71 40
0 72 80
0 73 40
0 74 80
0 75 80
0 76 60
0 77 80
0 78 40
1 0 60
1 2 30
1 3 30
1 4 40
1 5 30
1 6 60
1 7 40
1 8 80
1 9 30
1 10 40
1 11 40
1 12 60
1 13 30
1 14 40
1 15 40
1 16 80
1 17 40
1 18 40
1 19 40
1 20 60
1 21 60
1 22 60
1 23 80
1 24 80
1 25 60
1 26 30
1 27 30
1 28 80
1 29 80
1 30 30
1 31 40
1 32 80
1 33 40
1 34 40
1 35 60
1 36 40
1 37 30
1 38 40
1 39 80
1 40 40
1 41 40
1 42 80
1 43 40
1 44 30
1 45 40
1 46 40
1 47 60
1 48 40
1 49 30
1 50 80
1 51 30
1 52 80
1 53 30
1 54 60
1 55 30
1 56 80
1 57 30
1 58 40
1 59 80
1 60 80
1 61 30
1 62 40
1 63 30
1 64 60
1 65 30
1 66 40
1 67 30
1 68 40
1 69 80
1 70 80
1 71 80
1 72 80
1 73 80
1 74 60
1 75 80
1 76 40
1 77 30
1 78 30
2 0 30
2 1 30
2 3 40
2 4 40
2 5 60
2 6 30
2 7 60
2 8 40
2 9 60
2 10 40
2 11 30
2 12 30
2 13 40
2 14 40
2 15 30
2 16 80
2 17 80
2 18 40
2 19 80
2 20 60
2 21 60
2 22 40
2 23 40
2 24 40
2 25 30
2 26 60
2 27 60
2 28 30
2 29 80
2 30 60
2 31 30
2 32 40
2 33 30
2 34 30
2 35 40
2 36 30
2 37 60
2 38 30
2 39 80
2 40 30
2 41 80
2 42 30
2 43 40
2 44 60
2 45 30
2 46 40
2 47 80
2 48 30
2 49 60
2 50 60
2 51 40
2 52 80
2 53 80
2 54 60
2 55 40
2 56 30
2 57 80
2 58 60
2 59 40
2 60 80
2 61 60
2 62 80
2 63 30
2 64 80
2 65 60
2 66 60
2 67 40
2 68 60
2 69 30
2 70 30
2 71 40
2 72 40
2 73 40
2 74 80
2 75 40
2 76 60
2 77 80
2 78 40
3 0 40
3 1 30
3 2 40
3 4 40
3 5 60
3 6 40
3 7 30
3 8 80
3 9 40
3 10 40
3 11 60
3 12 60
3 13 30
3 14 80
3 15 30
3 16 60
3 17 60
3 18 60
3 19 80
3 20 80
3 21 60
3 22 60
3 23 30
3 24 30
3 25 80
3 26 80
3 27 30
3 28 40
3 29 60
3 30 80
3 31 60
3 32 40
3 33 30
3 34 30
3 35 60
3 36 80
3 37 80
3 38 80
3 39 40
3 40 60
3 41 40
3 42 80
3 43 40
3 44 80
3 45 30
3 46 40
3 47 40
3 48 80
3 49 40
3 50 40
3 51 60
3 52 40
3 53 80
3 54 40
3 55 80
3 56 60
3 57 80
3 58 30
3 59 40
3 60 80
3 61 40
3 62 80
3 63 60
3 64 30
3 65 60
3 66 40
3 67 80
3 68 30
3 69 40
3 70 60
3 71 80
3 72 60
3 73 80
3 74 30
3 75 80
3 76 80
3 77 60
3 78 60
4 0 60
4 1 80
4 2 60
4 3 60
4 5 40
4 6 80
4 7 30
4 8 60
4 9 40
4 10 60
4 11 80
4 12 40
4 13 40
4 14 80
4 15 80
4 16 40
4 17 80
4 18 40
4 19 30
4 20 30
4 21 60
4 22 60
4 23 60
4 24 80
4 25 40
4 26 80
4 27 30
4 28 30
4 29 40
4 30 30
4 31 40
4 32 60
4 33 30
4 34 60
4 35 60
4 36 30
4 37 30
4 38 30
4 39 60
4 40 40
4 41 60
4 42 80
4 43 40
4 44 40
4 45 40
4 46 80
4 47 40
4 48 60
4 49 40
4 50 40
4 51 30
4 52 80
4 53 60
4 54 40
4 55 40
4 56 40
4 57 40
4 58 80
4 59 80
4 60 80
4 61 80
4 62 30
4 63 30
4 64 40
4 65 80
4 66 40
4 67 60
4 68 30
4 69 40
4 70 60
4 71 30
4 72 60
4 73 80
4 74 30
4 75 40
4 76 60
4 77 30
4 78 40
5 0 30
5 1 40
5 2 60
5 3 30
5 4 30
5 6 60
5 7 30
5 8 80
5 9 80
5 10 60
5 11 30
5 12 60
5 13 40
5 14 30
5 15 60
5 16 60
5 17 40
5 18 60
5 19 30
5 20 30
5 21 80
5 22 40
5 23 80
5 24 40
5 25 30
5 26 80
5 27 30
5 28 80
5 29 80
5 30 60
5 31 40
5 32 80
5 33 60
5 34 60
5 35 80
5 36 60
5 37 80
5 38 80
5 39 40
5 40 80
5 41 30
5 42 80
5 43 40
5 44 40
5 45 30
5 46 30
5 47 40
5 48 60
5 49 60
5 50 30
5 51 30
5 52 80
5 53 60
5 54 40
5 55 60
5 56 40
5 57 60
5 58 30
5 59 60
5 60 30
5 61 40
5 62 40
5 63 30
5 64 30
5 65 80
5 66 40
5 67 80
5 68 30
5 69 60
5 70 40
5 71 40
5 72 60
5 73 60
5 74 30
5 75 80
5 76 60
5 77 40
5 78 30
6 0 30
6 1 80
6 2 60
6 3 40
6 4 30
6 5 30
6 7 30
6 8 40
6 9 30
6 10 80
6 11 30
6 12 60
6 13 60
6 14 80
6 15 80
6 16 60
6 17 80
6 18 40
6 19 30
6 20 80
6 21 30
6 22 30
6 23 30
6 24 30
6 25 40
6 26 60
6 27 80
6 28 60
6 29 80
6 30 30
6 31 80
6 32 80
6 33 60
6 34 60
6 35 80
6 36 80
6 37 30
6 38 40
6 39 80
6 40 30
6 41 80
6 42 80
6 43 40
6 44 60
6 45 30
6 46 40
6 47 30
6 48 30
6 49 60
6 50 80
6 51 40
6 52 30
6 53 60
6 54 80
6 55 30
6 56 30
6 57 60
6 58 60
6 59 60
6 60 40
6 61 80
6 62 30
6 63 60
6 64 80
6 65 30
6 66 60
6 67 80
6 68 30
6 69 40
6 70 40
6 71 60
6 72 30
6 73 80
6 74 60
6 75 40
6 76 60
6 77 30
6 78 60
7 0 80
7 1 60
7 2 80
7 3 40
7 4 30
7 5 40
7 6 40
7 8 60
7 9 80
7 10 40
7 11 40
7 12 60
7 13 80
7 14 30
7 15 30
7 16 60
7 17 30
7 18 80
7 19 30
7 20 60
7 21 30
7 22 80
7 23 60
7 24 30
7 25 40
7 26 60
7 27 40
7 28 80
7 29 30
7 30 40
7 31 30
7 32 40
7 33 30
7 34 30
7 35 40
7 36 80
7 37 80
7 38 60
7 39 60
7 40 80
7 41 30
7 42 60
7 43 60
7 44 30
7 45 40
7 46 30
7 47 80
7 48 80
7 49 30
7 50 80
7 51 60
7 52 40
7 53 30
7 54 40
7 55 30
7 56 80
7 57 60
7 58 80
7 59 80
7 60 30
7 61 60
7 62 80
7 63 30
7 64 30
7 65 60
7 66 60
7 67 60
7 68 60
7 69 40
7 70 60
7 71 30
7 72 60
7 73 40
7 74 30
7 75 60
7 76 30
7 77 60
7 78 30
8 0 40
8 1 40
8 2 60
8 3 40
8 4 60
8 5 80
8 6 30
8 7 80
8 9 30
8 10 60
8 11 60
8 12 80
8 13 30
8 14 80
8 15 60
8 16 30
8 17 60
8 18 80
8 19 80
8 20 80
8 21 60
8 22 40
8 23 80
8 24 40
8 25 40
8 26 80
8 27 30
8 28 40
8 29 60
8 30 80
8 31 40
8 32 40
8 33 40
8 34 40
8 35 30
8 36 60
8 37 40
8 38 40
8 39 30
8 40 30
8 41 80
8 42 60
8 43 30
8 44 60
8 45 40
8 46 40
8 47 40
8 48 40
8 49 30
8 50 60
8 51 60
8 52 40
8 53 60
8 54 80
8 55 80
8 56 80
8 57 80
8 58 40
8 59 80
8 60 40
8 61 30
8 62 60
8 63 30
8 64 40
8 65 30
8 66 30
8 67 40
8 68 30
8 69 40
8 70 60
8 71 40
8 72 60
8 73 80
8 74 40
8 75 60
8 76 80
8 77 40
8 78 40
9 0 80
9 1 60
9 2 60
9 3 30
9 4 40
9 5 80
9 6 30
9 7 30
9 8 30
9 10 30
9 11 40
9 12 60
9 13 30
9 14 40
9 15 30
9 16 40
9 17 60
9 18 40
9 19 60
9 20 80
9 21 40
9 22 60
9 23 60
9 24 40
9 25 40
9 26 80
9 27 60
9 28 30
9 29 60
9 30 30
9 31 80
9 32 80
9 33 40
9 34 60
9 35 30
9 36 40
9 37 30
9 38 60
9 39 40
9 40 80
9 41 30
9 42 60
9 43 30
9 44 60
9 45 30
9 46 80
9 47 30
9 48 60
9 49 80
9 50 30
9 51 60
9 52 80
9 53 80
9 54 40
9 55 60
9 56 30
9 57 30
9 58 80
9 59 80
9 60 60
9 61 80
9 62 40
9 63 40
9 64 80
9 65 60
9 66 40
9 67 30
9 68 40
9 69 40
9 70 30
9 71 60
9 72 40
9 73 40
9 74 80
9 75 80
9 76 60
9 77 80
9 78 80
10 0 30
10 1 80
10 2 40
10 3 40
10 4 60
10 5 60
10 6 30
10 7 80
10 8 40
10 9 60
10 11 60
10 12 30
10 13 60
10 14 80
10 15 40
10 16 80
10 17 60
10 18 60
10 19 80
10 20 30
10 21 60
10 22 40
10 23 40
10 24 80
10 25 80
10 26 60
10 27 80
10 28 40
10 29 80
10 30 40
10 31 40
10 32 60
10 33 30
10 34 80
10 35 40
10 36 80
10 37 30
10 38 40
10 39 30
10 40 60
10 41 80
10 42 30
10 43 30
10 44 80
10 45 30
10 46 60
10 47 60
10 48 80
10 49 40
10 50 60
10 51 60
10 52 30
10 53 30
10 54 40
10 55 30
10 56 30
10 57 60
10 58 40
10 59 80
10 60 80
10 61 30
10 62 30
10 63 80
10 64 60
10 65 60
10 66 40
10 67 40
10 68 80
10 69 30
10 70 40
10 71 80
10 72 60
10 73 40
10 74 60
10 75 30
10 76 80
10 77 80
10 78 30
11 0 80
11 1 30
11 2 40
11 3 30
11 4 60
11 5 60
11 6 80
11 7 30
11 8 80
11 9 30
11 10 30
11 12 40
11 13 40
11 14 60
11 15 30
11 16 30
11 17 30
11 18 60
11 19 30
11 20 40
11 21 30
11 22 30
11 23 80
11 24 30
11 25 80
11 26 60
11 27 80
11 28 60
11 29 60
11 30 30
11 31 30
11 32 60
11 33 60
11 34 30
11 35 80
11 36 60
11 37 40
11 38 30
11 39 80
11 40 40
11 41 30
11 42 80
11 43 40
11 44 40
11 45 80
11 46 30
11 47 40
11 48 40
11 49 30
11 50 60
11 51 80
11 52 40
11 53 30
11 54 80
11 55 30
11 56 40
11 57 30
11 58 80
11 59 40
11 60 40
11 61 60
11 62 40
11 63 30
11 64 60
11 65 60
11 66 80
11 67 30
11 68 60
11 69 40
11 70 40
11 71 60
11 72 40
11 73 80
11 74 40
11 75 40
11 76 60
11 77 40
11 78 30
12 0 60
12 1 80
12 2 80
12 3 40
12 4 80
12 5 40
12 6 80
12 7 30
12 8 60
12 9 80
12 10 80
12 11 60
12 13 30
12 14 40
12 15 40
12 16 80
12 17 40
12 18 30
12 19 60
12 20 30
12 21 30
12 22 60
12 23 30
12 24 40
12 25 30
12 26 80
12 27 30
12 28 80
12 29 30
12 30 80
12 31 80
12 32 80
12 33 30
12 34 60
12 35 80
12 36 80
12 37 40
12 38 60
12 39 30
12 40 80
12 41 40
12 42 40
12 43 30
12 44 60
12 45 80
12 46 30
12 47 40
12 48 60
12 49 30
12 50 60
12 51 60
12 52 40
12 53 60
12 54 80
12 55 40
12 56 40
12 57 60
12 58 60
12 59 30
12 60 80
12 61 30
12 62 30
12 63 40
12 64 30
12 65 80
12 66 30
12 67 40
12 68 30
12 69 80
12 70 60
12 71 30
12 72 30
12 73 30
12 74 40
12 75 60
12 76 80
12 77 30
12 78 40
13 0 80
13 1 40
13 2 80
13 3 60
13 4 30
13 5 80
13 6 80
13 7 60
13 8 40
13 9 40
13 10 80
13 11 30
13 12 60
13 14 80
13 15 80
13 16 60
13 17 80
13 18 60
13 19 60
13 20 60
13 21 60
13 22 30
13 23 60
13 24 80
13 25 40
13 26 30
13 27 40
13 28 40
13 29 60
13 30 80
13 31 80
13 32 40
13 33 60
13 34 30
13 35 80
13 36 30
13 37 40
13 38 30
13 39 80
13 40 30
13 41 30
13 42 80
13 43 40
13 44 60
13 45 30
13 46 80
13 47 80
13 48 60
13 49 30
13 50 60
13 51 40
13 52 30
13 53 40
13 54 80
13 55 40
13 56 30
13 57 40
13 58 60
13 59 80
13 60 60
13 61 60
13 62 80
13 63 80
13 64 30
13 65 40
13 66 40
13 67 80
13 68 40
13 69 30
13 70 30
13 71 30
13 72 60
13 73 80
13 74 60
13 75 60
13 76 80
13 77 80
13 78 60
14 0 80
14 1 30
14 2 60
14 3 30
14 4 60
14 5 30
14 6 40
14 7 40
14 8 40
14 9 30
14 10 30
14 11 60
14 12 30
14 13 80
14 15 80
14 16 30
14 17 30
14 18 40
14 19 80
14 20 30
14 21 40
14 22 40
14 23 60
14 24 30
14 25 60
14 26 60
14 27 80
14 28 30
14 29 80
14 30 40
14 31 80
14 32 80
14 33 80
14 34 80
14 35 30
14 36 30
14 37 30
14 38 60
14 39 80
14 40 80
14 41 40
14 42 30
14 43 80
14 44 30
14 45 60
14 46 60
14 47 80
14 48 40
14 49 30
14 50 30
14 51 30
14 52 80
14 53 30
14 54 80
14 55 30
14 56 40
14 57 30
14 58 60
14 59 30
14 60 40
14 61 60
14 62 40
14 63 80
14 64 60
14 65 60
14 66 80
14 67 40
14 68 40
14 69 80
14 70 80
14 71 40
14 72 60
14 73 40
14 74 30
14 75 40
14 76 60
14 77 40
14 78 60
15 0 30
15 1 40
15 2 30
15 3 60
15 4 80
15 5 30
15 6 60
15 7 30
15 8 60
15 9 80
15 10 30
15 11 40
15 12 80
15 13 80
15 14 60
15 16 80
15 17 40
15 18 80
15 19 60
15 20 80
15 21 30
15 22 80
15 23 30
15 24 30
15 25 80
15 26 60
15 27 40
15 28 60
15 29 30
15 30 60
15 31 80
15 32 30
15 33 40
15 34 80
15 35 40
15 36 80
15 37 80
15 38 60
15 39 30
15 40 40
15 41 30
15 42 40
15 43 40
15 44 40
15 45 40
15 46 30
15 47 60
15 48 80
15 49 30
15 50 60
15 51 40
15 52 30
15 53 60
15 54 30
15 55 40
15 56 40
15 57 60
15 58 80
15 59 60
15 60 40
15 61 30
15 62 80
15 63 40
15 64 60
15 65 40
15 66 80
15 67 40
15 68 80
15 69 80
15 70 30
15 71 40
15 72 40
15 73 30
15 74 60
15 75 30
15 76 80
15 77 60
15 78 60
16 0 40
16 1 80
16 2 80
16 3 60
16 4 80
16 5 80
16 6 40
16 7 30
16 8 60
16 9 80
16 10 80
16 11 60
16 12 30
16 13 60
16 14 60
16 15 80
16 17 40
16 18 60
16 19 80
16 20 30
16 21 60
16 22 30
16 23 40
16 24 80
16 25 80
16 26 80
16 27 60
16 28 60
16 29 40
16 30 30
16 31 60
16 32 40
16 33 80
16 34 40
16 35 40
16 36 40
16 37 40
16 38 40
16 39 60
16 40 40
16 41 40
16 42 40
16 43 30
16 44 80
16 45 40
16 46 60
16 47 30
16 48 30
16 49 40
16 50 30
16 51 80
16 52 40
16 53 40
16 54 60
16 55 80
16 56 80
16 57 30
16 58 40
16 59 30
16 60 40
16 61 80
16 62 40
16 63 60
16 64 30
16 65 60
16 66 40
16 67 60
16 68 30
16 69 80
16 70 60
16 71 30
16 72 60
16 73 80
16 74 60
16 75 80
16 76 40
16 77 40
16 78 60
17 0 60
17 1 40
17 2 30
17 3 30
17 4 30
17 5 60
17 6 80
17 7 40
17 8 80
17 9 30
17 10 40
17 11 60
17 12 80
17 13 30
17 14 80
17 15 40
17 16 60
17 18 60
17 19 80
17 20 30
17 21 60
17 22 80
17 23 60
17 24 30
17 25 40
17 26 60
17 27 60
17 28 60
17 29 30
17 30 40
17 31 40
17 32 40
17 33 80
17 34 80
17 35 40
17 36 40
17 37 30
17 38 60
17 39 60
17 40 30
17 41 40
17 42 40
17 43 80
17 44 80
17 45 80
17 46 60
17 47 30
17 48 30
17 49 60
17 50 30
17 51 60
17 52 80
17 53 40
17 54 60
17 55 40
17 56 60
17 57 60
17 58 80
17 59 80
17 60 60
17 61 40
17 62 30
17 63 60
17 64 30
17 65 80
17 66 80
17 67 30
17 68 80
17 69 30
17 70 80
17 71 80
17 72 40
17 73 60
17 74 60
17 75 60
17 76 40
17 77 80
17 78 60
18 0 60
18 1 30
18 2 60
18 3 80
18 4 40
18 5 40
18 6 60
18 7 30
18 8 40
18 9 80
18 10 80
18 11 40
18 12 30
18 13 60
18 14 40
18 15 40
18 16 80
18 17 60
18 19 30
18 20 40
18 21 80
18 22 40
18 23 40
18 24 30
18 25 60
18 26 60
18 27 30
18 28 40
18 29 80
18 30 80
18 31 40
18 32 30
18 33 60
18 34 60
18 35 60
18 36 60
18 37 30
18 38 40
18 39 60
18 40 40
18 41 80
18 42 40
18 43 40
18 44 30
18 45 40
18 46 80
18 47 80
18 48 30
18 49 30
18 50 40
18 51 80
18 52 60
18 53 60
18 54 40
18 55 40
18 56 30
18 57 30
18 58 60
18 59 80
18 60 60
18 61 80
18 62 30
18 63 60
18 64 30
18 65 80
18 66 60
18 67 60
18 68 40
18 69 80
18 70 80
18 71 80
18 72 60
18 73 80
18 74 60
18 75 60
18 76 30
18 77 60
18 78 40
19 0 40
19 1 40
19 2 60
19 3 80
19 4 60
19 5 30
19 6 30
19 7 60
19 8 40
19 9 80
19 10 30
19 11 30
19 12 80
19 13 30
19 14 60
19 15 30
19 16 60
19 17 30
19 18 30
19 20 60
19 21 30
19 22 80
19 23 40
19 24 30
19 25 60
19 26 30
19 27 30
19 28 30
19 29 30
19 30 40
19 31 30
19 32 40
19 33 40
19 34 30
19 35 60
19 36 80
19 37 30
19 38 30
19 39 30
19 40 80
19 41 30
19 42 80
19 43 30
19 44 60
19 45 40
19 46 40
19 47 40
19 48 80
19 49 40
19 50 60
19 51 40
19 52 40
19 53 40
19 54 30
19 55 30
19 56 30
19 57 40
19 58 80
19 59 60
19 60 60
19 61 80
19 62 60
19 63 80
19 64 40
19 65 80
19 66 30
19 67 60
19 68 60
19 69 80
19 70 80
19 71 40
19 72 80
19 73 40
19 74 30
19 75 40
19 76 40
19 77 30
19 78 80
20 0 60
20 1 30
20 2 30
20 3 60
20 4 40
20 5 40
20 6 60
20 7 40
20 8 30
20 9 40
20 10 60
20 11 80
20 12 80
20 13 60
20 14 40
20 15 30
20 16 60
20 17 80
20 18 60
20 19 30
20 21 30
20 22 40
20 23 80
20 24 40
20 25 40
20 26 60
20 27 80
20 28 30
20 29 80
20 30 80
20 31 80
20 32 30
20 33 60
20 34 30
20 35 30
20 36 40
20 37 60
20 38 30
20 39 40
20 40 80
20 41 80
20 42 40
20 43 60
20 44 30
20 45 40
20 46 80
20 47 40
20 48 30
20 49 80
20 50 40
20 51 40
20 52 80
20 53 40
20 54 40
20 55 80
20 56 30
20 57 60
20 58 40
20 59 40
20 60 40
20 61 30
20 62 80
20 63 40
20 64 60
20 65 80
20 66 60
20 67 60
20 68 60
20 69 60
20 70 40
20 71 80
20 72 80
20 73 60
20 74 40
20 75 40
20 76 40
20 77 30
20 78 30
21 0 60
21 1 40
21 2 30
21 3 80
21 4 30
21 5 40
21 6 40
21 7 60
21 8 80
21 9 80
21 10 30
21 11 30
21 12 30
21 13 60
21 14 40
21 15 60
21 16 60
21 17 40
21 18 30
21 19 30
21 20 60
21 22 80
21 23 30
21 24 80
21 25 30
21 26 30
21 27 80
21 28 30
21 29 60
21 30 80
21 31 40
21 32 80
21 33 30
21 34 30
21 35 60
21 36 40
21 37 60
21 38 60
21 39 60
21 40 80
21 41 60
21 42 60
21 43 40
21 44 60
21 45 80
21 46 80
21 47 30
21 48 60
21 49 60
21 50 40
21 51 30
21 52 80
21 53 40
21 54 40
21 55 60
21 56 60
21 57 40
21 58 80
21 59 60
21 60 80
21 61 60
21 62 80
21 63 40
21 64 80
21 65 40
21 66 60
21 67 40
21 68 80
21 69 80
21 70 40
21 71 60
21 72 30
21 73 60
21 74 30
21 75 40
21 76 40
21 77 40
21 78 40
22 0 80
22 1 30
22 2 80
22 3 60
22 4 80
22 5 60
22 6 40
22 7 30
22 8 60
22 9 80
22 10 30
22 11 80
22 12 40
22 13 40
22 14 30
22 15 30
22 16 80
22 17 80
22 18 40
22 19 40
22 20 30
22 21 60
22 23 40
22 24 60
22 25 80
22 26 40
22 27 40
22 28 40
22 29 60
22 30 30
22 31 40
22 32 40
22 33 60
22 34 40
22 35 30
22 36 60
22 37 40
22 38 80
22 39 80
22 40 80
22 41 40
22 42 40
22 43 30
22 44 80
22 45 40
22 46 30
22 47 30
22 48 40
22 49 40
22 50 40
22 51 40
22 52 40
22 53 30
22 54 60
22 55 60
22 56 40
22 57 80
22 58 40
22 59 40
22 60 30
22 61 30
22 62 80
22 63 80
22 64 60
22 65 80
22 66 30
22 67 30
22 68 30
22 69 40
22 70 80
22 71 30
22 72 30
22 73 80
22 74 60
22 75 30
22 76 80
22 77 80
22 78 40
23 0 30
23 1 40
23 2 80
23 3 60
23 4 40
23 5 40
23 6 80
23 7 40
23 8 30
23 9 60
23 10 80
23 11 80
23 12 60
23 13 30
23 14 80
23 15 30
23 16 60
23 17 60
23 18 40
23 19 80
23 20 80
23 21 80
23 22 60
23 24 40
23 25 30
23 26 40
23 27 40
23 28 80
23 29 40
23 30 40
23 31 60
23 32 40
23 33 40
23 34 80
23 35 40
23 36 30
23 37 40
23 38 40
23 39 30
23 40 40
23 41 30
23 42 80
23 43 80
23 44 80
23 45 60
23 46 80
23 47 30
23 48 40
23 49 60
23 50 60
23 51 60
23 52 80
23 53 30
23 54 30
23 55 30
23 56 30
23 57 40
23 58 80
23 59 80
23 60 60
23 61 80
23 62 30
23 63 60
23 64 30
23 65 30
23 66 60
23 67 30
23 68 80
23 69 30
23 70 60
23 71 40
23 72 80
23 73 30
23 74 60
23 75 30
23 76 60
23 77 30
23 78 30
24 0 30
24 1 80
24 2 40
24 3 40
24 4 30
24 5 40
24 6 60
24 7 30
24 8 30
24 9 80
24 10 80
24 11 30
24 12 80
24 13 40
24 14 30
24 15 30
24 16 30
24 17 60
24 18 30
24 19 60
24 20 30
24 21 40
24 22 80
24 23 60
24 25 30
24 26 60
24 27 60
24 28 40
24 29 60
24 30 30
24 31 80
24 32 60
24 33 30
24 34 80
24 35 30
24 36 80
24 37 80
24 38 80
24 39 60
24 40 80
24 41 80
24 42 30
24 43 60
24 44 60
24 45 40
24 46 60
24 47 30
24 48 40
24 49 80
24 50 40
24 51 40
24 52 40
24 53 60
24 54 30
24 55 80
24 56 60
24 57 80
24 58 60
24 59 60
24 60 60
24 61 80
24 62 40
24 63 30
24 64 40
24 65 40
24 66 60
24 67 30
24 68 60
24 69 40
24 70 30
24 71 40
24 72 30
24 73 40
24 74 80
24 75 60
24 76 60
24 77 40
24 78 80
25 0 40
25 1 80
25 2 80
25 3 40
25 4 40
25 5 80
25 6 60
25 7 80
25 8 60
25 9 60
25 10 60
25 11 80
25 12 80
25 13 60
25 14 40
25 15 60
25 16 40
25 17 30
25 18 40
25 19 60
25 20 60
25 21 80
25 22 40
25 23 60
25 24 30
25 26 30
25 27 60
25 28 30
25 29 40
25 30 80
25 31 30
25 32 80
25 33 40
25 34 30
25 35 80
25 36 30
25 37 40
25 38 30
25 39 60
25 40 60
25 41 40
25 42 30
25 43 60
25 44 40
25 45 80
25 46 40
25 47 60
25 48 40
25 49 40
25 50 30
25 51 80
25 52 80
25 53 80
25 54 60
25 55 40
25 56 60
25 57 40
25 58 40
25 59 60
25 60 60
25 61 80
25 62 80
25 63 30
25 64 40
25 65 80
25 66 80
25 67 80
25 68 40
25 69 80
25 70 40
25 71 60
25 72 80
25 73 60
25 74 80
25 75 30
25 76 60
25 77 80
25 78 80
26 0 80
26 1 60
26 2 60
26 3 30
26 4 40
26 5 40
26 6 40
26 7 30
26 8 60
26 9 30
26 10 80
26 11 60
26 12 40
26 13 60
26 14 80
26 15 80
26 16 30
26 17 30
26 18 80
26 19 30
26 20 30
26 21 40
26 22 40
26 23 80
26 24 80
26 25 30
26 27 40
26 28 30
26 29 80
26 30 30
26 31 40
26 32 80
26 33 30
26 34 80
26 35 80
26 36 40
26 37 60
26 38 30
26 39 80
26 40 60
26 41 30
26 42 60
26 43 40
26 44 60
26 45 40
26 46 40
26 47 60
26 48 60
26 49 40
26 50 40
26 51 40
26 52 30
26 53 30
26 54 40
26 55 30
26 56 80
26 57 60
26 58 40
26 59 80
26 60 60
26 61 60
26 62 30
26 63 80
26 64 30
26 65 60
26 66 30
26 67 40
26 68 30
26 69 60
26 70 30
26 71 40
26 72 30
26 73 30
26 74 60
26 75 30
26 76 80
26 77 60
26 78 60
27 0 30
27 1 30
27 2 60
27 3 40
27 4 60
27 5 60
27 6 80
27 7 40
27 8 60
27 9 40
27 10 30
27 11 80
27 12 80
27 13 30
27 14 60
27 15 30
27 16 80
27 17 40
27 18 60
27 19 40
27 20 30
27 21 40
27 22 30
27 23 40
27 24 30
27 25 80
27 26 40
27 28 60
27 29 40
27 30 80
27 31 40
27 32 30
27 33 40
27 34 80
27 35 80
27 36 80
27 37 30
27 38 30
27 39 60
27 40 40
27 41 60
27 42 40
27 43 60
27 44 60
27 45 80
27 46 30
27 47 30
27 48 80
27 49 30
27 50 80
27 51 40
27 52 60
27 53 60
27 54 30
27 55 30
27 56 80
27 57 30
27 58 40
27 59 60
27 60 60
27 61 60
27 62 80
27 63 80
27 64 30
27 65 40
27 66 80
27 67 60
27 68 60
27 69 30
27 70 30
27 71 30
27 72 30
27 73 80
27 74 60
27 75 60
27 76 40
27 77 30
27 78 60
28 0 60
28 1 30
28 2 40
28 3 60
28 4 80
28 5 40
28 6 80
28 7 80
28 8 40
28 9 80
28 10 80
28 11 60
28 12 60
28 13 40
28 14 60
28 15 60
28 16 60
28 17 80
28 18 30
28 19 40
28 20 60
28 21 30
28 22 30
28 23 40
28 24 30
28 25 30
28 26 80
28 27 80
28 29 30
28 30 30
28 31 80
28 32 30
28 33 60
28 34 40
28 35 40
28 36 30
28 37 60
28 38 80
28 39 30
28 40 30
28 41 60
28 42 40
28 43 40
28 44 30
28 45 40
28 46 40
28 47 30
28 48 40
28 49 80
28 50 40
28 51 60
28 52 80
28 53 60
28 54 60
28 55 80
28 56 80
28 57 80
28 58 60
28 59 40
28 60 30
28 61 80
28 62 80
28 63 30
28 64 30
28 65 80
28 66 30
28 67 30
28 68 40
28 69 30
28 70 80
28 71 60
28 72 30
28 73 80
28 74 80
28 75 40
28 76 40
28 77 30
28 78 60
29 0 80
29 1 60
29 2 60
29 3 40
29 4 60
29 5 80
29 6 60
29 7 60
29 8 40
29 9 60
29 10 30
29 11 60
29 12 80
29 13 30
29 14 40
29 15 80
29 16 80
29 17 80
29 18 80
29 19 60
29 20 60
29 21 80
29 22 80
29 23 40
29 24 40
29 25 30
29 26 60
29 27 80
29 28 40
29 30 80
29 31 60
29 32 60
29 33 40
29 34 30
29 35 40
29 36 40
29 37 30
29 38 30
29 39 60
29 40 30
29 41 40
29 42 30
29 43 60
29 44 40
29 45 30
29 46 40
29 47 30
29 48 40
29 49 30
29 50 60
29 51 80
29 52 30
29 53 80
29 54 30
29 55 60
29 56 80
29 57 80
29 58 80
29 59 60
29 60 60
29 61 30
29 62 80
29 63 30
29 64 40
29 65 80
29 66 30
29 67 40
29 68 60
29 69 30
29 70 40
29 71 40
29 72 80
29 73 30
29 74 80
29 75 30
29 76 40
29 77 60
29 78 60
30 0 80
30 1 40
30 2 30
30 3 40
30 4 40
30 5 80
30 6 40
30 7 80
30 8 80
30 9 80
30 10 40
30 11 40
30 12 30
30 13 40
30 14 80
30 15 30
30 16 80
30 17 40
30 18 40
30 19 80
30 20 40
30 21 80
30 22 40
30 23 30
30 24 80
30 25 40
30 26 30
30 27 60
30 28 40
30 29 80
30 31 60
30 32 30
30 33 30
30 34 60
30 35 80
30 36 60
30 37 40
30 38 80
30 39 60
30 40 30
30 41 30
30 42 40
30 43 80
30 44 80
30 45 30
30 46 80
30 47 30
30 48 80
30 49 60
30 50 60
30 51 60
30 52 30
30 53 60
30 54 40
30 55 30
30 56 30
30 57 80
30 58 80
30 59 80
30 60 30
30 61 60
30 62 30
30 63 40
30 64 80
30 65 60
30 66 40
30 67 60
30 68 30
30 69 80
30 70 30
30 71 30
30 72 30
30 73 30
30 74 80
30 75 80
30 76 30
30 77 40
30 78 60
31 0 30
31 1 80
31 2 60
31 3 40
31 4 80
31 5 40
31 6 40
31 7 60
31 8 40
31 9 30
31 10 60
31 11 60
31 12 40
31 13 80
31 14 40
31 15 30
31 16 80
31 17 30
31 18 30
31 19 80
31 20 40
31 21 40
31 22 80
31 23 60
31 24 80
31 25 60
31 26 80
31 27 30
31 28 80
31 29 30
31 30 30
31 32 60
31 33 30
31 34 80
31 35 60
31 36 30
31 37 80
31 38 40
31 39 60
31 40 40
31 41 30
31 42 40
31 43 80
31 44 60
31 45 40
31 46 30
31 47 80
31 48 30
31 49 40
31 50 80
31 51 80
31 52 30
31 53 80
31 54 60
31 55 40
31 56 40
31 57 30
31 58 30
31 59 40
31 60 40
31 61 60
31 62 60
31 63 60
31 64 40
31 65 40
31 66 40
31 67 40
31 68 60
31 69 30
31 70 30
31 71 60
31 72 80
31 73 40
31 74 30
31 75 40
31 76 40
31 77 80
31 78 40
32 0 40
32 1 80
32 2 30
32 3 40
32 4 60
32 5 80
32 6 60
32 7 30
32 8 30
32 9 30
32 10 60
32 11 40
32 12 30
32 13 40
32 14 30
32 15 60
32 16 60
32 17 60
32 18 60
32 19 80
32 20 80
32 21 30
32 22 30
32 23 40
32 24 40
32 25 80
32 26 60
32 27 30
32 28 60
32 29 40
32 30 30
32 31 80
32 33 30
32 34 30
32 35 80
32 36 30
32 37 80
32 38 60
32 39 60
32 40 30
32 41 80
32 42 30
32 43 80
32 44 30
32 45 80
32 46 40
32 47 30
32 48 40
32 49 30
32 50 40
32 51 30
32 52 30
32 53 40
32 54 60
32 55 60
32 56 80
32 57 60
32 58 30
32 59 60
32 60 60
32 61 40
32 62 30
32 63 40
32 64 80
32 65 60
32 66 80
32 67 60
32 68 40
32 69 80
32 70 80
32 71 40
32 72 80
32 73 80
32 74 60
32 75 60
32 76 30
32 77 30
32 78 80
33 0 60
33 1 60
33 2 30
33 3 30
33 4 30
33 5 30
33 6 30
33 7 30
33 8 80
33 9 40
33 10 40
33 11 40
33 12 40
33 13 30
33 14 30
33 15 60
33 16 40
33 17 40
33 18 40
33 19 80
33 20 30
33 21 30
33 22 80
33 23 30
33 24 80
33 25 30
33 26 80
33 27 30
33 28 30
33 29 40
33 30 40
33 31 30
33 32 40
33 34 80
33 35 60
33 36 60
33 37 60
33 38 60
33 39 60
33 40 40
33 41 40
33 42 30
33 43 80
33 44 40
33 45 30
33 46 80
33 47 30
33 48 80
33 49 30
33 50 30
33 51 30
33 52 30
33 53 60
33 54 30
33 55 30
33 56 60
33 57 80
33 58 30
33 59 60
33 60 40
33 61 40
33 62 60
33 63 60
33 64 60
33 65 30
33 66 60
33 67 60
33 68 30
33 69 30
33 70 40
33 71 60
33 72 80
33 73 60
33 74 30
33 75 80
33 76 40
33 77 30
33 78 40
34 0 80
34 1 80
34 2 80
34 3 80
34 4 60
34 5 30
34 6 60
34 7 60
34 8 80
34 9 40
34 10 60
34 11 60
34 12 80
34 13 40
34 14 40
34 15 60
34 16 80
34 17 60
34 18 40
34 19 30
34 20 40
34 21 60
34 22 30
34 23 80
34 24 60
34 25 40
34 26 30
34 27 40
34 28 60
34 29 30
34 30 80
34 31 30
34 32 40
34 33 60
34 35 30
34 36 80
34 37 30
34 38 60
34 39 40
34 40 80
34 41 30
34 42 80
34 43 30
34 44 30
34 45 40
34 46 60
34 47 80
34 48 40
34 49 60
34 50 80
34 51 60
34 52 40
34 53 40
34 54 40
34 55 80
34 56 40
34 57 40
34 58 80
34 59 40
34 60 60
34 61 60
34 62 40
34 63 60
34 64 30
34 65 60
34 66 30
34 67 80
34 68 60
34 69 60
34 70 80
34 71 80
34 72 60
34 73 30
34 74 40
34 75 80
34 76 40
34 77 40
34 78 60
35 0 30
35 1 80
35 2 30
35 3 60
35 4 80
35 5 60
35 6 40
35 7 80
35 8 80
35 9 40
35 10 30
35 11 80
35 12 80
35 13 30
35 14 80
35 15 60
35 16 60
35 17 60
35 18 30
35 19 40
35 20 40
35 21 40
35 22 80
35 23 40
35 24 60
35 25 60
35 26 60
35 27 30
35 28 30
35 29 80
35 30 80
35 31 60
35 32 40
35 33 80
35 34 30
35 36 30
35 37 40
35 38 30
35 39 80
35 40 60
35 41 80
35 42 80
35 43 30
35 44 30
35 45 40
35 46 60
35 47 30
35 48 30
35 49 80
35 50 40
35 51 30
35 52 40
35 53 30
35 54 80
35 55 40
35 56 30
35 57 30
35 58 80
35 59 30
35 60 80
35 61 30
35 62 80
35 63 80
35 64 80
35 65 40
35 66 40
35 67 80
35 68 80
35 69 80
35 70 40
35 71 60
35 72 80
35 73 30
35 74 40
35 75 40
35 76 40
35 77 30
35 78 60
36 0 30
36 1 80
36 2 60
36 3 40
36 4 60
36 5 80
36 6 60
36 7 30
36 8 30
36 9 30
36 10 80
36 11 40
36 12 40
36 13 80
36 14 80
36 15 60
36 16 40
36 17 30
36 18 30
36 19 80
36 20 30
36 21 60
36 22 40
36 23 60
36 24 60
36 25 80
36 26 60
36 27 60
36 28 30
36 29 60
36 30 80
36 31 80
36 32 30
36 33 30
36 34 80
36 35 40
36 37 60
36 38 40
36 39 80
36 40 80
36 41 40
36 42 80
36 43 80
36 44 30
36 45 30
36 46 60
36 47 30
36 48 80
36 49 80
36 50 60
36 51 60
36 52 30
36 53 30
36 54 40
36 55 80
36 56 30
36 57 60
36 58 80
36 59 40
36 60 30
36 61 80
36 62 40
36 63 80
36 64 80
36 65 30
36 66 80
36 67 60
36 68 60
36 69 80
36 70 40
36 71 60
36 72 40
36 73 60
36 74 60
36 75 80
36 76 30
36 77 80
36 78 60
37 0 80
37 1 30
37 2 30
37 3 80
37 4 30
37 5 80
37 6 40
37 7 60
37 8 60
37 9 30
37 10 80
37 11 30
37 12 80
37 13 80
37 14 80
37 15 60
37 16 30
37 17 30
37 18 30
37 19 60
37 20 60
37 21 80
37 22 40
37 23 80
37 24 80
37 25 60
37 26 30
37 27 60
37 28 60
37 29 80
37 30 60
37 31 30
37 32 80
37 33 80
37 34 60
37 35 30
37 36 30
37 38 60
37 39 40
37 40 80
37 41 60
37 42 60
37 43 80
37 44 60
37 45 40
37 46 80
37 47 60
37 48 40
37 49 60
37 50 30
37 51 60
37 52 30
37 53 60
37 54 40
37 55 60
37 56 60
37 57 30
37 58 40
37 59 60
37 60 30
37 61 60
37 62 30
37 63 60
37 64 30
37 65 60
37 66 80
37 67 30
37 68 30
37 69 30
37 70 60
37 71 30
37 72 80
37 73 30
37 74 80
37 75 80
37 76 40
37 77 40
37 78 80
38 0 40
38 1 40
38 2 40
38 3 30
38 4 30
38 5 60
38 6 80
38 7 80
38 8 80
38 9 30
38 10 80
38 11 60
38 12 30
38 13 60
38 14 30
38 15 80
38 16 80
38 17 40
38 18 40
38 19 40
38 20 40
38 21 40
38 22 80
38 23 80
38 24 30
38 25 30
38 26 40
38 27 80
38 28 40
38 29 80
38 30 60
38 31 60
38 32 80
38 33 60
38 34 80
38 35 60
38 36 30
38 37 30
38 39 30
38 40 60
38 41 40
38 42 40
38 43 30
38 44 60
38 45 80
38 46 80
38 47 30
38 48 30
38 49 80
38 50 40
38 51 60
38 52 30
38 53 30
38 54 40
38 55 40
38 56 80
38 57 30
38 58 60
38 59 60
38 60 80
38 61 80
38 62 60
38 63 60
38 64 30
38 65 40
38 66 60
38 67 30
38 68 40
38 69 80
38 70 60
38 71 40
38 72 40
38 73 80
38 74 60
38 75 60
38 76 40
38 77 30
38 78 60
39 0 60
39 1 60
39 2 60
39 3 40
39 4 60
39 5 80
39 6 40
39 7 40
39 8 80
39 9 80
39 10 30
39 11 80
39 12 40
39 13 30
39 14 80
39 15 30
39 16 60
39 17 30
39 18 60
39 19 30
39 20 40
39 21 60
39 22 60
39 23 80
39 24 80
39 25 60
39 26 40
39 27 60
39 28 30
39 29 80
39 30 30
39 31 40
39 32 80
39 33 40
39 34 80
39 35 30
39 36 80
39 37 40
39 38 60
39 40 30
39 41 40
39 42 60
39 43 80
39 44 30
39 45 30
39 46 80
39 47 40
39 48 40
39 49 40
39 50 80
39 51 40
39 52 80
39 53 40
39 54 80
39 55 40
39 56 40
39 57 30
39 58 80
39 59 80
39 60 80
39 61 80
39 62 60
39 63 60
39 64 80
39 65 80
39 66 60
39 67 60
39 68 60
39 69 30
39 70 80
39 71 30
39 72 40
39 73 40
39 74 30
39 75 30
39 76 60
39 77 40
39 78 40
40 0 30
40 1 80
40 2 30
40 3 30
40 4 80
40 5 30
40 6 80
40 7 30
40 8 40
40 9 80
40 10 60
40 11 40
40 12 60
40 13 40
40 14 60
40 15 60
40 16 80
40 17 80
40 18 60
40 19 80
40 20 60
40 21 30
40 22 80
40 23 30
40 24 60
40 25 80
40 26 80
40 27 30
40 28 60
40 29 60
40 30 60
40 31 80
40 32 80
40 33 30
40 34 60
40 35 40
40 36 30
40 37 30
40 38 30
40 39 30
40 41 40
40 42 30
40 43 60
40 44 60
40 45 40
40 46 40
40 47 80
40 48 40
40 49 40
40 50 30
40 51 30
40 52 40
40 53 30
40 54 30
40 55 40
40 56 80
40 57 40
40 58 40
40 59 80
40 60 80
40 61 30
40 62 60
40 63 80
40 64 40
40 65 30
40 66 60
40 67 60
40 68 40
40 69 80
40 70 30
40 71 40
40 72 60
40 73 60
40 74 80
40 75 40
40 76 80
40 77 40
40 78 60
41 0 40
41 1 30
41 2 40
41 3 60
41 4 30
41 5 80
41 6 80
41 7 80
41 8 60
41 9 60
41 10 40
41 11 30
41 12 30
41 13 60
41 14 30
41 15 60
41 16 60
41 17 80
41 18 30
41 19 30
41 20 30
41 21 60
41 22 80
41 23 40
41 24 80
41 25 80
41 26 80
41 27 40
41 28 60
41 29 40
41 30 80
41 31 40
41 32 30
41 33 40
41 34 80
41 35 40
41 36 80
41 37 30
41 38 40
41 39 30
41 40 60
41 42 80
41 43 60
41 44 60
41 45 60
41 46 40
41 47 40
41 48 40
41 49 40
41 50 30
41 51 40
41 52 60
41 53 80
41 54 30
41 55 40
41 56 80
41 57 80
41 58 40
41 59 80
41 60 60
41 61 80
41 62 80
41 63 80
41 64 30
41 65 60
41 66 60
41 67 40
41 68 60
41 69 30
41 70 30
41 71 60
41 72 30
41 73 30
41 74 30
41 75 80
41 76 40
41 77 60
41 78 60
42 0 30
42 1 40
42 2 80
42 3 40
42 4 60
42 5 80
42 6 40
42 7 60
42 8 60
42 9 60
42 10 60
42 11 80
42 12 30
42 13 60
42 14 40
42 15 80
42 16 40
42 17 30
42 18 30
42 19 30
42 20 80
42 21 30
42 22 30
42 23 80
42 24 60
42 25 30
42 26 60
42 27 40
42 28 30
42 29 30
42 30 40
42 31 40
42 32 30
42 33 40
42 34 80
42 35 30
42 36 60
42 37 60
42 38 30
42 39 80
42 40 60
42 41 80
42 43 80
42 44 30
42 45 40
42 46 30
42 47 80
42 48 30
42 49 60
42 50 30
42 51 30
42 52 80
42 53 80
42 54 60
42 55 60
42 56 30
42 57 80
42 58 60
42 59 40
42 60 30
42 61 40
42 62 60
42 63 60
42 64 80
42 65 80
42 66 60
42 67 80
42 68 30
42 69 30
42 70 80
42 71 60
42 72 30
42 73 30
42 74 80
42 75 30
42 76 30
42 77 30
42 78 30
43 0 80
43 1 30
43 2 40
43 3 80
43 4 60
43 5 40
43 6 80
43 7 60
43 8 40
43 9 30
43 10 80
43 11 30
43 12 40
43 13 80
43 14 30
43 15 30
43 16 30
43 17 80
43 18 30
43 19 60
43 20 80
43 21 30
43 22 30
43 23 80
43 24 80
43 25 80
43 26 80
43 27 40
43 28 30
43 29 60
43 30 30
43 31 30
43 32 60
43 33 80
43 34 40
43 35 80
43 36 60
43 37 80
43 38 60
43 39 60
43 40 80
43 41 30
43 42 60
43 44 60
43 45 80
43 46 80
43 47 30
43 48 80
43 49 30
43 50 40
43 51 30
43 52 30
43 53 30
43 54 80
43 55 80
43 56 80
43 57 80
43 58 80
43 59 60
43 60 60
43 61 80
43 62 40
43 63 30
43 64 60
43 65 30
43 66 60
43 67 80
43 68 30
43 69 40
43 70 80
43 71 40
43 72 30
43 73 30
43 74 60
43 75 40
43 76 80
43 77 40
43 78 80
44 0 30
44 1 40
44 2 60
44 3 60
44 4 60
44 5 40
44 6 30
44 7 40
44 8 60
44 9 60
44 10 30
44 11 60
44 12 30
44 13 30
44 14 60
44 15 30
44 16 40
44 17 60
44 18 30
44 19 40
44 20 60
44 21 40
44 22 60
44 23 60
44 24 80
44 25 40
44 26 40
44 27 80
44 28 80
44 29 80
44 30 40
44 31 60
44 32 60
44 33 80
44 34 60
44 35 80
44 36 80
44 37 80
44 38 40
44 39 40
44 40 60
44 41 40
44 42 40
44 43 80
44 45 60
44 46 60
44 47 80
44 48 40
44 49 30
44 50 80
44 51 60
44 52 40
44 53 40
44 54 60
44 55 80
44 56 80
44 57 30
44 58 40
44 59 40
44 60 40
44 61 40
44 62 80
44 63 60
44 64 30
44 65 80
44 66 30
44 67 60
44 68 60
44 69 40
44 70 40
44 71 30
44 72 40
44 73 80
44 74 60
44 75 30
44 76 60
44 77 60
44 78 80
45 0 30
45 1 30
45 2 30
45 3 40
45 4 40
45 5 80
45 6 30
45 7 80
45 8 40
45 9 60
45 10 60
45 11 30
45 12 40
45 13 40
45 14 30
45 15 40
45 16 40
45 17 60
45 18 40
45 19 80
45 20 80
45 21 30
45 22 40
45 23 30
45 24 80
45 25 30
45 26 80
45 27 80
45 28 40
45 29 30
45 30 60
45 31 40
45 32 40
45 33 30
45 34 30
45 35 30
45 36 30
45 37 60
45 38 40
45 39 80
45 40 80
45 41 80
45 42 60
45 43 30
45 44 60
45 46 40
45 47 40
45 48 60
45 49 80
45 50 40
45 51 80
45 52 30
45 53 30
45 54 60
45 55 30
45 56 40
45 57 30
45 58 60
45 59 60
45 60 60
45 61 40
45 62 30
45 63 80
45 64 80
45 65 80
45 66 80
45 67 80
45 68 40
45 69 30
45 70 40
45 71 40
45 72 60
45 73 30
45 74 60
45 75 30
45 76 30
45 77 40
45 78 60
46 0 60
46 1 40
46 2 30
46 3 40
46 4 80
46 5 40
46 6 30
46 7 60
46 8 60
46 9 30
46 10 30
46 11 60
46 12 60
46 13 60
46 14 60
46 15 40
46 16 80
46 17 80
46 18 60
46 19 80
46 20 30
46 21 40
46 22 80
46 23 80
46 24 40
46 25 60
46 26 80
46 27 80
46 28 60
46 29 40
46 30 60
46 31 80
46 32 30
46 33 80
46 34 30
46 35 80
46 36 80
46 37 30
46 38 30
46 39 30
46 40 60
46 41 40
46 42 30
46 43 30
46 44 80
46 45 40
46 47 40
46 48 80
46 49 80
46 50 40
46 51 60
46 52 40
46 53 40
46 54 80
46 55 40
46 56 40
46 57 40
46 58 30
46 59 60
46 60 60
46 61 60
46 62 80
46 63 40
46 64 40
46 65 80
46 66 60
46 67 40
46 68 60
46 69 60
46 70 80
46 71 80
46 72 40
46 73 80
46 74 40
46 75 80
46 76 40
46 77 60
46 78 80
47 0 30
47 1 80
47 2 80
47 3 30
47 4 60
47 5 80
47 6 80
47 7 80
47 8 80
47 9 80
47 10 30
47 11 80
47 12 80
47 13 40
47 14 40
47 15 60
47 16 80
47 17 30
47 18 80
47 19 40
47 20 60
47 21 80
47 22 40
47 23 40
47 24 40
47 25 60
47 26 40
47 27 80
47 28 30
47 29 60
47 30 40
47 31 60
47 32 30
47 33 40
47 34 30
47 35 30
47 36 80
47 37 80
47 38 40
47 39 80
47 40 80
47 41 60
47 42 30
47 43 40
47 44 80
47 45 30
47 46 60
47 48 40
47 49 60
47 50 40
47 51 30
47 52 60
47 53 40
47 54 60
47 55 40
47 56 30
47 57 40
47 58 80
47 59 40
47 60 30
47 61 60
47 62 40
47 63 40
47 64 30
47 65 60
47 66 80
47 67 80
47 68 40
47 69 60
47 70 30
47 71 80
47 72 80
47 73 40
47 74 80
47 75 40
47 76 80
47 77 30
47 78 60
48 0 60
48 1 60
48 2 30
48 3 60
48 4 60
48 5 80
48 6 80
48 7 80
48 8 80
48 9 30
48 10 80
48 11 60
48 12 30
48 13 60
48 14 30
48 15 30
48 16 30
48 17 80
48 18 30
48 19 60
48 20 80
48 21 40
48 22 40
48 23 60
48 24 30
48 25 60
48 26 30
48 27 30
48 28 60
48 29 80
48 30 60
48 31 40
48 32 40
48 33 60
48 34 30
48 35 40
48 36 80
48 37 40
48 38 80
48 39 40
48 40 80
48 41 80
48 42 40
48 43 60
48 44 30
48 45 80
48 46 30
48 47 60
48 49 30
48 50 80
48 51 40
48 52 30
48 53 60
48 54 80
48 55 80
48 56 30
48 57 30
48 58 30
48 59 60
48 60 40
48 61 80
48 62 80
48 63 60
48 64 30
48 65 40
48 66 30
48 67 60
48 68 60
48 69 40
48 70 60
48 71 40
48 72 60
48 73 80
48 74 60
48 75 30
48 76 30
48 77 60
48 78 30
49 0 30
49 1 30
49 2 60
49 3 80
49 4 60
49 5 40
49 6 80
49 7 40
49 8 80
49 9 60
49 10 40
49 11 30
49 12 40
49 13 80
49 14 80
49 15 30
49 16 30
49 17 60
49 18 40
49 19 40
49 20 80
49 21 60
49 22 80
49 23 80
49 24 40
49 25 80
49 26 80
49 27 60
49 28 60
49 29 30
49 30 80
49 31 80
49 32 60
49 33 30
49 34 30
49 35 40
49 36 40
49 37 40
49 38 30
49 39 80
49 40 60
49 41 40
49 42 80
49 43 30
49 44 40
49 45 80
49 46 40
49 47 60
49 48 80
49 50 40
49 51 60
49 52 30
49 53 80
49 54 30
49 55 60
49 56 80
49 57 80
49 58 80
49 59 40
49 60 40
49 61 40
49 62 30
49 63 40
49 64 80
49 65 30
49 66 30
49 67 40
49 68 40
49 69 80
49 70 30
49 71 80
49 72 40
49 73 40
49 74 80
49 75 40
49 76 40
49 77 40
49 78 30
50 0 60
50 1 60
50 2 40
50 3 80
50 4 30
50 5 80
50 6 80
50 7 80
50 8 60
50 9 80
50 10 80
50 11 30
50 12 60
50 13 40
50 14 40
50 15 30
50 16 40
50 17 40
50 18 60
50 19 40
50 20 60
50 21 30
50 22 40
50 23 80
50 24 80
50 25 60
50 26 60
50 27 40
50 28 60
50 29 30
50 30 60
50 31 30
50 32 30
50 33 40
50 34 80
50 35 60
50 36 80
50 37 60
50 38 80
50 39 40
50 40 60
50 41 40
50 42 80
50 43 40
50 44 40
50 45 30
50 46 60
50 47 80
50 48 80
50 49 30
50 51 80
50 52 60
50 53 30
50 54 60
50 55 80
50 56 60
50 57 60
50 58 80
50 59 30
50 60 40
50 61 30
50 62 40
50 63 30
50 64 60
50 65 40
50 66 40
50 67 30
50 68 60
50 69 80
50 70 80
50 71 30
50 72 30
50 73 30
50 74 60
50 75 80
50 76 40
50 77 40
50 78 80
51 0 80
51 1 30
51 2 80
51 3 60
51 4 60
51 5 40
51 6 40
51 7 80
51 8 40
51 9 30
51 10 40
51 11 30
51 12 40
51 13 40
51 14 30
51 15 30
51 16 60
51 17 60
51 18 30
51 19 60
51 20 40
51 21 60
51 22 40
51 23 30
51 24 40
51 25 80
51 26 60
51 27 40
51 28 40
51 29 60
51 30 60
51 31 40
51 32 80
51 33 40
51 34 80
51 35 60
51 36 40
51 37 80
51 38 30
51 39 60
51 40 80
51 41 30
51 42 60
51 43 40
51 44 30
51 45 80
51 46 80
51 47 80
51 48 80
51 49 40
51 50 30
51 52 40
51 53 40
51 54 30
51 55 80
51 56 60
51 57 60
51 58 60
51 59 40
51 60 80
51 61 40
51 62 60
51 63 30
51 64 40
51 65 40
51 66 60
51 67 30
51 68 80
51 69 80
51 70 60
51 71 40
51 72 60
51 73 60
51 74 80
51 75 30
51 76 60
51 77 60
51 78 40
52 0 60
52 1 30
52 2 80
52 3 60
52 4 80
52 5 60
52 6 80
52 7 80
52 8 30
52 9 60
52 10 40
52 11 40
52 12 40
52 13 40
52 14 30
52 15 30
52 16 30
52 17 40
52 18 30
52 19 80
52 20 60
52 21 30
52 22 60
52 23 30
52 24 30
52 25 60
52 26 80
52 27 30
52 28 80
52 29 40
52 30 80
52 31 30
52 32 60
52 33 60
52 34 60
52 35 40
52 36 30
52 37 60
52 38 30
52 39 60
52 40 60
52 41 40
52 42 60
52 43 60
52 44 80
52 45 60
52 46 30
52 47 40
52 48 60
52 49 40
52 50 80
52 51 40
52 53 60
52 54 30
52 55 60
52 56 30
52 57 30
52 58 40
52 59 60
52 60 30
52 61 30
52 62 40
52 63 60
52 64 30
52 65 30
52 66 30
52 67 80
52 68 60
52 69 30
52 70 30
52 71 40
52 72 40
52 73 60
52 74 80
52 75 40
52 76 80
52 77 60
52 78 80
53 0 80
53 1 40
53 2 80
53 3 80
53 4 80
53 5 30
53 6 60
53 7 30
53 8 80
53 9 40
53 10 80
53 11 80
53 12 60
53 13 30
53 14 30
53 15 30
53 16 60
53 17 30
53 18 30
53 19 80
53 20 30
53 21 60
53 22 60
53 23 40
53 24 60
53 25 30
53 26 30
53 27 30
53 28 30
53 29 60
53 30 40
53 31 30
53 32 60
53 33 40
53 34 40
53 35 60
53 36 60
53 37 40
53 38 30
53 39 40
53 40 40
53 41 60
53 42 60
53 43 40
53 44 30
53 45 80
53 46 80
53 47 40
53 48 80
53 49 80
53 50 80
53 51 30
53 52 80
53 54 60
53 55 30
53 56 80
53 57 60
53 58 60
53 59 30
53 60 30
53 61 30
53 62 30
53 63 40
53 64 60
53 65 60
53 66 40
53 67 80
53 68 80
53 69 30
53 70 80
53 71 30
53 72 30
53 73 80
53 74 80
53 75 60
53 76 80
53 77 60
53 78 60
54 0 40
54 1 80
54 2 40
54 3 60
54 4 60
54 5 80
54 6 30
54 7 30
54 8 30
54 9 40
54 10 60
54 11 80
54 12 60
54 13 30
54 14 80
54 15 60
54 16 80
54 17 80
54 18 80
54 19 30
54 20 60
54 21 60
54 22 40
54 23 60
54 24 60
54 25 40
54 26 30
54 27 60
54 28 30
54 29 60
54 30 30
54 31 60
54 32 80
54 33 30
54 34 80
54 35 80
54 36 40
54 37 40
54 38 60
54 39 60
54 40 60
54 41 30
54 42 60
54 43 30
54 44 80
54 45 30
54 46 30
54 47 40
54 48 40
54 49 40
54 50 30
54 51 80
54 52 80
54 53 30
54 55 30
54 56 30
54 57 60
54 58 80
54 59 80
54 60 60
54 61 40
54 62 60
54 63 80
54 64 60
54 65 30
54 66 40
54 67 40
54 68 40
54 69 60
54 70 60
54 71 30
54 72 40
54 73 30
54 74 80
54 75 40
54 76 30
54 77 80
54 78 60
55 0 40
55 1 30
55 2 40
55 3 30
55 4 80
55 5 80
55 6 80
55 7 30
55 8 30
55 9 60
55 10 30
55 11 80
55 12 80
55 13 40
55 14 30
55 15 30
55 16 80
55 17 40
55 18 40
55 19 60
55 20 80
55 21 40
55 22 30
55 23 80
55 24 80
55 25 60
55 26 30
55 27 60
55 28 30
55 29 60
55 30 60
55 31 30
55 32 30
55 33 40
55 34 80
55 35 80
55 36 40
55 37 60
55 38 40
55 39 60
55 40 30
55 41 30
55 42 60
55 43 60
55 44 30
55 45 30
55 46 40
55 47 60
55 48 80
55 49 80
55 50 80
55 51 80
55 52 30
55 53 60
55 54 40
55 56 30
55 57 30
55 58 60
55 59 60
55 60 30
55 61 40
55 62 80
55 63 60
55 64 60
55 65 60
55 66 40
55 67 60
55 68 30
55 69 60
55 70 80
55 71 80
55 72 60
55 73 80
55 74 60
55 75 60
55 76 60
55 77 30
55 78 30
56 0 80
56 1 80
56 2 30
56 3 60
56 4 80
56 5 80
56 6 40
56 7 40
56 8 60
56 9 60
56 10 80
56 11 80
56 12 80
56 13 80
56 14 40
56 15 40
56 16 30
56 17 60
56 18 80
56 19 60
56 20 60
56 21 80
56 22 80
56 23 60
56 24 30
56 25 60
56 26 80
56 27 60
56 28 40
56 29 80
56 30 80
56 31 30
56 32 30
56 33 30
56 34 40
56 35 30
56 36 60
56 37 60
56 38 60
56 39 60
56 40 80
56 41 60
56 42 40
56 43 30
56 44 60
56 45 30
56 46 30
56 47 60
56 48 40
56 49 80
56 50 40
56 51 80
56 52 60
56 53 60
56 54 30
56 55 80
56 57 30
56 58 60
56 59 30
56 60 60
56 61 80
56 62 60
56 63 40
56 64 80
56 65 30
56 66 80
56 67 40
56 68 40
56 69 40
56 70 60
56 71 40
56 72 40
56 73 30
56 74 80
56 75 30
56 76 60
56 77 30
56 78 60
57 0 30
57 1 30
57 2 40
57 3 30
57 4 30
57 5 80
57 6 40
57 7 30
57 8 60
57 9 30
57 10 80
57 11 60
57 12 60
57 13 60
57 14 80
57 15 30
57 16 40
57 17 40
57 18 30
57 19 80
57 20 80
57 21 30
57 22 80
57 23 40
57 24 40
57 25 40
57 26 80
57 27 80
57 28 60
57 29 30
57 30 60
57 31 60
57 32 30
57 33 40
57 34 60
57 35 60
57 36 60
57 37 60
57 38 80
57 39 40
57 40 80
57 41 40
57 42 80
57 43 30
57 44 30
57 45 60
57 46 80
57 47 60
57 48 40
57 49 30
57 50 80
57 51 80
57 52 60
57 53 80
57 54 80
57 55 40
57 56 30
57 58 30
57 59 30
57 60 30
57 61 80
57 62 60
57 63 60
57 64 40
57 65 30
57 66 40
57 67 40
57 68 30
57 69 60
57 70 30
57 71 40
57 72 80
57 73 60
57 74 40
57 75 40
57 76 30
57 77 80
57 78 80
58 0 80
58 1 80
58 2 30
58 3 60
58 4 80
58 5 60
58 6 60
58 7 80
58 8 40
58 9 40
58 10 60
58 11 60
58 12 80
58 13 40
58 14 30
58 15 80
58 16 80
58 17 80
58 18 80
58 19 80
58 20 30
58 21 60
58 22 30
58 23 40
58 24 60
58 25 40
58 26 30
58 27 40
58 28 80
58 29 60
58 30 60
58 31 40
58 32 60
58 33 80
58 34 80
58 35 40
58 36 80
58 37 80
58 38 80
58 39 80
58 40 80
58 41 30
58 42 30
58 43 30
58 44 80
58 45 60
58 46 60
58 47 30
58 48 40
58 49 40
58 50 60
58 51 40
58 52 80
58 53 80
58 54 40
58 55 40
58 56 30
58 57 80
58 59 80
58 60 60
58 61 30
58 62 30
58 63 60
58 64 80
58 65 40
58 66 40
58 67 60
58 68 40
58 69 80
58 70 30
58 71 40
58 72 60
58 73 40
58 74 40
58 75 80
58 76 80
58 77 40
58 78 30
59 0 80
59 1 30
59 2 60
59 3 80
59 4 80
59 5 80
59 6 60
59 7 60
59 8 60
59 9 30
59 10 30
59 11 80
59 12 30
59 13 60
59 14 30
59 15 30
59 16 40
59 17 40
59 18 80
59 19 60
59 20 30
59 21 60
59 22 60
59 23 60
59 24 60
59 25 80
59 26 30
59 27 40
59 28 60
59 29 30
59 30 40
59 31 40
59 32 80
59 33 60
59 34 30
59 35 80
59 36 40
59 37 60
59 38 40
59 39 40
59 40 80
59 41 30
59 42 60
59 43 30
59 44 60
59 45 60
59 46 40
59 47 40
59 48 60
59 49 40
59 50 40
59 51 30
59 52 80
59 53 40
59 54 80
59 55 30
59 56 30
59 57 40
59 58 60
59 60 60
59 61 60
59 62 80
59 63 60
59 64 60
59 65 40
59 66 80
59 67 80
59 68 40
59 69 40
59 70 30
59 71 80
59 72 60
59 73 80
59 74 30
59 75 40
59 76 60
59 77 60
59 78 40
60 0 30
60 1 30
60 2 80
60 3 80
60 4 60
60 5 40
60 6 80
60 7 30
60 8 30
60 9 40
60 10 40
60 11 30
60 12 60
60 13 40
60 14 30
60 15 30
60 16 80
60 17 40
60 18 30
60 19 60
60 20 60
60 21 30
60 22 30
60 23 80
60 24 30
60 25 30
60 26 80
60 27 40
60 28 80
60 29 80
60 30 60
60 31 40
60 32 40
60 33 60
60 34 60
60 35 30
60 36 60
60 37 40
60 38 30
60 39 40
60 40 40
60 41 60
60 42 60
60 43 60
60 44 40
60 45 80
60 46 40
60 47 30
60 48 30
60 49 60
60 50 40
60 51 80
60 52 60
60 53 60
60 54 40
60 55 40
60 56 40
60 57 30
60 58 30
60 59 40
60 61 30
60 62 60
60 63 30
60 64 40
60 65 40
60 66 60
60 67 40
60 68 30
60 69 40
60 70 40
60 71 60
60 72 40
60 73 30
60 74 40
60 75 40
60 76 60
60 77 60
60 78 40
61 0 60
61 1 80
61 2 60
61 3 60
61 4 30
61 5 40
61 6 80
61 7 60
61 8 80
61 9 60
61 10 80
61 11 60
61 12 30
61 13 60
61 14 60
61 15 60
61 16 30
61 17 60
61 18 40
61 19 40
61 20 60
61 21 30
61 22 30
61 23 30
61 24 60
61 25 40
61 26 40
61 27 80
61 28 30
61 29 80
61 30 60
61 31 80
61 32 80
61 33 30
61 34 40
61 35 40
61 36 60
61 37 60
61 38 80
61 39 60
61 40 30
61 41 40
61 42 30
61 43 40
61 44 30
61 45 30
61 46 80
61 47 60
61 48 80
61 49 40
61 50 40
61 51 40
61 52 30
61 53 30
61 54 30
61 55 80
61 56 40
61 57 30
61 58 40
61 59 60
61 60 40
61 62 40
61 63 30
61 64 40
61 65 30
61 66 60
61 67 80
61 68 60
61 69 40
61 70 80
61 71 30
61 72 30
61 73 60
61 74 80
61 75 30
61 76 40
61 77 30
61 78 30
62 0 80
62 1 80
62 2 40
62 3 30
62 4 30
62 5 40
62 6 30
62 7 40
62 8 30
62 9 40
62 10 80
62 11 40
62 12 80
62 13 60
62 14 60
62 15 30
62 16 40
62 17 80
62 18 80
62 19 40
62 20 40
62 21 60
62 22 60
62 23 80
62 24 80
62 25 30
62 26 40
62 27 60
62 28 60
62 29 40
62 30 60
62 31 60
62 32 30
62 33 60
62 34 30
62 35 40
62 36 30
62 37 80
62 38 80
62 39 30
62 40 30
62 41 80
62 42 30
62 43 60
62 44 40
62 45 40
62 46 40
62 47 40
62 48 80
62 49 30
62 50 30
62 51 80
62 52 60
62 53 80
62 54 40
62 55 40
62 56 30
62 57 30
62 58 30
62 59 40
62 60 80
62 61 60
62 63 40
62 64 60
62 65 40
62 66 60
62 67 80
62 68 40
62 69 80
62 70 80
62 71 30
62 72 60
62 73 60
62 74 40
62 75 40
62 76 60
62 77 30
62 78 80
63 0 60
63 1 30
63 2 30
63 3 40
63 4 80
63 5 40
63 6 80
63 7 40
63 8 80
63 9 30
63 10 40
63 11 30
63 12 40
63 13 30
63 14 80
63 15 40
63 16 30
63 17 80
63 18 60
63 19 80
63 20 30
63 21 40
63 22 40
63 23 40
63 24 40
63 25 40
63 26 40
63 27 80
63 28 30
63 29 60
63 30 80
63 31 60
63 32 80
63 33 40
63 34 60
63 35 80
63 36 60
63 37 30
63 38 60
63 39 40
63 40 30
63 41 80
63 42 30
63 43 80
63 44 80
63 45 60
63 46 40
63 47 80
63 48 40
63 49 60
63 50 80
63 51 60
63 52 40
63 53 80
63 54 60
63 55 40
63 56 40
63 57 30
63 58 30
63 59 30
63 60 60
63 61 30
63 62 80
63 64 30
63 65 60
63 66 60
63 67 80
63 68 60
63 69 80
63 70 80
63 71 40
63 72 30
63 73 80
63 74 40
63 75 40
63 76 60
63 77 80
63 78 40
64 0 80
64 1 80
64 2 40
64 3 60
64 4 80
64 5 60
64 6 40
64 7 80
64 8 30
64 9 80
64 10 30
64 11 80
64 12 40
64 13 40
64 14 40
64 15 40
64 16 80
64 17 30
64 18 60
64 19 60
64 20 80
64 21 60
64 22 60
64 23 40
64 24 30
64 25 80
64 26 30
64 27 80
64 28 80
64 29 80
64 30 60
64 31 40
64 32 60
64 33 60
64 34 80
64 35 80
64 36 80
64 37 40
64 38 60
64 39 30
64 40 60
64 41 40
64 42 30
64 43 60
64 44 30
64 45 80
64 46 30
64 47 30
64 48 30
64 49 80
64 50 30
64 51 30
64 52 60
64 53 30
64 54 40
64 55 30
64 56 40
64 57 40
64 58 30
64 59 80
64 60 60
64 61 40
64 62 40
64 63 30
64 65 80
64 66 30
64 67 60
64 68 80
64 69 30
64 70 30
64 71 30
64 72 30
64 73 40
64 74 80
64 75 80
64 76 80
64 77 60
64 78 30
65 0 60
65 1 40
65 2 80
65 3 80
65 4 80
65 5 40
65 6 30
65 7 80
65 8 80
65 9 80
65 10 60
65 11 30
65 12 30
65 13 30
65 14 80
65 15 30
65 16 80
65 17 30
65 18 30
65 19 40
65 20 30
65 21 60
65 22 40
65 23 30
65 24 80
65 25 30
65 26 60
65 27 80
65 28 30
65 29 60
65 30 80
65 31 30
65 32 80
65 33 30
65 34 30
65 35 30
65 36 60
65 37 40
65 38 40
65 39 30
65 40 80
65 41 80
65 42 60
65 43 60
65 44 60
65 45 60
65 46 80
65 47 80
65 48 60
65 49 80
65 50 40
65 51 60
65 52 80
65 53 40
65 54 80
65 55 30
65 56 30
65 57 40
65 58 60
65 59 80
65 60 60
65 61 40
65 62 40
65 63 60
65 64 30
65 66 80
65 67 30
65 68 60
65 69 60
65 70 60
65 71 30
65 72 80
65 73 40
65 74 60
65 75 60
65 76 40
65 77 80
65 78 60
66 0 60
66 1 40
66 2 80
66 3 30
66 4 80
66 5 30
66 6 80
66 7 40
66 8 80
66 9 40
66 10 80
66 11 80
66 12 80
66 13 80
66 14 40
66 15 30
66 16 40
66 17 40
66 18 60
66 19 60
66 20 80
66 21 30
66 22 60
66 23 60
66 24 30
66 25 80
66 26 30
66 27 60
66 28 60
66 29 40
66 30 30
66 31 40
66 32 30
66 33 80
66 34 40
66 35 40
66 36 40
66 37 30
66 38 60
66 39 30
66 40 40
66 41 40
66 42 80
66 43 40
66 44 60
66 45 60
66 46 60
66 47 30
66 48 40
66 49 60
66 50 40
66 51 40
66 52 30
66 53 30
66 54 80
66 55 80
66 56 60
66 57 40
66 58 40
66 59 80
66 60 40
66 61 30
66 62 40
66 63 60
66 64 40
66 65 30
66 67 40
66 68 40
66 69 80
66 70 30
66 71 30
66 72 80
66 73 30
66 74 40
66 75 40
66 76 80
66 77 60
66 78 60
67 0 80
67 1 40
67 2 60
67 3 40
67 4 60
67 5 40
67 6 40
67 7 80
67 8 40
67 9 40
67 10 30
67 11 40
67 12 60
67 13 30
67 14 40
67 15 30
67 16 30
67 17 80
67 18 30
67 19 40
67 20 40
67 21 60
67 22 30
67 23 80
67 24 30
67 25 60
67 26 60
67 27 30
67 28 30
67 29 40
67 30 40
67 31 80
67 32 80
67 33 80
67 34 80
67 35 40
67 36 80
67 37 60
67 38 80
67 39 60
67 40 60
67 41 30
67 42 60
67 43 30
67 44 60
67 45 30
67 46 30
67 47 30
67 48 80
67 49 80
67 50 30
67 51 80
67 52 40
67 53 30
67 54 60
67 55 60
67 56 30
67 57 30
67 58 60
67 59 40
67 60 40
67 61 80
67 62 80
67 63 80
67 64 30
67 65 60
67 66 80
67 68 30
67 69 40
67 70 30
67 71 80
67 72 30
67 73 60
67 74 40
67 75 40
67 76 80
67 77 80
67 78 80
68 0 40
68 1 80
68 2 30
68 3 60
68 4 30
68 5 30
68 6 80
68 7 40
68 8 30
68 9 80
68 10 40
68 11 30
68 12 80
68 13 60
68 14 40
68 15 60
68 16 80
68 17 80
68 18 30
68 19 40
68 20 30
68 21 30
68 22 80
68 23 40
68 24 60
68 25 40
68 26 30
68 27 60
68 28 40
68 29 80
68 30 60
68 31 40
68 32 80
68 33 30
68 34 80
68 35 30
68 36 80
68 37 40
68 38 80
68 39 60
68 40 30
68 41 60
68 42 30
68 43 30
68 44 80
68 45 80
68 46 80
68 47 80
68 48 60
68 49 30
68 50 60
68 51 30
68 52 60
68 53 40
68 54 80
68 55 60
68 56 30
68 57 40
68 58 40
68 59 80
68 60 30
68 61 80
68 62 60
68 63 30
68 64 60
68 65 40
68 66 60
68 67 40
68 69 60
68 70 40
68 71 40
68 72 80
68 73 30
68 74 30
68 75 30
68 76 40
68 77 60
68 78 40
69 0 30
69 1 40
69 2 60
69 3 80
69 4 60
69 5 30
69 6 60
69 7 60
69 8 40
69 9 60
69 10 80
69 11 40
69 12 30
69 13 60
69 14 30
69 15 40
69 16 80
69 17 30
69 18 80
69 19 40
69 20 40
69 21 80
69 22 80
69 23 40
69 24 60
69 25 80
69 26 40
69 27 80
69 28 40
69 29 30
69 30 40
69 31 80
69 32 30
69 33 60
69 34 60
69 35 80
69 36 30
69 37 40
69 38 30
69 39 30
69 40 60
69 41 60
69 42 60
69 43 80
69 44 40
69 45 60
69 46 80
69 47 30
69 48 80
69 49 40
69 50 30
69 51 30
69 52 60
69 53 60
69 54 40
69 55 80
69 56 30
69 57 30
69 58 30
69 59 80
69 60 60
69 61 40
69 62 30
69 63 30
69 64 80
69 65 60
69 66 80
69 67 80
69 68 60
69 70 30
69 71 30
69 72 30
69 73 60
69 74 40
69 75 80
69 76 80
69 77 40
69 78 40
70 0 80
70 1 40
70 2 80
70 3 80
70 4 80
70 5 80
70 6 30
70 7 30
70 8 40
70 9 80
70 10 40
70 11 30
70 12 80
70 13 60
70 14 60
70 15 30
70 16 30
70 17 30
70 18 40
70 19 30
70 20 60
70 21 80
70 22 80
70 23 60
70 24 80
70 25 80
70 26 80
70 27 40
70 28 80
70 29 40
70 30 80
70 31 60
70 32 40
70 33 80
70 34 30
70 35 40
70 36 80
70 37 30
70 38 40
70 39 40
70 40 40
70 41 80
70 42 60
70 43 30
70 44 40
70 45 60
70 46 60
70 47 60
70 48 80
70 49 40
70 50 30
70 51 80
70 52 30
70 53 40
70 54 30
70 55 40
70 56 40
70 57 80
70 58 40
70 59 60
70 60 30
70 61 60
70 62 80
70 63 30
70 64 80
70 65 40
70 66 60
70 67 60
70 68 30
70 69 60
70 71 80
70 72 60
70 73 30
70 74 40
70 75 60
70 76 30
70 77 40
70 78 40
71 0 60
71 1 60
71 2 80
71 3 80
71 4 40
71 5 80
71 6 60
71 7 40
71 8 40
71 9 60
71 10 80
71 11 80
71 12 60
71 13 30
71 14 60
71 15 30
71 16 40
71 17 60
71 18 30
71 19 40
71 20 80
71 21 30
71 22 30
71 23 80
71 24 60
71 25 40
71 26 40
71 27 80
71 28 30
71 29 40
71 30 80
71 31 60
71 32 60
71 33 60
71 34 80
71 35 60
71 36 40
71 37 60
71 38 30
71 39 40
71 40 30
71 41 60
71 42 30
71 43 80
71 44 80
71 45 30
71 46 30
71 47 30
71 48 80
71 49 30
71 50 80
71 51 30
71 52 80
71 53 30
71 54 80
71 55 30
71 56 80
71 57 60
71 58 80
71 59 80
71 60 80
71 61 30
71 62 30
71 63 40
71 64 80
71 65 60
71 66 80
71 67 40
71 68 30
71 69 80
71 70 60
71 72 80
71 73 80
71 74 30
71 75 60
71 76 30
71 77 80
71 78 60
72 0 30
72 1 60
72 2 40
72 3 80
72 4 40
72 5 30
72 6 40
72 7 60
72 8 80
72 9 80
72 10 40
72 11 30
72 12 80
72 13 40
72 14 80
72 15 40
72 16 40
72 17 80
72 18 30
72 19 60
72 20 80
72 21 80
72 22 40
72 23 30
72 24 40
72 25 40
72 26 30
72 27 30
72 28 40
72 29 60
72 30 80
72 31 80
72 32 30
72 33 60
72 34 60
72 35 80
72 36 40
72 37 80
72 38 80
72 39 30
72 40 80
72 41 80
72 42 80
72 43 60
72 44 30
72 45 60
72 46 80
72 47 80
72 48 60
72 49 30
72 50 60
72 51 40
72 52 30
72 53 40
72 54 60
72 55 60
72 56 30
72 57 40
72 58 60
72 59 40
72 60 30
72 61 80
72 62 40
72 63 40
72 64 80
72 65 80
72 66 30
72 67 40
72 68 40
72 69 40
72 70 80
72 71 40
72 73 60
72 74 60
72 75 60
72 76 60
72 77 40
72 78 60
73 0 80
73 1 60
73 2 80
73 3 30
73 4 60
73 5 60
73 6 40
73 7 30
73 8 40
73 9 40
73 10 60
73 11 80
73 12 40
73 13 30
73 14 80
73 15 40
73 16 80
73 17 80
73 18 80
73 19 60
73 20 60
73 21 30
73 22 60
73 23 80
73 24 80
73 25 60
73 26 80
73 27 30
73 28 40
73 29 60
73 30 60
73 31 80
73 32 40
73 33 40
73 34 80
73 35 80
73 36 30
73 37 30
73 38 30
73 39 40
73 40 80
73 41 80
73 42 30
73 43 60
73 44 60
73 45 40
73 46 80
73 47 60
73 48 40
73 49 80
73 50 60
73 51 60
73 52 40
73 53 80
73 54 30
73 55 30
73 56 80
73 57 40
73 58 60
73 59 40
73 60 60
73 61 60
73 62 30
73 63 30
73 64 80
73 65 40
73 66 40
73 67 60
73 68 60
73 69 60
73 70 30
73 71 40
73 72 40
73 74 80
73 75 30
73 76 30
73 77 80
73 78 80
74 0 40
74 1 40
74 2 40
74 3 30
74 4 30
74 5 30
74 6 60
74 7 60
74 8 30
74 9 40
74 10 80
74 11 30
74 12 60
74 13 80
74 14 80
74 15 80
74 16 40
74 17 60
74 18 80
74 19 40
74 20 60
74 21 60
74 22 80
74 23 80
74 24 40
74 25 60
74 26 30
74 27 30
74 28 40
74 29 80
74 30 30
74 31 30
74 32 80
74 33 40
74 34 40
74 35 60
74 36 30
74 37 30
74 38 30
74 39 40
74 40 30
74 41 40
74 42 60
74 43 80
74 44 40
74 45 40
74 46 60
74 47 80
74 48 60
74 49 60
74 50 80
74 51 60
74 52 40
74 53 80
74 54 30
74 55 80
74 56 80
74 57 40
74 58 80
74 59 60
74 60 30
74 61 30
74 62 30
74 63 60
74 64 40
74 65 40
74 66 40
74 67 30
74 68 40
74 69 80
74 70 40
74 71 40
74 72 40
74 73 40
74 75 40
74 76 60
74 77 30
74 78 40
75 0 60
75 1 80
75 2 80
75 3 30
75 4 60
75 5 40
75 6 60
75 7 40
75 8 40
75 9 30
75 10 40
75 11 60
75 12 40
75 13 60
75 14 80
75 15 80
75 16 80
75 17 60
75 18 40
75 19 60
75 20 80
75 21 60
75 22 80
75 23 80
75 24 80
75 25 30
75 26 30
75 27 40
75 28 60
75 29 80
75 30 80
75 31 40
75 32 40
75 33 30
75 34 80
75 35 80
75 36 60
75 37 80
75 38 80
75 39 40
75 40 30
75 41 80
75 42 30
75 43 60
75 44 80
75 45 30
75 46 60
75 47 40
75 48 60
75 49 40
75 50 60
75 51 30
75 52 30
75 53 40
75 54 40
75 55 40
75 56 60
75 57 80
75 58 60
75 59 80
75 60 80
75 61 30
75 62 40
75 63 80
75 64 60
75 65 60
75 66 30
75 67 80
75 68 60
75 69 30
75 70 80
75 71 80
75 72 40
75 73 80
75 74 80
75 76 30
75 77 30
75 78 30
76 0 30
76 1 30
76 2 40
76 3 60
76 4 40
76 5 30
76 6 80
76 7 30
76 8 80
76 9 40
76 10 80
76 11 80
76 12 30
76 13 30
76 14 30
76 15 30
76 16 40
76 17 30
76 18 80
76 19 40
76 20 30
76 21 40
76 22 40
76 23 60
76 24 60
76 25 60
76 26 40
76 27 30
76 28 60
76 29 60
76 30 40
76 31 40
76 32 30
76 33 80
76 34 60
76 35 60
76 36 80
76 37 30
76 38 80
76 39 80
76 40 80
76 41 60
76 42 40
76 43 80
76 44 30
76 45 40
76 46 30
76 47 40
76 48 40
76 49 30
76 50 60
76 51 60
76 52 60
76 53 80
76 54 60
76 55 30
76 56 30
76 57 40
76 58 60
76 59 60
76 60 30
76 61 40
76 62 40
76 63 80
76 64 30
76 65 40
76 66 60
76 67 80
76 68 40
76 69 80
76 70 60
76 71 40
76 72 80
76 73 80
76 74 30
76 75 40
76 77 60
76 78 80
77 0 80
77 1 80
77 2 30
77 3 30
77 4 80
77 5 60
77 6 40
77 7 80
77 8 60
77 9 40
77 10 60
77 11 30
77 12 40
77 13 40
77 14 80
77 15 80
77 16 60
77 17 80
77 18 40
77 19 40
77 20 30
77 21 30
77 22 40
77 23 30
77 24 80
77 25 80
77 26 80
77 27 30
77 28 60
77 29 30
77 30 30
77 31 40
77 32 60
77 33 60
77 34 80
77 35 30
77 36 30
77 37 40
77 38 30
77 39 80
77 40 60
77 41 80
77 42 40
77 43 30
77 44 80
77 45 80
77 46 80
77 47 80
77 48 30
77 49 80
77 50 60
77 51 40
77 52 30
77 53 80
77 54 30
77 55 40
77 56 40
77 57 40
77 58 60
77 59 30
77 60 30
77 61 30
77 62 80
77 63 40
77 64 80
77 65 30
77 66 60
77 67 80
77 68 80
77 69 60
77 70 80
77 71 30
77 72 30
77 73 60
77 74 40
77 75 30
77 76 40
77 78 40
78 0 30
78 1 80
78 2 80
78 3 40
78 4 60
78 5 30
78 6 30
78 7 80
78 8 60
78 9 60
78 10 60
78 11 80
78 12 40
78 13 60
78 14 60
78 15 40
78 16 60
78 17 80
78 18 40
78 19 60
78 20 60
78 21 30
78 22 80
78 23 80
78 24 60
78 25 40
78 26 80
78 27 30
78 28 80
78 29 60
78 30 30
78 31 40
78 32 60
78 33 80
78 34 80
78 35 60
78 36 40
78 37 60
78 38 60
78 39 40
78 40 80
78 41 30
78 42 80
78 43 40
78 44 40
78 45 60
78 46 80
78 47 40
78 48 40
78 49 80
78 50 80
78 51 80
78 52 30
78 53 40
78 54 30
78 55 40
78 56 80
78 57 60
78 58 40
78 59 40
78 60 80
78 61 60
78 62 30
78 63 30
78 64 80
78 65 30
78 66 30
78 67 80
78 68 60
78 69 40
78 70 60
78 71 30
78 72 80
78 73 30
78 74 40
78 75 30
78 76 60
78 77 60
