NAME C75R4-2
SOURCE Zhang et al. (2018) methodology — reproducible synthetic benchmark
N_CUSTOMERS 75
N_STATIONS 4
VARIANT 2
GRID_MILES 200.0
VEHICLE_CAPACITY 3.0
BATTERY_KWH 110.0
CURB_WEIGHT_KG 2000.0
ALPHA_ARC 0.0981
BETA_VEH 2.11
EFF_D 1.11
EFF_M 1.25
SPEED_SEED 26022472
CUSTOMER_SEED 84775
STATION_SEED 94907

NODES
0 160934.400000 160934.400000 0.000000 depot_start
1 4166.777309 112446.408097 0.065939 customer
2 160201.125722 220015.030210 0.099294 customer
3 113715.269829 259656.071873 0.057959 customer
4 181723.897430 177879.048946 0.101338 customer
5 304607.858454 162739.845983 0.149470 customer
6 313225.365828 247373.594695 0.119500 customer
7 140490.223852 169117.603149 0.069407 customer
8 40525.271997 104997.463967 0.123212 customer
9 239561.275752 194483.897893 0.117872 customer
10 305107.895036 261627.707619 0.143360 customer
11 265040.477963 288573.247680 0.059169 customer
12 52232.902779 10012.648536 0.117693 customer
13 278653.859910 12179.929637 0.103971 customer
14 262305.078952 253253.010725 0.062847 customer
15 80090.331992 259688.908345 0.081407 customer
16 182729.127829 80069.871255 0.071073 customer
17 181256.967090 156868.427264 0.086575 customer
18 276085.673283 93348.218797 0.120788 customer
19 186182.031700 279947.123149 0.135162 customer
20 225275.912606 274204.852617 0.067994 customer
21 206822.700208 202514.580516 0.057529 customer
22 167279.666733 214454.329315 0.127533 customer
23 9346.178280 252262.115648 0.076428 customer
24 30783.875806 127664.383336 0.110586 customer
25 168683.591165 317060.868864 0.138301 customer
26 230940.200190 130615.945218 0.081651 customer
27 145659.918941 148877.545368 0.060138 customer
28 312979.259584 264079.636684 0.120565 customer
29 207948.122834 262321.120370 0.050855 customer
30 79748.776776 218516.683899 0.138973 customer
31 218002.612138 129679.613759 0.131294 customer
32 232642.591491 276024.814661 0.074728 customer
33 198826.219632 8982.201744 0.148221 customer
34 141007.047235 72157.331957 0.107147 customer
35 216302.900600 290644.114474 0.149527 customer
36 8187.407633 209388.625368 0.051916 customer
37 76592.837097 103798.790854 0.132574 customer
38 168502.933207 2609.713305 0.113783 customer
39 123778.380196 139117.001630 0.055457 customer
40 174949.141486 61845.118731 0.117836 customer
41 233639.441824 208164.234116 0.111161 customer
42 126579.122027 121882.375273 0.079315 customer
43 161449.279976 61550.869904 0.088292 customer
44 59365.485103 171423.633432 0.074188 customer
45 117721.540752 99214.301000 0.122642 customer
46 212843.819990 266218.671297 0.080241 customer
47 218007.439805 20860.487837 0.090464 customer
48 220694.311264 49107.635674 0.095756 customer
49 286457.207734 159112.831645 0.059892 customer
50 209392.417290 310882.218450 0.135349 customer
51 131991.251670 270860.202387 0.129195 customer
52 63152.447464 171939.682565 0.111942 customer
53 251673.417013 167944.181369 0.108772 customer
54 128271.872108 41267.218659 0.090678 customer
55 64407.459876 55492.786748 0.073723 customer
56 257421.518692 210963.859932 0.067221 customer
57 255929.257493 274009.616117 0.143267 customer
58 203764.607943 30677.243336 0.099962 customer
59 195456.321755 21327.121930 0.100448 customer
60 231152.798084 161464.545312 0.109604 customer
61 20389.217437 84188.955809 0.140641 customer
62 120963.286764 216155.250590 0.097996 customer
63 96330.937482 159636.037521 0.094353 customer
64 21083.148414 306551.917878 0.082487 customer
65 98250.036218 100057.574783 0.078551 customer
66 1057.211672 150382.876802 0.097043 customer
67 109179.329280 293966.386576 0.125660 customer
68 218346.277083 60843.119035 0.138139 customer
69 20559.541351 1462.260606 0.143168 customer
70 239266.405891 286734.679977 0.143060 customer
71 117213.633846 187018.188653 0.064346 customer
72 109922.647897 182247.497104 0.095573 customer
73 140292.353652 186466.549766 0.123795 customer
74 103406.421827 20741.635206 0.093087 customer
75 84025.391324 245379.896484 0.131752 customer
76 253696.213078 286471.914556 0.000000 station
77 82899.343613 106634.624986 0.000000 station
78 47280.976626 34060.494190 0.000000 station
79 274441.888561 321817.364233 0.000000 station
80 160934.400000 160934.400000 0.000000 depot_end

SPEEDS
0 1 80
0 2 60
0 3 60
0 4 80
0 5 60
0 6 30
0 7 80
0 8 60
0 9 80
0 10 80
0 11 30
0 12 60
0 13 30
0 14 60
0 15 30
0 16 30
0 17 80
0 18 30
0 19 60
0 20 60
0 21 60
0 22 60
0 23 30
0 24 30
0 25 80
0 26 80
0 27 40
0 28 30
0 29 60
0 30 60
0 31 40
0 32 80
0 33 80
0 34 40
0 35 80
0 36 80
0 37 60
0 38 60
0 39 80
0 40 80
0 41 30
0 42 40
0 43 40
0 44 80
0 45 80
0 46 60
0 47 30
0 48 30
0 49 30
0 50 80
0 51 40
0 52 80
0 53 30
0 54 30
0 55 30
0 56 30
0 57 30
0 58 60
0 59 60
0 60 60
0 61 30
0 62 60
0 63 80
0 64 40
0 65 60
0 66 60
0 67 80
0 68 80
0 69 60
0 70 30
0 71 60
0 72 40
0 73 30
0 74 30
0 75 40
0 76 40
0 77 40
0 78 40
0 79 30
0 80 80
1 0 30
1 2 40
1 3 80
1 4 40
1 5 30
1 6 30
1 7 30
1 8 60
1 9 40
1 10 30
1 11 40
1 12 30
1 13 30
1 14 40
1 15 60
1 16 60
1 17 60
1 18 30
1 19 30
1 20 40
1 21 40
1 22 60
1 23 30
1 24 80
1 25 60
1 26 30
1 27 30
1 28 30
1 29 60
1 30 40
1 31 80
1 32 30
1 33 80
1 34 60
1 35 30
1 36 80
1 37 80
1 38 30
1 39 40
1 40 80
1 41 40
1 42 30
1 43 40
1 44 80
1 45 80
1 46 40
1 47 40
1 48 30
1 49 40
1 50 30
1 51 30
1 52 80
1 53 30
1 54 60
1 55 60
1 56 30
1 57 40
1 58 80
1 59 30
1 60 80
1 61 60
1 62 30
1 63 80
1 64 30
1 65 80
1 66 80
1 67 30
1 68 80
1 69 30
1 70 30
1 71 80
1 72 30
1 73 30
1 74 30
1 75 30
1 76 40
1 77 60
1 78 60
1 79 40
1 80 40
2 0 40
2 1 40
2 3 60
2 4 30
2 5 40
2 6 30
2 7 40
2 8 60
2 9 80
2 10 30
2 11 30
2 12 80
2 13 60
2 14 60
2 15 60
2 16 60
2 17 60
2 18 60
2 19 40
2 20 80
2 21 60
2 22 60
2 23 60
2 24 80
2 25 30
2 26 80
2 27 80
2 28 80
2 29 60
2 30 60
2 31 30
2 32 30
2 33 30
2 34 40
2 35 80
2 36 60
2 37 60
2 38 80
2 39 30
2 40 30
2 41 80
2 42 40
2 43 80
2 44 30
2 45 60
2 46 40
2 47 80
2 48 60
2 49 40
2 50 30
2 51 40
2 52 60
2 53 30
2 54 40
2 55 30
2 56 80
2 57 40
2 58 40
2 59 60
2 60 30
2 61 60
2 62 80
2 63 30
2 64 30
2 65 30
2 66 40
2 67 80
2 68 40
2 69 60
2 70 30
2 71 40
2 72 40
2 73 40
2 74 30
2 75 60
2 76 80
2 77 40
2 78 40
2 79 80
2 80 80
3 0 60
3 1 40
3 2 40
3 4 40
3 5 30
3 6 40
3 7 60
3 8 40
3 9 60
3 10 80
3 11 60
3 12 40
3 13 30
3 14 40
3 15 40
3 16 30
3 17 30
3 18 80
3 19 40
3 20 60
3 21 80
3 22 80
3 23 80
3 24 60
3 25 60
3 26 60
3 27 80
3 28 60
3 29 30
3 30 40
3 31 30
3 32 30
3 33 40
3 34 40
3 35 80
3 36 30
3 37 30
3 38 60
3 39 60
3 40 60
3 41 80
3 42 40
3 43 80
3 44 40
3 45 40
3 46 60
3 47 30
3 48 60
3 49 30
3 50 30
3 51 40
3 52 60
3 53 30
3 54 40
3 55 80
3 56 40
3 57 80
3 58 40
3 59 40
3 60 30
3 61 40
3 62 30
3 63 60
3 64 40
3 65 60
3 66 30
3 67 30
3 68 80
3 69 60
3 70 80
3 71 60
3 72 60
3 73 40
3 74 60
3 75 80
3 76 80
3 77 80
3 78 40
3 79 80
3 80 30
4 0 60
4 1 30
4 2 60
4 3 60
4 5 60
4 6 40
4 7 30
4 8 80
4 9 60
4 10 40
4 11 60
4 12 60
4 13 60
4 14 80
4 15 30
4 16 40
4 17 40
4 18 40
4 19 40
4 20 40
4 21 80
4 22 60
4 23 80
4 24 60
4 25 80
4 26 80
4 27 60
4 28 80
4 29 30
4 30 30
4 31 30
4 32 40
4 33 40
4 34 40
4 35 30
4 36 40
4 37 40
4 38 60
4 39 30
4 40 60
4 41 30
4 42 30
4 43 30
4 44 60
4 45 40
4 46 40
4 47 60
4 48 60
4 49 80
4 50 30
4 51 80
4 52 80
4 53 40
4 54 80
4 55 60
4 56 80
4 57 80
4 58 30
4 59 30
4 60 40
4 61 40
4 62 30
4 63 80
4 64 40
4 65 30
4 66 60
4 67 80
4 68 60
4 69 30
4 70 40
4 71 30
4 72 30
4 73 30
4 74 40
4 75 30
4 76 30
4 77 30
4 78 40
4 79 60
4 80 40
5 0 30
5 1 40
5 2 30
5 3 30
5 4 40
5 6 60
5 7 30
5 8 40
5 9 60
5 10 80
5 11 40
5 12 80
5 13 60
5 14 30
5 15 80
5 16 40
5 17 60
5 18 60
5 19 30
5 20 30
5 21 30
5 22 30
5 23 40
5 24 30
5 25 40
5 26 30
5 27 60
5 28 60
5 29 80
5 30 40
5 31 40
5 32 80
5 33 60
5 34 40
5 35 40
5 36 40
5 37 80
5 38 30
5 39 40
5 40 60
5 41 60
5 42 30
5 43 80
5 44 60
5 45 60
5 46 60
5 47 40
5 48 30
5 49 40
5 50 60
5 51 30
5 52 40
5 53 40
5 54 30
5 55 30
5 56 60
5 57 30
5 58 60
5 59 60
5 60 30
5 61 40
5 62 40
5 63 80
5 64 60
5 65 40
5 66 60
5 67 30
5 68 80
5 69 60
5 70 30
5 71 30
5 72 40
5 73 30
5 74 40
5 75 60
5 76 40
5 77 40
5 78 30
5 79 40
5 80 30
6 0 30
6 1 60
6 2 40
6 3 40
6 4 80
6 5 80
6 7 30
6 8 60
6 9 80
6 10 80
6 11 80
6 12 60
6 13 60
6 14 60
6 15 80
6 16 30
6 17 60
6 18 30
6 19 30
6 20 60
6 21 30
6 22 40
6 23 80
6 24 60
6 25 40
6 26 40
6 27 60
6 28 40
6 29 40
6 30 40
6 31 40
6 32 30
6 33 30
6 34 30
6 35 40
6 36 40
6 37 60
6 38 30
6 39 30
6 40 80
6 41 80
6 42 30
6 43 60
6 44 30
6 45 40
6 46 80
6 47 40
6 48 60
6 49 30
6 50 60
6 51 60
6 52 60
6 53 40
6 54 40
6 55 80
6 56 80
6 57 40
6 58 80
6 59 30
6 60 60
6 61 80
6 62 80
6 63 30
6 64 80
6 65 30
6 66 40
6 67 80
6 68 80
6 69 40
6 70 30
6 71 80
6 72 40
6 73 80
6 74 80
6 75 60
6 76 80
6 77 60
6 78 60
6 79 30
6 80 60
7 0 60
7 1 60
7 2 80
7 3 30
7 4 40
7 5 80
7 6 40
7 8 60
7 9 80
7 10 60
7 11 80
7 12 60
7 13 80
7 14 80
7 15 80
7 16 60
7 17 40
7 18 30
7 19 40
7 20 40
7 21 40
7 22 60
7 23 30
7 24 80
7 25 40
7 26 40
7 27 40
7 28 60
7 29 30
7 30 40
7 31 40
7 32 80
7 33 40
7 34 60
7 35 60
7 36 60
7 37 30
7 38 30
7 39 60
7 40 30
7 41 40
7 42 60
7 43 80
7 44 30
7 45 30
7 46 40
7 47 30
7 48 40
7 49 80
7 50 30
7 51 60
7 52 30
7 53 80
7 54 60
7 55 40
7 56 40
7 57 40
7 58 80
7 59 30
7 60 60
7 61 80
7 62 30
7 63 30
7 64 40
7 65 40
7 66 30
7 67 60
7 68 30
7 69 40
7 70 60
7 71 40
7 72 40
7 73 80
7 74 80
7 75 80
7 76 80
7 77 30
7 78 60
7 79 60
7 80 40
8 0 30
8 1 30
8 2 40
8 3 30
8 4 60
8 5 80
8 6 30
8 7 30
8 9 40
8 10 40
8 11 40
8 12 80
8 13 60
8 14 60
8 15 60
8 16 60
8 17 30
8 18 60
8 19 80
8 20 30
8 21 60
8 22 80
8 23 40
8 24 40
8 25 80
8 26 40
8 27 60
8 28 60
8 29 40
8 30 60
8 31 30
8 32 80
8 33 40
8 34 60
8 35 60
8 36 30
8 37 80
8 38 60
8 39 30
8 40 80
8 41 60
8 42 40
8 43 60
8 44 60
8 45 60
8 46 60
8 47 60
8 48 80
8 49 40
8 50 60
8 51 60
8 52 30
8 53 80
8 54 80
8 55 80
8 56 30
8 57 60
8 58 30
8 59 40
8 60 80
8 61 60
8 62 40
8 63 40
8 64 80
8 65 80
8 66 80
8 67 40
8 68 80
8 69 40
8 70 30
8 71 60
8 72 30
8 73 40
8 74 40
8 75 30
8 76 40
8 77 80
8 78 30
8 79 80
8 80 60
9 0 30
9 1 60
9 2 30
9 3 40
9 4 80
9 5 60
9 6 30
9 7 60
9 8 60
9 10 40
9 11 80
9 12 80
9 13 30
9 14 40
9 15 30
9 16 30
9 17 40
9 18 60
9 19 40
9 20 30
9 21 60
9 22 60
9 23 60
9 24 60
9 25 60
9 26 40
9 27 30
9 28 80
9 29 80
9 30 80
9 31 40
9 32 30
9 33 60
9 34 60
9 35 80
9 36 80
9 37 80
9 38 30
9 39 80
9 40 80
9 41 80
9 42 30
9 43 80
9 44 30
9 45 40
9 46 80
9 47 30
9 48 30
9 49 40
9 50 30
9 51 80
9 52 40
9 53 80
9 54 60
9 55 80
9 56 60
9 57 40
9 58 30
9 59 30
9 60 30
9 61 60
9 62 30
9 63 30
9 64 40
9 65 80
9 66 30
9 67 80
9 68 40
9 69 80
9 70 80
9 71 80
9 72 40
9 73 30
9 74 80
9 75 30
9 76 40
9 77 40
9 78 40
9 79 30
9 80 60
10 0 80
10 1 60
10 2 60
10 3 80
10 4 30
10 5 60
10 6 40
10 7 30
10 8 40
10 9 80
10 11 60
10 12 80
10 13 60
10 14 60
10 15 30
10 16 80
10 17 60
10 18 40
10 19 30
10 20 80
10 21 60
10 22 80
10 23 30
10 24 60
10 25 60
10 26 30
10 27 30
10 28 40
10 29 40
10 30 60
10 31 80
10 32 40
10 33 60
10 34 30
10 35 60
10 36 40
10 37 30
10 38 60
10 39 40
10 40 30
10 41 30
10 42 80
10 43 40
10 44 60
10 45 40
10 46 30
10 47 60
10 48 30
10 49 40
10 50 30
10 51 60
10 52 30
10 53 30
10 54 60
10 55 30
10 56 40
10 57 30
10 58 80
10 59 80
10 60 60
10 61 30
10 62 40
10 63 30
10 64 30
10 65 30
10 66 80
10 67 40
10 68 40
10 69 30
10 70 80
10 71 80
10 72 60
10 73 60
10 74 40
10 75 60
10 76 30
10 77 80
10 78 60
10 79 80
10 80 40
11 0 30
11 1 30
11 2 80
11 3 60
11 4 30
11 5 60
11 6 80
11 7 60
11 8 60
11 9 30
11 10 40
11 12 60
11 13 60
11 14 30
11 15 30
11 16 60
11 17 60
11 18 30
11 19 80
11 20 80
11 21 60
11 22 40
11 23 80
11 24 30
11 25 30
11 26 30
11 27 30
11 28 40
11 29 60
11 30 60
11 31 30
11 32 60
11 33 30
11 34 80
11 35 30
11 36 60
11 37 30
11 38 80
11 39 60
11 40 80
11 41 30
11 42 40
11 43 40
11 44 80
11 45 40
11 46 80
11 47 60
11 48 60
11 49 80
11 50 80
11 51 80
11 52 80
11 53 80
11 54 40
11 55 80
11 56 30
11 57 40
11 58 40
11 59 80
11 60 60
11 61 80
11 62 30
11 63 80
11 64 30
11 65 30
11 66 80
11 67 40
11 68 80
11 69 80
11 70 60
11 71 30
11 72 30
11 73 60
11 74 30
11 75 40
11 76 30
11 77 30
11 78 80
11 79 60
11 80 80
12 0 80
12 1 60
12 2 30
12 3 80
12 4 60
12 5 60
12 6 40
12 7 80
12 8 80
12 9 60
12 10 30
12 11 40
12 13 60
12 14 80
12 15 30
12 16 30
12 17 30
12 18 30
12 19 60
12 20 60
12 21 60
12 22 40
12 23 60
12 24 60
12 25 40
12 26 80
12 27 80
12 28 80
12 29 40
12 30 60
12 31 80
12 32 80
12 33 30
12 34 60
12 35 60
12 36 30
12 37 60
12 38 40
12 39 80
12 40 80
12 41 80
12 42 40
12 43 30
12 44 60
12 45 80
12 46 30
12 47 40
12 48 80
12 49 30
12 50 30
12 51 40
12 52 60
12 53 80
12 54 80
12 55 80
12 56 80
12 57 60
12 58 30
12 59 40
12 60 60
12 61 30
12 62 40
12 63 40
12 64 30
12 65 30
12 66 30
12 67 80
12 68 80
12 69 80
12 70 80
12 71 60
12 72 30
12 73 40
12 74 40
12 75 60
12 76 40
12 77 30
12 78 30
12 79 40
12 80 80
13 0 30
13 1 60
13 2 60
13 3 30
13 4 80
13 5 40
13 6 30
13 7 40
13 8 60
13 9 40
13 10 80
13 11 60
13 12 30
13 14 80
13 15 60
13 16 80
13 17 30
13 18 30
13 19 80
13 20 30
13 21 30
13 22 80
13 23 40
13 24 30
13 25 40
13 26 30
13 27 30
13 28 80
13 29 40
13 30 80
13 31 30
13 32 60
13 33 40
13 34 30
13 35 60
13 36 80
13 37 80
13 38 40
13 39 40
13 40 40
13 41 60
13 42 60
13 43 40
13 44 60
13 45 40
13 46 40
13 47 80
13 48 30
13 49 60
13 50 40
13 51 60
13 52 30
13 53 30
13 54 80
13 55 60
13 56 40
13 57 30
13 58 60
13 59 80
13 60 30
13 61 40
13 62 30
13 63 80
13 64 80
13 65 40
13 66 80
13 67 30
13 68 30
13 69 80
13 70 60
13 71 60
13 72 40
13 73 80
13 74 30
13 75 40
13 76 30
13 77 30
13 78 30
13 79 60
13 80 30
14 0 40
14 1 40
14 2 60
14 3 80
14 4 40
14 5 30
14 6 80
14 7 30
14 8 40
14 9 80
14 10 80
14 11 60
14 12 80
14 13 40
14 15 30
14 16 30
14 17 40
14 18 60
14 19 40
14 20 60
14 21 40
14 22 60
14 23 40
14 24 30
14 25 40
14 26 30
14 27 60
14 28 30
14 29 40
14 30 40
14 31 30
14 32 40
14 33 60
14 34 30
14 35 40
14 36 80
14 37 40
14 38 80
14 39 60
14 40 30
14 41 80
14 42 40
14 43 60
14 44 30
14 45 30
14 46 80
14 47 30
14 48 40
14 49 30
14 50 80
14 51 80
14 52 40
14 53 30
14 54 60
14 55 30
14 56 40
14 57 80
14 58 30
14 59 30
14 60 80
14 61 30
14 62 80
14 63 60
14 64 80
14 65 30
14 66 80
14 67 30
14 68 60
14 69 60
14 70 40
14 71 80
14 72 30
14 73 30
14 74 30
14 75 30
14 76 30
14 77 40
14 78 60
14 79 60
14 80 30
15 0 30
15 1 30
15 2 60
15 3 30
15 4 60
15 5 30
15 6 80
15 7 80
15 8 40
15 9 60
15 10 80
15 11 80
15 12 40
15 13 40
15 14 30
15 16 40
15 17 30
15 18 80
15 19 30
15 20 40
15 21 30
15 22 60
15 23 40
15 24 40
15 25 80
15 26 60
15 27 80
15 28 80
15 29 30
15 30 40
15 31 60
15 32 40
15 33 40
15 34 60
15 35 30
15 36 30
15 37 60
15 38 30
15 39 30
15 40 30
15 41 60
15 42 30
15 43 80
15 44 80
15 45 80
15 46 80
15 47 60
15 48 80
15 49 60
15 50 60
15 51 30
15 52 60
15 53 40
15 54 60
15 55 30
15 56 60
15 57 40
15 58 80
15 59 60
15 60 30
15 61 30
15 62 30
15 63 60
15 64 80
15 65 40
15 66 80
15 67 80
15 68 40
15 69 40
15 70 60
15 71 30
15 72 30
15 73 40
15 74 60
15 75 30
15 76 40
15 77 60
15 78 40
15 79 60
15 80 40
16 0 80
16 1 30
16 2 30
16 3 30
16 4 60
16 5 60
16 6 30
16 7 60
16 8 30
16 9 30
16 10 60
16 11 30
16 12 60
16 13 80
16 14 60
16 15 30
16 17 40
16 18 80
16 19 30
16 20 80
16 21 80
16 22 80
16 23 60
16 24 40
16 25 80
16 26 60
16 27 60
16 28 30
16 29 30
16 30 40
16 31 60
16 32 60
16 33 80
16 34 30
16 35 80
16 36 40
16 37 30
16 38 60
16 39 60
16 40 80
16 41 40
16 42 80
16 43 60
16 44 80
16 45 60
16 46 40
16 47 80
16 48 80
16 49 80
16 50 80
16 51 80
16 52 60
16 53 30
16 54 40
16 55 30
16 56 30
16 57 30
16 58 60
16 59 30
16 60 80
16 61 40
16 62 40
16 63 60
16 64 60
16 65 30
16 66 40
16 67 30
16 68 30
16 69 40
16 70 60
16 71 60
16 72 30
16 73 30
16 74 30
16 75 60
16 76 80
16 77 30
16 78 40
16 79 40
16 80 80
17 0 80
17 1 30
17 2 40
17 3 60
17 4 80
17 5 60
17 6 30
17 7 80
17 8 40
17 9 30
17 10 80
17 11 60
17 12 80
17 13 40
17 14 40
17 15 80
17 16 80
17 18 30
17 19 30
17 20 30
17 21 30
17 22 60
17 23 60
17 24 60
17 25 40
17 26 30
17 27 80
17 28 80
17 29 40
17 30 40
17 31 30
17 32 40
17 33 60
17 34 80
17 35 80
17 36 30
17 37 60
17 38 30
17 39 60
17 40 60
17 41 40
17 42 40
17 43 40
17 44 80
17 45 40
17 46 40
17 47 60
17 48 60
17 49 40
17 50 40
17 51 30
17 52 30
17 53 40
17 54 60
17 55 30
17 56 80
17 57 80
17 58 80
17 59 40
17 60 40
17 61 40
17 62 80
17 63 60
17 64 80
17 65 30
17 66 30
17 67 40
17 68 60
17 69 30
17 70 40
17 71 40
17 72 60
17 73 30
17 74 30
17 75 80
17 76 80
17 77 40
17 78 40
17 79 80
17 80 40
18 0 30
18 1 80
18 2 60
18 3 30
18 4 40
18 5 40
18 6 60
18 7 60
18 8 60
18 9 30
18 10 40
18 11 40
18 12 80
18 13 60
18 14 60
18 15 80
18 16 30
18 17 30
18 19 40
18 20 80
18 21 60
18 22 80
18 23 80
18 24 80
18 25 80
18 26 40
18 27 30
18 28 80
18 29 60
18 30 60
18 31 30
18 32 40
18 33 40
18 34 30
18 35 60
18 36 80
18 37 40
18 38 60
18 39 30
18 40 80
18 41 60
18 42 30
18 43 40
18 44 60
18 45 80
18 46 30
18 47 30
18 48 30
18 49 60
18 50 80
18 51 80
18 52 30
18 53 40
18 54 40
18 55 80
18 56 60
18 57 80
18 58 80
18 59 60
18 60 30
18 61 40
18 62 60
18 63 30
18 64 40
18 65 30
18 66 30
18 67 30
18 68 80
18 69 80
18 70 40
18 71 30
18 72 30
18 73 30
18 74 30
18 75 40
18 76 60
18 77 30
18 78 60
18 79 40
18 80 30
19 0 30
19 1 80
19 2 40
19 3 40
19 4 80
19 5 60
19 6 30
19 7 40
19 8 60
19 9 40
19 10 40
19 11 30
19 12 80
19 13 60
19 14 40
19 15 40
19 16 40
19 17 80
19 18 40
19 20 30
19 21 30
19 22 80
19 23 80
19 24 80
19 25 40
19 26 60
19 27 80
19 28 40
19 29 40
19 30 30
19 31 80
19 32 80
19 33 80
19 34 30
19 35 40
19 36 80
19 37 80
19 38 30
19 39 30
19 40 80
19 41 60
19 42 40
19 43 60
19 44 30
19 45 60
19 46 60
19 47 80
19 48 80
19 49 80
19 50 30
19 51 80
19 52 30
19 53 80
19 54 40
19 55 40
19 56 30
19 57 40
19 58 40
19 59 80
19 60 40
19 61 30
19 62 30
19 63 30
19 64 40
19 65 30
19 66 80
19 67 30
19 68 80
19 69 80
19 70 60
19 71 60
19 72 30
19 73 60
19 74 80
19 75 30
19 76 30
19 77 40
19 78 80
19 79 40
19 80 80
20 0 60
20 1 30
20 2 80
20 3 30
20 4 30
20 5 60
20 6 80
20 7 30
20 8 30
20 9 60
20 10 30
20 11 40
20 12 80
20 13 30
20 14 30
20 15 30
20 16 60
20 17 30
20 18 60
20 19 30
20 21 40
20 22 30
20 23 80
20 24 80
20 25 80
20 26 80
20 27 60
20 28 30
20 29 80
20 30 40
20 31 30
20 32 30
20 33 30
20 34 80
20 35 60
20 36 30
20 37 40
20 38 30
20 39 60
20 40 80
20 41 80
20 42 80
20 43 30
20 44 60
20 45 30
20 46 60
20 47 60
20 48 40
20 49 60
20 50 80
20 51 40
20 52 30
20 53 60
20 54 40
20 55 60
20 56 40
20 57 60
20 58 80
20 59 30
20 60 60
20 61 80
20 62 80
20 63 60
20 64 60
20 65 80
20 66 60
20 67 80
20 68 80
20 69 80
20 70 30
20 71 30
20 72 40
20 73 80
20 74 40
20 75 40
20 76 30
20 77 40
20 78 60
20 79 30
20 80 60
21 0 40
21 1 60
21 2 40
21 3 40
21 4 30
21 5 80
21 6 30
21 7 80
21 8 60
21 9 60
21 10 30
21 11 30
21 12 40
21 13 60
21 14 30
21 15 40
21 16 30
21 17 30
21 18 40
21 19 40
21 20 60
21 22 80
21 23 40
21 24 80
21 25 80
21 26 30
21 27 40
21 28 30
21 29 30
21 30 40
21 31 30
21 32 60
21 33 30
21 34 80
21 35 30
21 36 80
21 37 80
21 38 60
21 39 40
21 40 40
21 41 60
21 42 60
21 43 60
21 44 80
21 45 80
21 46 60
21 47 40
21 48 80
21 49 60
21 50 60
21 51 80
21 52 30
21 53 80
21 54 30
21 55 60
21 56 80
21 57 30
21 58 30
21 59 30
21 60 60
21 61 60
21 62 40
21 63 80
21 64 40
21 65 40
21 66 60
21 67 40
21 68 40
21 69 30
21 70 60
21 71 80
21 72 40
21 73 80
21 74 80
21 75 60
21 76 60
21 77 80
21 78 40
21 79 80
21 80 60
22 0 80
22 1 30
22 2 40
22 3 80
22 4 60
22 5 60
22 6 40
22 7 80
22 8 80
22 9 40
22 10 60
22 11 80
22 12 30
22 13 30
22 14 30
22 15 80
22 16 80
22 17 30
22 18 30
22 19 40
22 20 40
22 21 30
22 23 30
22 24 40
22 25 80
22 26 30
22 27 30
22 28 60
22 29 40
22 30 80
22 31 40
22 32 60
22 33 60
22 34 30
22 35 60
22 36 40
22 37 80
22 38 80
22 39 40
22 40 40
22 41 30
22 42 80
22 43 80
22 44 40
22 45 40
22 46 60
22 47 30
22 48 30
22 49 40
22 50 30
22 51 60
22 52 80
22 53 30
22 54 30
22 55 60
22 56 40
22 57 60
22 58 30
22 59 40
22 60 60
22 61 80
22 62 60
22 63 60
22 64 60
22 65 60
22 66 60
22 67 60
22 68 60
22 69 80
22 70 40
22 71 80
22 72 40
22 73 40
22 74 80
22 75 40
22 76 40
22 77 40
22 78 30
22 79 40
22 80 60
23 0 60
23 1 60
23 2 60
23 3 60
23 4 80
23 5 40
23 6 60
23 7 60
23 8 60
23 9 60
23 10 80
23 11 40
23 12 40
23 13 30
23 14 30
23 15 30
23 16 30
23 17 80
23 18 60
23 19 80
23 20 40
23 21 40
23 22 80
23 24 40
23 25 60
23 26 60
23 27 30
23 28 40
23 29 40
23 30 30
23 31 30
23 32 80
23 33 60
23 34 80
23 35 40
23 36 60
23 37 40
23 38 30
23 39 80
23 40 40
23 41 80
23 42 60
23 43 30
23 44 30
23 45 60
23 46 40
23 47 40
23 48 30
23 49 60
23 50 80
23 51 40
23 52 30
23 53 30
23 54 60
23 55 60
23 56 60
23 57 40
23 58 40
23 59 60
23 60 30
23 61 40
23 62 60
23 63 60
23 64 60
23 65 40
23 66 30
23 67 60
23 68 30
23 69 40
23 70 30
23 71 60
23 72 60
23 73 60
23 74 30
23 75 80
23 76 40
23 77 60
23 78 80
23 79 40
23 80 40
24 0 30
24 1 80
24 2 60
24 3 80
24 4 30
24 5 30
24 6 80
24 7 30
24 8 60
24 9 80
24 10 40
24 11 80
24 12 30
24 13 80
24 14 80
24 15 60
24 16 40
24 17 40
24 18 30
24 19 30
24 20 30
24 21 30
24 22 80
24 23 40
24 25 30
24 26 40
24 27 30
24 28 40
24 29 80
24 30 60
24 31 80
24 32 30
24 33 30
24 34 80
24 35 60
24 36 40
24 37 80
24 38 80
24 39 80
24 40 30
24 41 80
24 42 30
24 43 30
24 44 40
24 45 60
24 46 80
24 47 60
24 48 60
24 49 80
24 50 80
24 51 40
24 52 80
24 53 60
24 54 40
24 55 30
24 56 30
24 57 40
24 58 30
24 59 80
24 60 30
24 61 60
24 62 60
24 63 60
24 64 30
24 65 40
24 66 30
24 67 40
24 68 30
24 69 60
24 70 60
24 71 60
24 72 30
24 73 40
24 74 40
24 75 60
24 76 40
24 77 40
24 78 80
24 79 40
24 80 80
25 0 80
25 1 40
25 2 80
25 3 60
25 4 60
25 5 60
25 6 30
25 7 40
25 8 40
25 9 80
25 10 80
25 11 60
25 12 60
25 13 30
25 14 60
25 15 40
25 16 30
25 17 40
25 18 30
25 19 80
25 20 60
25 21 40
25 22 80
25 23 80
25 24 40
25 26 40
25 27 30
25 28 40
25 29 40
25 30 80
25 31 80
25 32 30
25 33 60
25 34 60
25 35 60
25 36 30
25 37 40
25 38 80
25 39 60
25 40 40
25 41 60
25 42 60
25 43 40
25 44 80
25 45 80
25 46 40
25 47 30
25 48 60
25 49 80
25 50 40
25 51 80
25 52 80
25 53 60
25 54 30
25 55 40
25 56 60
25 57 40
25 58 30
25 59 80
25 60 40
25 61 40
25 62 30
25 63 30
25 64 30
25 65 80
25 66 30
25 67 30
25 68 60
25 69 80
25 70 30
25 71 30
25 72 60
25 73 40
25 74 30
25 75 60
25 76 40
25 77 60
25 78 30
25 79 80
25 80 30
26 0 30
26 1 80
26 2 80
26 3 60
26 4 40
26 5 40
26 6 60
26 7 80
26 8 60
26 9 60
26 10 40
26 11 30
26 12 30
26 13 40
26 14 30
26 15 60
26 16 40
26 17 80
26 18 40
26 19 40
26 20 30
26 21 40
26 22 80
26 23 60
26 24 60
26 25 40
26 27 40
26 28 80
26 29 40
26 30 60
26 31 60
26 32 40
26 33 40
26 34 60
26 35 80
26 36 40
26 37 60
26 38 60
26 39 40
26 40 80
26 41 40
26 42 80
26 43 30
26 44 40
26 45 60
26 46 60
26 47 30
26 48 40
26 49 80
26 50 60
26 51 60
26 52 30
26 53 40
26 54 30
26 55 60
26 56 40
26 57 40
26 58 30
26 59 60
26 60 60
26 61 30
26 62 40
26 63 60
26 64 60
26 65 80
26 66 30
26 67 80
26 68 40
26 69 60
26 70 30
26 71 60
26 72 80
26 73 60
26 74 30
26 75 60
26 76 80
26 77 80
26 78 40
26 79 30
26 80 60
27 0 60
27 1 40
27 2 40
27 3 30
27 4 40
27 5 80
27 6 80
27 7 40
27 8 40
27 9 60
27 10 30
27 11 30
27 12 60
27 13 30
27 14 40
27 15 40
27 16 40
27 17 60
27 18 80
27 19 60
27 20 60
27 21 30
27 22 60
27 23 80
27 24 80
27 25 80
27 26 30
27 28 30
27 29 40
27 30 30
27 31 40
27 32 30
27 33 80
27 34 40
27 35 60
27 36 30
27 37 80
27 38 80
27 39 60
27 40 40
27 41 40
27 42 80
27 43 30
27 44 60
27 45 80
27 46 80
27 47 40
27 48 60
27 49 60
27 50 80
27 51 30
27 52 80
27 53 30
27 54 40
27 55 40
27 56 40
27 57 40
27 58 60
27 59 30
27 60 30
27 61 80
27 62 40
27 63 40
27 64 80
27 65 30
27 66 30
27 67 40
27 68 30
27 69 30
27 70 30
27 71 80
27 72 40
27 73 60
27 74 60
27 75 60
27 76 80
27 77 80
27 78 30
27 79 40
27 80 80
28 0 30
28 1 40
28 2 40
28 3 30
28 4 30
28 5 80
28 6 30
28 7 40
28 8 80
28 9 80
28 10 30
28 11 80
28 12 60
28 13 30
28 14 60
28 15 80
28 16 80
28 17 30
28 18 30
28 19 30
28 20 60
28 21 30
28 22 40
28 23 30
28 24 80
28 25 40
28 26 60
28 27 60
28 29 30
28 30 30
28 31 30
28 32 30
28 33 30
28 34 80
28 35 80
28 36 40
28 37 40
28 38 80
28 39 40
28 40 60
28 41 60
28 42 30
28 43 40
28 44 80
28 45 40
28 46 40
28 47 40
28 48 40
28 49 40
28 50 40
28 51 80
28 52 40
28 53 60
28 54 60
28 55 80
28 56 80
28 57 80
28 58 60
28 59 60
28 60 60
28 61 60
28 62 80
28 63 30
28 64 80
28 65 40
28 66 40
28 67 40
28 68 40
28 69 40
28 70 60
28 71 60
28 72 40
28 73 80
28 74 40
28 75 80
28 76 30
28 77 30
28 78 30
28 79 60
28 80 60
29 0 80
29 1 30
29 2 60
29 3 40
29 4 80
29 5 60
29 6 80
29 7 80
29 8 60
29 9 40
29 10 80
29 11 80
29 12 60
29 13 40
29 14 60
29 15 80
29 16 40
29 17 60
29 18 30
29 19 30
29 20 80
29 21 40
29 22 60
29 23 80
29 24 40
29 25 60
29 26 40
29 27 30
29 28 60
29 30 40
29 31 60
29 32 40
29 33 30
29 34 40
29 35 80
29 36 60
29 37 30
29 38 40
29 39 80
29 40 60
29 41 80
29 42 40
29 43 40
29 44 30
29 45 40
29 46 30
29 47 80
29 48 40
29 49 40
29 50 40
29 51 40
29 52 30
29 53 30
29 54 30
29 55 80
29 56 80
29 57 40
29 58 30
29 59 40
29 60 40
29 61 60
29 62 40
29 63 30
29 64 80
29 65 60
29 66 30
29 67 40
29 68 80
29 69 60
29 70 30
29 71 40
29 72 30
29 73 80
29 74 30
29 75 30
29 76 80
29 77 80
29 78 60
29 79 40
29 80 40
30 0 60
30 1 30
30 2 60
30 3 80
30 4 60
30 5 30
30 6 80
30 7 30
30 8 80
30 9 80
30 10 80
30 11 30
30 12 80
30 13 60
30 14 60
30 15 80
30 16 80
30 17 40
30 18 40
30 19 30
30 20 40
30 21 30
30 22 40
30 23 30
30 24 60
30 25 30
30 26 80
30 27 40
30 28 80
30 29 60
30 31 30
30 32 40
30 33 80
30 34 30
30 35 80
30 36 80
30 37 40
30 38 60
30 39 30
30 40 80
30 41 40
30 42 80
30 43 60
30 44 80
30 45 80
30 46 40
30 47 30
30 48 30
30 49 30
30 50 60
30 51 60
30 52 40
30 53 80
30 54 30
30 55 80
30 56 60
30 57 80
30 58 80
30 59 30
30 60 40
30 61 40
30 62 60
30 63 40
30 64 80
30 65 40
30 66 80
30 67 80
30 68 60
30 69 60
30 70 80
30 71 60
30 72 60
30 73 60
30 74 40
30 75 80
30 76 30
30 77 40
30 78 30
30 79 40
30 80 80
31 0 40
31 1 40
31 2 30
31 3 30
31 4 80
31 5 80
31 6 60
31 7 60
31 8 40
31 9 60
31 10 30
31 11 30
31 12 30
31 13 80
31 14 40
31 15 40
31 16 60
31 17 80
31 18 40
31 19 40
31 20 80
31 21 60
31 22 40
31 23 60
31 24 80
31 25 40
31 26 80
31 27 80
31 28 40
31 29 30
31 30 40
31 32 60
31 33 30
31 34 40
31 35 30
31 36 40
31 37 60
31 38 60
31 39 60
31 40 40
31 41 30
31 42 60
31 43 80
31 44 60
31 45 60
31 46 80
31 47 80
31 48 40
31 49 60
31 50 60
31 51 40
31 52 80
31 53 80
31 54 40
31 55 80
31 56 60
31 57 30
31 58 80
31 59 30
31 60 30
31 61 30
31 62 30
31 63 80
31 64 60
31 65 80
31 66 30
31 67 40
31 68 60
31 69 60
31 70 80
31 71 30
31 72 30
31 73 30
31 74 60
31 75 60
31 76 80
31 77 30
31 78 30
31 79 80
31 80 40
32 0 40
32 1 30
32 2 30
32 3 60
32 4 80
32 5 60
32 6 40
32 7 60
32 8 80
32 9 40
32 10 40
32 11 40
32 12 80
32 13 40
32 14 40
32 15 40
32 16 30
32 17 40
32 18 30
32 19 60
32 20 60
32 21 40
32 22 30
32 23 60
32 24 30
32 25 30
32 26 80
32 27 40
32 28 60
32 29 80
32 30 40
32 31 60
32 33 40
32 34 30
32 35 60
32 36 40
32 37 60
32 38 30
32 39 30
32 40 80
32 41 30
32 42 60
32 43 40
32 44 30
32 45 30
32 46 30
32 47 40
32 48 80
32 49 30
32 50 30
32 51 80
32 52 80
32 53 60
32 54 30
32 55 30
32 56 30
32 57 60
32 58 80
32 59 60
32 60 60
32 61 30
32 62 30
32 63 80
32 64 30
32 65 30
32 66 60
32 67 80
32 68 60
32 69 40
32 70 80
32 71 30
32 72 80
32 73 80
32 74 80
32 75 40
32 76 40
32 77 30
32 78 60
32 79 40
32 80 80
33 0 40
33 1 30
33 2 40
33 3 80
33 4 80
33 5 80
33 6 60
33 7 60
33 8 40
33 9 80
33 10 40
33 11 40
33 12 80
33 13 60
33 14 80
33 15 80
33 16 60
33 17 60
33 18 60
33 19 80
33 20 80
33 21 30
33 22 60
33 23 40
33 24 80
33 25 30
33 26 30
33 27 40
33 28 30
33 29 30
33 30 60
33 31 40
33 32 60
33 34 80
33 35 80
33 36 60
33 37 40
33 38 60
33 39 80
33 40 80
33 41 40
33 42 60
33 43 80
33 44 40
33 45 40
33 46 60
33 47 30
33 48 60
33 49 40
33 50 60
33 51 40
33 52 40
33 53 30
33 54 80
33 55 80
33 56 60
33 57 80
33 58 40
33 59 30
33 60 40
33 61 60
33 62 40
33 63 60
33 64 40
33 65 60
33 66 30
33 67 80
33 68 30
33 69 40
33 70 80
33 71 60
33 72 60
33 73 40
33 74 60
33 75 30
33 76 30
33 77 80
33 78 30
33 79 30
33 80 40
34 0 40
34 1 30
34 2 80
34 3 60
34 4 30
34 5 80
34 6 80
34 7 30
34 8 60
34 9 30
34 10 30
34 11 40
34 12 80
34 13 80
34 14 60
34 15 80
34 16 80
34 17 40
34 18 80
34 19 80
34 20 40
34 21 30
34 22 80
34 23 60
34 24 30
34 25 80
34 26 80
34 27 40
34 28 30
34 29 40
34 30 40
34 31 30
34 32 30
34 33 80
34 35 30
34 36 40
34 37 60
34 38 30
34 39 60
34 40 80
34 41 60
34 42 40
34 43 80
34 44 40
34 45 80
34 46 60
34 47 60
34 48 60
34 49 80
34 50 30
34 51 40
34 52 80
34 53 80
34 54 30
34 55 80
34 56 40
34 57 30
34 58 40
34 59 40
34 60 40
34 61 40
34 62 30
34 63 40
34 64 60
34 65 40
34 66 80
34 67 40
34 68 60
34 69 40
34 70 40
34 71 60
34 72 60
34 73 60
34 74 60
34 75 30
34 76 60
34 77 60
34 78 40
34 79 30
34 80 30
35 0 60
35 1 40
35 2 80
35 3 80
35 4 80
35 5 40
35 6 80
35 7 40
35 8 40
35 9 80
35 10 40
35 11 60
35 12 40
35 13 30
35 14 30
35 15 30
35 16 30
35 17 80
35 18 80
35 19 30
35 20 30
35 21 60
35 22 30
35 23 80
35 24 60
35 25 80
35 26 30
35 27 60
35 28 30
35 29 60
35 30 40
35 31 40
35 32 60
35 33 40
35 34 60
35 36 80
35 37 40
35 38 40
35 39 40
35 40 60
35 41 80
35 42 30
35 43 40
35 44 40
35 45 30
35 46 80
35 47 60
35 48 60
35 49 80
35 50 40
35 51 40
35 52 30
35 53 80
35 54 40
35 55 40
35 56 30
35 57 40
35 58 30
35 59 60
35 60 60
35 61 30
35 62 40
35 63 40
35 64 60
35 65 80
35 66 80
35 67 80
35 68 80
35 69 30
35 70 80
35 71 60
35 72 30
35 73 60
35 74 80
35 75 80
35 76 60
35 77 60
35 78 30
35 79 60
35 80 60
36 0 60
36 1 60
36 2 60
36 3 40
36 4 30
36 5 30
36 6 60
36 7 30
36 8 80
36 9 30
36 10 80
36 11 30
36 12 60
36 13 80
36 14 60
36 15 40
36 16 40
36 17 80
36 18 30
36 19 80
36 20 30
36 21 80
36 22 40
36 23 80
36 24 40
36 25 40
36 26 60
36 27 40
36 28 30
36 29 40
36 30 40
36 31 80
36 32 80
36 33 60
36 34 40
36 35 60
36 37 60
36 38 40
36 39 40
36 40 60
36 41 60
36 42 40
36 43 40
36 44 80
36 45 40
36 46 30
36 47 80
36 48 30
36 49 60
36 50 60
36 51 60
36 52 80
36 53 60
36 54 30
36 55 30
36 56 60
36 57 60
36 58 80
36 59 80
36 60 80
36 61 80
36 62 60
36 63 30
36 64 80
36 65 80
36 66 80
36 67 40
36 68 30
36 69 40
36 70 60
36 71 60
36 72 30
36 73 80
36 74 80
36 75 60
36 76 60
36 77 30
36 78 30
36 79 80
36 80 30
37 0 80
37 1 40
37 2 80
37 3 30
37 4 60
37 5 60
37 6 30
37 7 30
37 8 60
37 9 30
37 10 30
37 11 80
37 12 30
37 13 80
37 14 80
37 15 40
37 16 80
37 17 30
37 18 30
37 19 60
37 20 40
37 21 80
37 22 30
37 23 60
37 24 60
37 25 60
37 26 30
37 27 60
37 28 80
37 29 60
37 30 60
37 31 30
37 32 80
37 33 30
37 34 60
37 35 40
37 36 80
37 38 80
37 39 80
37 40 40
37 41 40
37 42 80
37 43 40
37 44 60
37 45 80
37 46 40
37 47 30
37 48 80
37 49 30
37 50 30
37 51 80
37 52 40
37 53 40
37 54 80
37 55 40
37 56 60
37 57 60
37 58 40
37 59 40
37 60 30
37 61 40
37 62 80
37 63 30
37 64 80
37 65 30
37 66 40
37 67 60
37 68 30
37 69 40
37 70 80
37 71 80
37 72 40
37 73 40
37 74 80
37 75 30
37 76 40
37 77 60
37 78 30
37 79 60
37 80 40
38 0 80
38 1 60
38 2 60
38 3 40
38 4 80
38 5 60
38 6 40
38 7 30
38 8 80
38 9 40
38 10 60
38 11 30
38 12 80
38 13 80
38 14 80
38 15 80
38 16 80
38 17 60
38 18 80
38 19 80
38 20 30
38 21 40
38 22 60
38 23 40
38 24 60
38 25 30
38 26 60
38 27 40
38 28 80
38 29 40
38 30 80
38 31 40
38 32 60
38 33 30
38 34 80
38 35 40
38 36 40
38 37 40
38 39 30
38 40 60
38 41 60
38 42 30
38 43 60
38 44 30
38 45 40
38 46 30
38 47 60
38 48 40
38 49 60
38 50 80
38 51 30
38 52 40
38 53 80
38 54 40
38 55 40
38 56 30
38 57 60
38 58 30
38 59 40
38 60 40
38 61 30
38 62 80
38 63 40
38 64 80
38 65 30
38 66 30
38 67 30
38 68 40
38 69 80
38 70 60
38 71 80
38 72 30
38 73 80
38 74 30
38 75 80
38 76 40
38 77 40
38 78 80
38 79 30
38 80 40
39 0 40
39 1 30
39 2 40
39 3 30
39 4 60
39 5 40
39 6 60
39 7 80
39 8 30
39 9 40
39 10 30
39 11 40
39 12 40
39 13 60
39 14 80
39 15 40
39 16 60
39 17 30
39 18 40
39 19 30
39 20 60
39 21 40
39 22 80
39 23 30
39 24 60
39 25 60
39 26 30
39 27 40
39 28 60
39 29 40
39 30 30
39 31 80
39 32 40
39 33 60
39 34 80
39 35 60
39 36 80
39 37 60
39 38 30
39 40 80
39 41 40
39 42 80
39 43 60
39 44 80
39 45 80
39 46 40
39 47 80
39 48 80
39 49 60
39 50 80
39 51 60
39 52 40
39 53 40
39 54 30
39 55 30
39 56 80
39 57 40
39 58 60
39 59 60
39 60 30
39 61 60
39 62 30
39 63 30
39 64 80
39 65 80
39 66 40
39 67 80
39 68 60
39 69 80
39 70 80
39 71 30
39 72 30
39 73 40
39 74 60
39 75 30
39 76 30
39 77 30
39 78 40
39 79 80
39 80 30
40 0 30
40 1 30
40 2 60
40 3 60
40 4 40
40 5 60
40 6 80
40 7 40
40 8 40
40 9 80
40 10 60
40 11 60
40 12 60
40 13 60
40 14 80
40 15 80
40 16 80
40 17 60
40 18 30
40 19 80
40 20 40
40 21 60
40 22 30
40 23 40
40 24 30
40 25 80
40 26 40
40 27 80
40 28 80
40 29 30
40 30 60
40 31 40
40 32 60
40 33 30
40 34 80
40 35 60
40 36 40
40 37 30
40 38 80
40 39 40
40 41 80
40 42 80
40 43 40
40 44 40
40 45 40
40 46 30
40 47 80
40 48 60
40 49 80
40 50 80
40 51 30
40 52 80
40 53 30
40 54 60
40 55 60
40 56 40
40 57 30
40 58 60
40 59 30
40 60 80
40 61 60
40 62 40
40 63 80
40 64 40
40 65 60
40 66 30
40 67 30
40 68 60
40 69 40
40 70 60
40 71 60
40 72 60
40 73 60
40 74 80
40 75 30
40 76 40
40 77 60
40 78 30
40 79 30
40 80 80
41 0 40
41 1 80
41 2 30
41 3 80
41 4 80
41 5 80
41 6 40
41 7 40
41 8 30
41 9 40
41 10 60
41 11 40
41 12 60
41 13 40
41 14 40
41 15 60
41 16 80
41 17 30
41 18 30
41 19 40
41 20 30
41 21 40
41 22 80
41 23 80
41 24 80
41 25 80
41 26 30
41 27 30
41 28 40
41 29 30
41 30 80
41 31 60
41 32 30
41 33 30
41 34 40
41 35 60
41 36 80
41 37 80
41 38 60
41 39 30
41 40 60
41 42 40
41 43 40
41 44 40
41 45 30
41 46 30
41 47 30
41 48 40
41 49 40
41 50 80
41 51 80
41 52 40
41 53 40
41 54 60
41 55 30
41 56 80
41 57 40
41 58 60
41 59 40
41 60 60
41 61 60
41 62 30
41 63 40
41 64 60
41 65 30
41 66 80
41 67 60
41 68 40
41 69 60
41 70 60
41 71 30
41 72 40
41 73 80
41 74 60
41 75 40
41 76 40
41 77 30
41 78 30
41 79 60
41 80 80
42 0 60
42 1 30
42 2 80
42 3 60
42 4 60
42 5 30
42 6 40
42 7 30
42 8 30
42 9 40
42 10 80
42 11 40
42 12 60
42 13 40
42 14 40
42 15 30
42 16 30
42 17 40
42 18 40
42 19 40
42 20 40
42 21 40
42 22 80
42 23 80
42 24 80
42 25 60
42 26 60
42 27 30
42 28 60
42 29 80
42 30 30
42 31 80
42 32 80
42 33 40
42 34 80
42 35 30
42 36 30
42 37 60
42 38 40
42 39 60
42 40 80
42 41 80
42 43 30
42 44 40
42 45 30
42 46 60
42 47 30
42 48 40
42 49 80
42 50 80
42 51 60
42 52 60
42 53 40
42 54 80
42 55 30
42 56 40
42 57 30
42 58 80
42 59 40
42 60 30
42 61 60
42 62 30
42 63 40
42 64 30
42 65 40
42 66 40
42 67 40
42 68 80
42 69 40
42 70 60
42 71 80
42 72 60
42 73 60
42 74 60
42 75 30
42 76 30
42 77 40
42 78 80
42 79 80
42 80 30
43 0 30
43 1 80
43 2 60
43 3 40
43 4 40
43 5 80
43 6 30
43 7 60
43 8 60
43 9 30
43 10 60
43 11 80
43 12 30
43 13 60
43 14 30
43 15 80
43 16 80
43 17 60
43 18 80
43 19 40
43 20 60
43 21 30
43 22 40
43 23 80
43 24 80
43 25 30
43 26 40
43 27 30
43 28 40
43 29 80
43 30 80
43 31 80
43 32 80
43 33 30
43 34 30
43 35 30
43 36 30
43 37 80
43 38 60
43 39 80
43 40 40
43 41 40
43 42 60
43 44 40
43 45 40
43 46 60
43 47 60
43 48 40
43 49 40
43 50 60
43 51 80
43 52 80
43 53 80
43 54 60
43 55 80
43 56 30
43 57 60
43 58 60
43 59 80
43 60 30
43 61 80
43 62 30
43 63 40
43 64 60
43 65 80
43 66 40
43 67 30
43 68 80
43 69 60
43 70 80
43 71 60
43 72 80
43 73 80
43 74 40
43 75 30
43 76 30
43 77 40
43 78 30
43 79 30
43 80 40
44 0 60
44 1 30
44 2 40
44 3 60
44 4 60
44 5 60
44 6 30
44 7 30
44 8 30
44 9 80
44 10 80
44 11 30
44 12 30
44 13 60
44 14 80
44 15 80
44 16 80
44 17 30
44 18 80
44 19 40
44 20 30
44 21 80
44 22 60
44 23 30
44 24 80
44 25 30
44 26 30
44 27 60
44 28 40
44 29 30
44 30 40
44 31 30
44 32 60
44 33 40
44 34 80
44 35 40
44 36 30
44 37 30
44 38 80
44 39 80
44 40 60
44 41 60
44 42 60
44 43 80
44 45 40
44 46 30
44 47 30
44 48 30
44 49 80
44 50 60
44 51 40
44 52 30
44 53 30
44 54 30
44 55 60
44 56 40
44 57 40
44 58 30
44 59 30
44 60 40
44 61 60
44 62 80
44 63 30
44 64 40
44 65 40
44 66 80
44 67 80
44 68 40
44 69 30
44 70 40
44 71 30
44 72 30
44 73 60
44 74 60
44 75 60
44 76 30
44 77 80
44 78 60
44 79 80
44 80 80
45 0 60
45 1 60
45 2 40
45 3 40
45 4 80
45 5 30
45 6 80
45 7 80
45 8 60
45 9 30
45 10 40
45 11 30
45 12 40
45 13 30
45 14 60
45 15 60
45 16 40
45 17 60
45 18 40
45 19 30
45 20 40
45 21 30
45 22 30
45 23 60
45 24 30
45 25 30
45 26 60
45 27 60
45 28 30
45 29 80
45 30 60
45 31 40
45 32 60
45 33 60
45 34 40
45 35 30
45 36 80
45 37 60
45 38 40
45 39 30
45 40 30
45 41 40
45 42 30
45 43 60
45 44 30
45 46 40
45 47 30
45 48 30
45 49 30
45 50 40
45 51 40
45 52 60
45 53 30
45 54 40
45 55 40
45 56 40
45 57 40
45 58 30
45 59 80
45 60 60
45 61 60
45 62 30
45 63 30
45 64 80
45 65 60
45 66 40
45 67 30
45 68 30
45 69 60
45 70 80
45 71 30
45 72 30
45 73 30
45 74 30
45 75 80
45 76 40
45 77 30
45 78 30
45 79 60
45 80 40
46 0 60
46 1 60
46 2 80
46 3 40
46 4 30
46 5 60
46 6 30
46 7 60
46 8 60
46 9 40
46 10 30
46 11 60
46 12 80
46 13 40
46 14 60
46 15 60
46 16 40
46 17 40
46 18 30
46 19 80
46 20 60
46 21 30
46 22 30
46 23 80
46 24 30
46 25 30
46 26 40
46 27 40
46 28 40
46 29 60
46 30 60
46 31 60
46 32 60
46 33 40
46 34 40
46 35 60
46 36 60
46 37 40
46 38 80
46 39 30
46 40 60
46 41 40
46 42 80
46 43 30
46 44 40
46 45 60
46 47 40
46 48 30
46 49 30
46 50 60
46 51 30
46 52 60
46 53 60
46 54 80
46 55 80
46 56 30
46 57 30
46 58 40
46 59 40
46 60 80
46 61 40
46 62 40
46 63 40
46 64 40
46 65 60
46 66 30
46 67 60
46 68 30
46 69 80
46 70 60
46 71 60
46 72 30
46 73 30
46 74 30
46 75 60
46 76 30
46 77 60
46 78 60
46 79 80
46 80 40
47 0 40
47 1 40
47 2 80
47 3 30
47 4 30
47 5 80
47 6 40
47 7 80
47 8 40
47 9 80
47 10 60
47 11 40
47 12 80
47 13 40
47 14 30
47 15 30
47 16 30
47 17 80
47 18 60
47 19 40
47 20 40
47 21 40
47 22 30
47 23 40
47 24 80
47 25 30
47 26 60
47 27 80
47 28 30
47 29 80
47 30 40
47 31 30
47 32 30
47 33 60
47 34 40
47 35 30
47 36 40
47 37 40
47 38 60
47 39 60
47 40 40
47 41 80
47 42 60
47 43 40
47 44 60
47 45 30
47 46 80
47 48 60
47 49 40
47 50 60
47 51 80
47 52 80
47 53 40
47 54 40
47 55 30
47 56 80
47 57 40
47 58 60
47 59 60
47 60 80
47 61 60
47 62 80
47 63 30
47 64 30
47 65 40
47 66 40
47 67 30
47 68 80
47 69 40
47 70 60
47 71 40
47 72 60
47 73 30
47 74 80
47 75 60
47 76 60
47 77 30
47 78 30
47 79 30
47 80 40
48 0 30
48 1 80
48 2 60
48 3 60
48 4 40
48 5 40
48 6 60
48 7 80
48 8 80
48 9 60
48 10 30
48 11 80
48 12 80
48 13 30
48 14 60
48 15 30
48 16 40
48 17 60
48 18 80
48 19 80
48 20 80
48 21 80
48 22 60
48 23 60
48 24 30
48 25 30
48 26 30
48 27 80
48 28 60
48 29 30
48 30 30
48 31 30
48 32 60
48 33 30
48 34 30
48 35 60
48 36 80
48 37 40
48 38 80
48 39 60
48 40 80
48 41 60
48 42 80
48 43 80
48 44 60
48 45 40
48 46 30
48 47 80
48 49 30
48 50 80
48 51 80
48 52 80
48 53 30
48 54 30
48 55 60
48 56 80
48 57 40
48 58 80
48 59 30
48 60 80
48 61 40
48 62 40
48 63 40
48 64 80
48 65 80
48 66 30
48 67 80
48 68 40
48 69 80
48 70 30
48 71 80
48 72 40
48 73 30
48 74 30
48 75 60
48 76 30
48 77 30
48 78 40
48 79 40
48 80 60
49 0 60
49 1 80
49 2 30
49 3 80
49 4 40
49 5 80
49 6 60
49 7 40
49 8 40
49 9 80
49 10 30
49 11 40
49 12 80
49 13 60
49 14 60
49 15 40
49 16 80
49 17 60
49 18 40
49 19 30
49 20 80
49 21 30
49 22 30
49 23 30
49 24 30
49 25 80
49 26 30
49 27 60
49 28 40
49 29 60
49 30 80
49 31 60
49 32 30
49 33 80
49 34 30
49 35 30
49 36 30
49 37 30
49 38 40
49 39 40
49 40 40
49 41 30
49 42 80
49 43 60
49 44 30
49 45 80
49 46 60
49 47 30
49 48 40
49 50 40
49 51 40
49 52 40
49 53 60
49 54 40
49 55 40
49 56 30
49 57 60
49 58 40
49 59 40
49 60 80
49 61 80
49 62 40
49 63 40
49 64 40
49 65 60
49 66 80
49 67 60
49 68 40
49 69 60
49 70 30
49 71 30
49 72 40
49 73 40
49 74 40
49 75 60
49 76 80
49 77 80
49 78 30
49 79 40
49 80 60
50 0 80
50 1 40
50 2 30
50 3 60
50 4 30
50 5 40
50 6 60
50 7 30
50 8 40
50 9 30
50 10 40
50 11 80
50 12 30
50 13 60
50 14 40
50 15 30
50 16 80
50 17 60
50 18 60
50 19 40
50 20 40
50 21 40
50 22 40
50 23 40
50 24 40
50 25 60
50 26 80
50 27 60
50 28 30
50 29 60
50 30 60
50 31 80
50 32 40
50 33 60
50 34 30
50 35 60
50 36 30
50 37 30
50 38 30
50 39 60
50 40 60
50 41 40
50 42 40
50 43 60
50 44 30
50 45 30
50 46 40
50 47 60
50 48 40
50 49 60
50 51 60
50 52 80
50 53 40
50 54 60
50 55 40
50 56 60
50 57 60
50 58 40
50 59 30
50 60 30
50 61 80
50 62 80
50 63 60
50 64 60
50 65 80
50 66 80
50 67 40
50 68 40
50 69 30
50 70 60
50 71 60
50 72 30
50 73 30
50 74 60
50 75 80
50 76 40
50 77 40
50 78 80
50 79 60
50 80 60
51 0 80
51 1 40
51 2 80
51 3 40
51 4 80
51 5 60
51 6 30
51 7 40
51 8 60
51 9 80
51 10 60
51 11 40
51 12 80
51 13 80
51 14 30
51 15 60
51 16 60
51 17 60
51 18 40
51 19 80
51 20 60
51 21 40
51 22 40
51 23 60
51 24 30
51 25 30
51 26 40
51 27 60
51 28 40
51 29 80
51 30 40
51 31 30
51 32 40
51 33 80
51 34 80
51 35 40
51 36 80
51 37 30
51 38 30
51 39 30
51 40 40
51 41 60
51 42 40
51 43 30
51 44 60
51 45 60
51 46 30
51 47 60
51 48 30
51 49 60
51 50 60
51 52 30
51 53 40
51 54 60
51 55 30
51 56 60
51 57 80
51 58 60
51 59 60
51 60 80
51 61 60
51 62 30
51 63 40
51 64 30
51 65 30
51 66 30
51 67 80
51 68 40
51 69 60
51 70 40
51 71 40
51 72 40
51 73 60
51 74 30
51 75 60
51 76 40
51 77 30
51 78 40
51 79 60
51 80 60
52 0 30
52 1 30
52 2 60
52 3 80
52 4 80
52 5 60
52 6 30
52 7 60
52 8 30
52 9 40
52 10 80
52 11 80
52 12 60
52 13 80
52 14 80
52 15 80
52 16 80
52 17 60
52 18 40
52 19 40
52 20 60
52 21 40
52 22 30
52 23 60
52 24 80
52 25 40
52 26 40
52 27 40
52 28 60
52 29 40
52 30 40
52 31 60
52 32 60
52 33 40
52 34 30
52 35 40
52 36 60
52 37 30
52 38 60
52 39 80
52 40 40
52 41 30
52 42 30
52 43 80
52 44 60
52 45 80
52 46 40
52 47 40
52 48 30
52 49 30
52 50 40
52 51 30
52 53 60
52 54 60
52 55 30
52 56 40
52 57 80
52 58 30
52 59 60
52 60 80
52 61 60
52 62 30
52 63 60
52 64 40
52 65 30
52 66 60
52 67 80
52 68 30
52 69 40
52 70 40
52 71 30
52 72 60
52 73 80
52 74 80
52 75 30
52 76 60
52 77 80
52 78 60
52 79 40
52 80 30
53 0 30
53 1 80
53 2 40
53 3 80
53 4 40
53 5 80
53 6 80
53 7 60
53 8 40
53 9 60
53 10 60
53 11 60
53 12 30
53 13 40
53 14 80
53 15 30
53 16 40
53 17 40
53 18 60
53 19 80
53 20 60
53 21 60
53 22 40
53 23 30
53 24 60
53 25 60
53 26 40
53 27 40
53 28 30
53 29 80
53 30 40
53 31 60
53 32 80
53 33 40
53 34 40
53 35 30
53 36 40
53 37 80
53 38 80
53 39 30
53 40 60
53 41 30
53 42 30
53 43 40
53 44 40
53 45 30
53 46 80
53 47 30
53 48 80
53 49 80
53 50 80
53 51 40
53 52 80
53 54 80
53 55 80
53 56 60
53 57 30
53 58 30
53 59 60
53 60 40
53 61 30
53 62 40
53 63 30
53 64 60
53 65 80
53 66 60
53 67 60
53 68 60
53 69 40
53 70 40
53 71 30
53 72 30
53 73 40
53 74 40
53 75 40
53 76 80
53 77 60
53 78 60
53 79 80
53 80 40
54 0 80
54 1 30
54 2 80
54 3 30
54 4 80
54 5 30
54 6 40
54 7 40
54 8 60
54 9 30
54 10 40
54 11 60
54 12 60
54 13 40
54 14 80
54 15 30
54 16 40
54 17 80
54 18 80
54 19 40
54 20 40
54 21 60
54 22 30
54 23 30
54 24 60
54 25 40
54 26 40
54 27 60
54 28 80
54 29 30
54 30 60
54 31 30
54 32 40
54 33 60
54 34 80
54 35 30
54 36 40
54 37 40
54 38 40
54 39 40
54 40 80
54 41 30
54 42 30
54 43 80
54 44 30
54 45 60
54 46 30
54 47 80
54 48 60
54 49 30
54 50 40
54 51 30
54 52 40
54 53 80
54 55 60
54 56 60
54 57 80
54 58 60
54 59 40
54 60 80
54 61 30
54 62 80
54 63 80
54 64 30
54 65 80
54 66 80
54 67 80
54 68 30
54 69 40
54 70 60
54 71 30
54 72 40
54 73 80
54 74 80
54 75 60
54 76 60
54 77 60
54 78 40
54 79 30
54 80 80
55 0 30
55 1 60
55 2 80
55 3 40
55 4 60
55 5 40
55 6 60
55 7 40
55 8 80
55 9 40
55 10 60
55 11 40
55 12 40
55 13 80
55 14 40
55 15 30
55 16 60
55 17 30
55 18 40
55 19 80
55 20 30
55 21 80
55 22 40
55 23 40
55 24 60
55 25 40
55 26 60
55 27 40
55 28 40
55 29 30
55 30 60
55 31 40
55 32 40
55 33 60
55 34 80
55 35 80
55 36 30
55 37 30
55 38 40
55 39 30
55 40 60
55 41 80
55 42 80
55 43 40
55 44 30
55 45 80
55 46 60
55 47 60
55 48 30
55 49 40
55 50 60
55 51 30
55 52 80
55 53 60
55 54 40
55 56 60
55 57 60
55 58 30
55 59 60
55 60 80
55 61 60
55 62 60
55 63 60
55 64 80
55 65 80
55 66 40
55 67 60
55 68 30
55 69 40
55 70 40
55 71 30
55 72 80
55 73 80
55 74 30
55 75 40
55 76 40
55 77 40
55 78 30
55 79 40
55 80 40
56 0 30
56 1 30
56 2 80
56 3 30
56 4 40
56 5 40
56 6 80
56 7 60
56 8 30
56 9 30
56 10 80
56 11 60
56 12 30
56 13 40
56 14 30
56 15 30
56 16 40
56 17 30
56 18 60
56 19 40
56 20 40
56 21 80
56 22 80
56 23 80
56 24 40
56 25 60
56 26 40
56 27 60
56 28 80
56 29 40
56 30 60
56 31 30
56 32 30
56 33 40
56 34 80
56 35 80
56 36 30
56 37 30
56 38 80
56 39 30
56 40 80
56 41 80
56 42 30
56 43 60
56 44 80
56 45 60
56 46 60
56 47 30
56 48 40
56 49 30
56 50 30
56 51 30
56 52 40
56 53 80
56 54 40
56 55 80
56 57 40
56 58 60
56 59 60
56 60 80
56 61 60
56 62 80
56 63 30
56 64 40
56 65 60
56 66 80
56 67 40
56 68 60
56 69 40
56 70 40
56 71 30
56 72 30
56 73 30
56 74 30
56 75 30
56 76 60
56 77 60
56 78 40
56 79 60
56 80 80
57 0 60
57 1 60
57 2 80
57 3 30
57 4 60
57 5 40
57 6 80
57 7 80
57 8 60
57 9 80
57 10 30
57 11 40
57 12 30
57 13 80
57 14 80
57 15 60
57 16 60
57 17 80
57 18 30
57 19 30
57 20 80
57 21 30
57 22 60
57 23 40
57 24 80
57 25 30
57 26 40
57 27 40
57 28 60
57 29 40
57 30 60
57 31 80
57 32 30
57 33 40
57 34 60
57 35 80
57 36 80
57 37 40
57 38 40
57 39 30
57 40 60
57 41 80
57 42 80
57 43 80
57 44 30
57 45 60
57 46 30
57 47 60
57 48 80
57 49 80
57 50 80
57 51 80
57 52 40
57 53 40
57 54 30
57 55 40
57 56 30
57 58 30
57 59 30
57 60 80
57 61 80
57 62 40
57 63 40
57 64 30
57 65 60
57 66 60
57 67 80
57 68 30
57 69 40
57 70 60
57 71 60
57 72 80
57 73 30
57 74 80
57 75 80
57 76 60
57 77 60
57 78 40
57 79 30
57 80 30
58 0 30
58 1 80
58 2 80
58 3 40
58 4 60
58 5 80
58 6 80
58 7 80
58 8 60
58 9 80
58 10 60
58 11 30
58 12 30
58 13 80
58 14 30
58 15 30
58 16 40
58 17 60
58 18 80
58 19 40
58 20 80
58 21 60
58 22 40
58 23 40
58 24 40
58 25 60
58 26 60
58 27 80
58 28 60
58 29 30
58 30 80
58 31 60
58 32 30
58 33 30
58 34 30
58 35 30
58 36 40
58 37 30
58 38 40
58 39 40
58 40 60
58 41 40
58 42 30
58 43 80
58 44 30
58 45 80
58 46 30
58 47 30
58 48 60
58 49 40
58 50 40
58 51 40
58 52 40
58 53 30
58 54 60
58 55 40
58 56 80
58 57 40
58 59 40
58 60 80
58 61 40
58 62 80
58 63 80
58 64 40
58 65 30
58 66 40
58 67 40
58 68 30
58 69 30
58 70 30
58 71 40
58 72 40
58 73 60
58 74 60
58 75 80
58 76 60
58 77 40
58 78 40
58 79 60
58 80 80
59 0 60
59 1 80
59 2 30
59 3 80
59 4 60
59 5 80
59 6 40
59 7 80
59 8 40
59 9 80
59 10 60
59 11 30
59 12 80
59 13 30
59 14 60
59 15 40
59 16 30
59 17 60
59 18 80
59 19 40
59 20 80
59 21 30
59 22 40
59 23 80
59 24 60
59 25 60
59 26 80
59 27 60
59 28 80
59 29 30
59 30 30
59 31 60
59 32 80
59 33 30
59 34 80
59 35 40
59 36 30
59 37 40
59 38 40
59 39 30
59 40 80
59 41 30
59 42 60
59 43 60
59 44 30
59 45 60
59 46 80
59 47 80
59 48 30
59 49 40
59 50 60
59 51 30
59 52 60
59 53 80
59 54 30
59 55 40
59 56 40
59 57 60
59 58 40
59 60 40
59 61 30
59 62 60
59 63 30
59 64 40
59 65 60
59 66 30
59 67 30
59 68 80
59 69 40
59 70 60
59 71 60
59 72 40
59 73 40
59 74 40
59 75 60
59 76 60
59 77 60
59 78 60
59 79 60
59 80 40
60 0 80
60 1 40
60 2 30
60 3 80
60 4 60
60 5 40
60 6 30
60 7 40
60 8 80
60 9 60
60 10 60
60 11 80
60 12 60
60 13 40
60 14 60
60 15 40
60 16 80
60 17 80
60 18 30
60 19 30
60 20 80
60 21 40
60 22 40
60 23 80
60 24 80
60 25 40
60 26 60
60 27 60
60 28 40
60 29 30
60 30 40
60 31 60
60 32 80
60 33 30
60 34 60
60 35 60
60 36 60
60 37 40
60 38 40
60 39 30
60 40 80
60 41 80
60 42 30
60 43 80
60 44 30
60 45 40
60 46 60
60 47 30
60 48 80
60 49 40
60 50 60
60 51 30
60 52 60
60 53 40
60 54 60
60 55 80
60 56 60
60 57 80
60 58 40
60 59 40
60 61 40
60 62 60
60 63 40
60 64 40
60 65 60
60 66 40
60 67 40
60 68 80
60 69 60
60 70 80
60 71 40
60 72 40
60 73 60
60 74 40
60 75 30
60 76 40
60 77 30
60 78 80
60 79 60
60 80 80
61 0 80
61 1 60
61 2 80
61 3 80
61 4 60
61 5 80
61 6 30
61 7 40
61 8 80
61 9 40
61 10 30
61 11 30
61 12 60
61 13 30
61 14 40
61 15 80
61 16 30
61 17 30
61 18 30
61 19 40
61 20 60
61 21 40
61 22 30
61 23 40
61 24 80
61 25 30
61 26 80
61 27 80
61 28 80
61 29 80
61 30 60
61 31 60
61 32 30
61 33 60
61 34 60
61 35 60
61 36 80
61 37 80
61 38 60
61 39 30
61 40 40
61 41 80
61 42 30
61 43 40
61 44 40
61 45 60
61 46 60
61 47 80
61 48 30
61 49 80
61 50 80
61 51 40
61 52 40
61 53 40
61 54 40
61 55 30
61 56 80
61 57 60
61 58 60
61 59 40
61 60 30
61 62 40
61 63 30
61 64 60
61 65 80
61 66 30
61 67 60
61 68 40
61 69 60
61 70 30
61 71 30
61 72 40
61 73 30
61 74 60
61 75 60
61 76 80
61 77 40
61 78 60
61 79 40
61 80 40
62 0 60
62 1 40
62 2 30
62 3 40
62 4 80
62 5 80
62 6 60
62 7 30
62 8 40
62 9 30
62 10 30
62 11 40
62 12 60
62 13 40
62 14 60
62 15 40
62 16 30
62 17 80
62 18 60
62 19 30
62 20 60
62 21 60
62 22 80
62 23 80
62 24 80
62 25 30
62 26 60
62 27 40
62 28 30
62 29 40
62 30 40
62 31 80
62 32 30
62 33 60
62 34 30
62 35 40
62 36 40
62 37 40
62 38 40
62 39 60
62 40 40
62 41 80
62 42 80
62 43 60
62 44 40
62 45 40
62 46 40
62 47 60
62 48 80
62 49 60
62 50 30
62 51 30
62 52 30
62 53 80
62 54 40
62 55 30
62 56 40
62 57 60
62 58 30
62 59 80
62 60 30
62 61 80
62 63 80
62 64 40
62 65 80
62 66 40
62 67 80
62 68 40
62 69 40
62 70 80
62 71 30
62 72 60
62 73 60
62 74 30
62 75 60
62 76 60
62 77 30
62 78 40
62 79 30
62 80 80
63 0 40
63 1 40
63 2 40
63 3 30
63 4 80
63 5 60
63 6 60
63 7 60
63 8 40
63 9 60
63 10 60
63 11 40
63 12 80
63 13 60
63 14 60
63 15 40
63 16 80
63 17 40
63 18 30
63 19 30
63 20 30
63 21 30
63 22 80
63 23 30
63 24 60
63 25 40
63 26 60
63 27 80
63 28 60
63 29 40
63 30 60
63 31 30
63 32 40
63 33 80
63 34 80
63 35 30
63 36 80
63 37 40
63 38 60
63 39 40
63 40 60
63 41 40
63 42 40
63 43 80
63 44 60
63 45 80
63 46 30
63 47 80
63 48 30
63 49 40
63 50 40
63 51 40
63 52 80
63 53 60
63 54 60
63 55 80
63 56 30
63 57 30
63 58 80
63 59 80
63 60 40
63 61 30
63 62 40
63 64 40
63 65 30
63 66 40
63 67 80
63 68 30
63 69 30
63 70 80
63 71 30
63 72 30
63 73 60
63 74 40
63 75 60
63 76 40
63 77 60
63 78 30
63 79 40
63 80 30
64 0 30
64 1 40
64 2 80
64 3 30
64 4 60
64 5 60
64 6 80
64 7 60
64 8 30
64 9 60
64 10 80
64 11 60
64 12 40
64 13 60
64 14 80
64 15 40
64 16 40
64 17 80
64 18 40
64 19 30
64 20 60
64 21 80
64 22 60
64 23 80
64 24 30
64 25 40
64 26 40
64 27 40
64 28 40
64 29 30
64 30 60
64 31 80
64 32 80
64 33 60
64 34 60
64 35 80
64 36 60
64 37 60
64 38 80
64 39 30
64 40 80
64 41 30
64 42 60
64 43 80
64 44 60
64 45 80
64 46 80
64 47 60
64 48 40
64 49 40
64 50 60
64 51 40
64 52 80
64 53 80
64 54 30
64 55 30
64 56 80
64 57 80
64 58 80
64 59 40
64 60 30
64 61 40
64 62 60
64 63 60
64 65 80
64 66 30
64 67 30
64 68 60
64 69 30
64 70 80
64 71 40
64 72 40
64 73 40
64 74 60
64 75 80
64 76 60
64 77 60
64 78 30
64 79 80
64 80 30
65 0 60
65 1 30
65 2 60
65 3 60
65 4 60
65 5 80
65 6 80
65 7 60
65 8 80
65 9 40
65 10 60
65 11 80
65 12 60
65 13 80
65 14 80
65 15 40
65 16 80
65 17 60
65 18 40
65 19 80
65 20 40
65 21 30
65 22 60
65 23 80
65 24 30
65 25 60
65 26 30
65 27 40
65 28 80
65 29 80
65 30 80
65 31 30
65 32 30
65 33 40
65 34 30
65 35 30
65 36 40
65 37 30
65 38 30
65 39 80
65 40 40
65 41 40
65 42 60
65 43 30
65 44 80
65 45 30
65 46 80
65 47 60
65 48 60
65 49 30
65 50 60
65 51 30
65 52 80
65 53 40
65 54 40
65 55 30
65 56 80
65 57 80
65 58 80
65 59 60
65 60 80
65 61 80
65 62 80
65 63 60
65 64 60
65 66 60
65 67 80
65 68 30
65 69 30
65 70 80
65 71 80
65 72 80
65 73 30
65 74 60
65 75 30
65 76 60
65 77 80
65 78 30
65 79 60
65 80 30
66 0 40
66 1 40
66 2 40
66 3 60
66 4 40
66 5 60
66 6 80
66 7 30
66 8 60
66 9 80
66 10 30
66 11 40
66 12 40
66 13 40
66 14 80
66 15 30
66 16 80
66 17 30
66 18 30
66 19 40
66 20 30
66 21 30
66 22 40
66 23 80
66 24 80
66 25 40
66 26 40
66 27 60
66 28 80
66 29 30
66 30 30
66 31 30
66 32 30
66 33 40
66 34 40
66 35 30
66 36 40
66 37 30
66 38 30
66 39 80
66 40 60
66 41 40
66 42 30
66 43 30
66 44 60
66 45 80
66 46 30
66 47 40
66 48 30
66 49 30
66 50 80
66 51 30
66 52 80
66 53 30
66 54 30
66 55 30
66 56 40
66 57 30
66 58 60
66 59 40
66 60 40
66 61 80
66 62 60
66 63 30
66 64 60
66 65 80
66 67 60
66 68 40
66 69 40
66 70 60
66 71 80
66 72 40
66 73 40
66 74 60
66 75 40
66 76 40
66 77 60
66 78 40
66 79 80
66 80 40
67 0 60
67 1 30
67 2 60
67 3 40
67 4 40
67 5 60
67 6 80
67 7 60
67 8 60
67 9 60
67 10 40
67 11 80
67 12 30
67 13 40
67 14 60
67 15 60
67 16 80
67 17 60
67 18 30
67 19 30
67 20 40
67 21 60
67 22 40
67 23 30
67 24 60
67 25 30
67 26 30
67 27 40
67 28 40
67 29 80
67 30 80
67 31 40
67 32 40
67 33 60
67 34 60
67 35 30
67 36 80
67 37 80
67 38 80
67 39 40
67 40 40
67 41 60
67 42 80
67 43 80
67 44 40
67 45 30
67 46 30
67 47 60
67 48 40
67 49 60
67 50 60
67 51 40
67 52 30
67 53 60
67 54 80
67 55 60
67 56 80
67 57 40
67 58 60
67 59 40
67 60 40
67 61 30
67 62 80
67 63 60
67 64 80
67 65 40
67 66 40
67 68 30
67 69 40
67 70 30
67 71 30
67 72 30
67 73 60
67 74 40
67 75 40
67 76 80
67 77 40
67 78 60
67 79 60
67 80 80
68 0 30
68 1 40
68 2 30
68 3 80
68 4 40
68 5 60
68 6 60
68 7 80
68 8 40
68 9 80
68 10 80
68 11 40
68 12 30
68 13 40
68 14 80
68 15 30
68 16 30
68 17 40
68 18 40
68 19 80
68 20 30
68 21 40
68 22 80
68 23 30
68 24 60
68 25 40
68 26 40
68 27 60
68 28 30
68 29 60
68 30 30
68 31 80
68 32 40
68 33 60
68 34 30
68 35 40
68 36 30
68 37 30
68 38 60
68 39 60
68 40 40
68 41 40
68 42 40
68 43 40
68 44 30
68 45 40
68 46 40
68 47 30
68 48 30
68 49 80
68 50 80
68 51 30
68 52 40
68 53 80
68 54 80
68 55 30
68 56 60
68 57 30
68 58 60
68 59 40
68 60 80
68 61 80
68 62 80
68 63 80
68 64 80
68 65 60
68 66 30
68 67 60
68 69 40
68 70 80
68 71 30
68 72 40
68 73 60
68 74 40
68 75 60
68 76 30
68 77 40
68 78 80
68 79 60
68 80 60
69 0 60
69 1 40
69 2 60
69 3 40
69 4 60
69 5 60
69 6 60
69 7 80
69 8 80
69 9 60
69 10 30
69 11 40
69 12 80
69 13 40
69 14 40
69 15 40
69 16 40
69 17 40
69 18 40
69 19 30
69 20 40
69 21 40
69 22 40
69 23 60
69 24 80
69 25 30
69 26 80
69 27 80
69 28 80
69 29 80
69 30 80
69 31 40
69 32 60
69 33 40
69 34 40
69 35 40
69 36 80
69 37 30
69 38 60
69 39 60
69 40 40
69 41 30
69 42 80
69 43 80
69 44 60
69 45 60
69 46 80
69 47 60
69 48 30
69 49 60
69 50 60
69 51 30
69 52 30
69 53 40
69 54 30
69 55 40
69 56 30
69 57 60
69 58 40
69 59 60
69 60 80
69 61 60
69 62 60
69 63 60
69 64 30
69 65 40
69 66 80
69 67 30
69 68 30
69 70 30
69 71 80
69 72 40
69 73 40
69 74 30
69 75 60
69 76 40
69 77 80
69 78 60
69 79 40
69 80 40
70 0 40
70 1 40
70 2 60
70 3 60
70 4 30
70 5 80
70 6 40
70 7 40
70 8 80
70 9 40
70 10 40
70 11 30
70 12 80
70 13 30
70 14 60
70 15 30
70 16 30
70 17 40
70 18 30
70 19 30
70 20 60
70 21 80
70 22 60
70 23 40
70 24 80
70 25 80
70 26 30
70 27 40
70 28 30
70 29 40
70 30 30
70 31 80
70 32 80
70 33 80
70 34 60
70 35 30
70 36 80
70 37 80
70 38 80
70 39 60
70 40 80
70 41 60
70 42 30
70 43 30
70 44 60
70 45 30
70 46 60
70 47 40
70 48 60
70 49 30
70 50 40
70 51 60
70 52 60
70 53 60
70 54 80
70 55 30
70 56 80
70 57 80
70 58 60
70 59 30
70 60 80
70 61 40
70 62 60
70 63 30
70 64 60
70 65 80
70 66 60
70 67 80
70 68 30
70 69 80
70 71 30
70 72 60
70 73 40
70 74 40
70 75 60
70 76 60
70 77 30
70 78 40
70 79 40
70 80 30
71 0 80
71 1 80
71 2 80
71 3 30
71 4 60
71 5 60
71 6 60
71 7 30
71 8 40
71 9 30
71 10 80
71 11 60
71 12 80
71 13 60
71 14 30
71 15 30
71 16 40
71 17 30
71 18 40
71 19 60
71 20 30
71 21 30
71 22 30
71 23 30
71 24 30
71 25 80
71 26 30
71 27 30
71 28 80
71 29 30
71 30 80
71 31 60
71 32 30
71 33 60
71 34 40
71 35 60
71 36 60
71 37 30
71 38 80
71 39 60
71 40 80
71 41 30
71 42 80
71 43 60
71 44 80
71 45 60
71 46 40
71 47 80
71 48 40
71 49 30
71 50 60
71 51 40
71 52 80
71 53 40
71 54 80
71 55 80
71 56 60
71 57 80
71 58 30
71 59 80
71 60 30
71 61 80
71 62 60
71 63 30
71 64 60
71 65 80
71 66 80
71 67 80
71 68 60
71 69 40
71 70 30
71 72 40
71 73 30
71 74 40
71 75 40
71 76 80
71 77 30
71 78 40
71 79 60
71 80 30
72 0 30
72 1 80
72 2 80
72 3 60
72 4 30
72 5 80
72 6 60
72 7 40
72 8 60
72 9 30
72 10 30
72 11 30
72 12 60
72 13 30
72 14 60
72 15 60
72 16 30
72 17 40
72 18 40
72 19 80
72 20 60
72 21 60
72 22 30
72 23 60
72 24 60
72 25 30
72 26 60
72 27 30
72 28 80
72 29 30
72 30 30
72 31 80
72 32 30
72 33 80
72 34 40
72 35 30
72 36 80
72 37 40
72 38 80
72 39 60
72 40 80
72 41 40
72 42 60
72 43 60
72 44 40
72 45 40
72 46 40
72 47 30
72 48 30
72 49 40
72 50 80
72 51 40
72 52 60
72 53 40
72 54 60
72 55 40
72 56 60
72 57 60
72 58 30
72 59 30
72 60 40
72 61 30
72 62 40
72 63 30
72 64 60
72 65 60
72 66 40
72 67 60
72 68 30
72 69 30
72 70 80
72 71 40
72 73 80
72 74 40
72 75 80
72 76 30
72 77 40
72 78 80
72 79 80
72 80 60
73 0 30
73 1 80
73 2 60
73 3 30
73 4 60
73 5 30
73 6 30
73 7 60
73 8 60
73 9 40
73 10 40
73 11 80
73 12 30
73 13 60
73 14 80
73 15 60
73 16 60
73 17 80
73 18 80
73 19 40
73 20 30
73 21 80
73 22 30
73 23 30
73 24 40
73 25 80
73 26 60
73 27 60
73 28 30
73 29 80
73 30 40
73 31 60
73 32 40
73 33 30
73 34 40
73 35 30
73 36 60
73 37 30
73 38 40
73 39 60
73 40 30
73 41 60
73 42 30
73 43 30
73 44 60
73 45 60
73 46 60
73 47 40
73 48 40
73 49 80
73 50 40
73 51 40
73 52 30
73 53 30
73 54 60
73 55 40
73 56 40
73 57 60
73 58 40
73 59 60
73 60 60
73 61 30
73 62 30
73 63 60
73 64 60
73 65 30
73 66 60
73 67 60
73 68 40
73 69 30
73 70 40
73 71 40
73 72 40
73 74 40
73 75 60
73 76 60
73 77 40
73 78 60
73 79 80
73 80 80
74 0 30
74 1 40
74 2 40
74 3 30
74 4 30
74 5 30
74 6 30
74 7 30
74 8 30
74 9 60
74 10 40
74 11 60
74 12 40
74 13 80
74 14 30
74 15 60
74 16 40
74 17 30
74 18 40
74 19 40
74 20 30
74 21 80
74 22 80
74 23 80
74 24 60
74 25 80
74 26 40
74 27 40
74 28 40
74 29 40
74 30 40
74 31 80
74 32 60
74 33 80
74 34 60
74 35 30
74 36 40
74 37 40
74 38 60
74 39 60
74 40 80
74 41 40
74 42 40
74 43 40
74 44 60
74 45 80
74 46 40
74 47 60
74 48 80
74 49 40
74 50 80
74 51 60
74 52 40
74 53 60
74 54 80
74 55 30
74 56 60
74 57 30
74 58 40
74 59 30
74 60 80
74 61 80
74 62 30
74 63 80
74 64 60
74 65 40
74 66 40
74 67 40
74 68 80
74 69 80
74 70 60
74 71 40
74 72 30
74 73 40
74 75 40
74 76 60
74 77 40
74 78 80
74 79 80
74 80 40
75 0 30
75 1 40
75 2 80
75 3 80
75 4 40
75 5 60
75 6 40
75 7 60
75 8 30
75 9 60
75 10 80
75 11 60
75 12 60
75 13 80
75 14 40
75 15 30
75 16 30
75 17 40
75 18 80
75 19 80
75 20 40
75 21 30
75 22 60
75 23 40
75 24 30
75 25 30
75 26 40
75 27 60
75 28 40
75 29 80
75 30 60
75 31 60
75 32 30
75 33 40
75 34 80
75 35 80
75 36 80
75 37 40
75 38 40
75 39 80
75 40 60
75 41 40
75 42 30
75 43 40
75 44 40
75 45 30
75 46 30
75 47 80
75 48 80
75 49 60
75 50 30
75 51 30
75 52 80
75 53 40
75 54 60
75 55 40
75 56 80
75 57 80
75 58 30
75 59 40
75 60 80
75 61 80
75 62 40
75 63 80
75 64 60
75 65 40
75 66 60
75 67 40
75 68 40
75 69 80
75 70 30
75 71 40
75 72 80
75 73 30
75 74 60
75 76 80
75 77 60
75 78 40
75 79 80
75 80 30
76 0 30
76 1 40
76 2 80
76 3 30
76 4 80
76 5 40
76 6 60
76 7 30
76 8 80
76 9 80
76 10 60
76 11 60
76 12 40
76 13 40
76 14 60
76 15 80
76 16 30
76 17 80
76 18 30
76 19 60
76 20 80
76 21 30
76 22 40
76 23 40
76 24 60
76 25 80
76 26 40
76 27 30
76 28 40
76 29 60
76 30 60
76 31 40
76 32 30
76 33 80
76 34 80
76 35 60
76 36 30
76 37 40
76 38 80
76 39 40
76 40 80
76 41 80
76 42 80
76 43 40
76 44 80
76 45 60
76 46 80
76 47 30
76 48 60
76 49 60
76 50 80
76 51 60
76 52 40
76 53 40
76 54 80
76 55 80
76 56 80
76 57 40
76 58 40
76 59 30
76 60 40
76 61 80
76 62 60
76 63 30
76 64 30
76 65 80
76 66 80
76 67 30
76 68 80
76 69 40
76 70 80
76 71 30
76 72 30
76 73 80
76 74 40
76 75 40
76 77 40
76 78 60
76 79 40
76 80 80
77 0 80
77 1 80
77 2 30
77 3 40
77 4 40
77 5 80
77 6 40
77 7 80
77 8 60
77 9 40
77 10 60
77 11 80
77 12 40
77 13 60
77 14 80
77 15 40
77 16 40
77 17 60
77 18 80
77 19 30
77 20 40
77 21 40
77 22 40
77 23 30
77 24 30
77 25 60
77 26 80
77 27 40
77 28 80
77 29 30
77 30 80
77 31 80
77 32 60
77 33 30
77 34 80
77 35 30
77 36 40
77 37 40
77 38 80
77 39 60
77 40 30
77 41 30
77 42 30
77 43 30
77 44 30
77 45 30
77 46 30
77 47 60
77 48 60
77 49 40
77 50 40
77 51 30
77 52 80
77 53 60
77 54 80
77 55 80
77 56 80
77 57 80
77 58 60
77 59 60
77 60 60
77 61 60
77 62 80
77 63 30
77 64 80
77 65 30
77 66 80
77 67 60
77 68 60
77 69 80
77 70 30
77 71 40
77 72 30
77 73 60
77 74 30
77 75 30
77 76 40
77 78 30
77 79 40
77 80 40
78 0 40
78 1 40
78 2 40
78 3 80
78 4 60
78 5 80
78 6 80
78 7 30
78 8 60
78 9 30
78 10 30
78 11 30
78 12 60
78 13 80
78 14 30
78 15 80
78 16 60
78 17 40
78 18 30
78 19 30
78 20 80
78 21 30
78 22 40
78 23 30
78 24 40
78 25 60
78 26 40
78 27 60
78 28 80
78 29 80
78 30 80
78 31 80
78 32 80
78 33 40
78 34 60
78 35 40
78 36 60
78 37 30
78 38 80
78 39 30
78 40 60
78 41 40
78 42 40
78 43 30
78 44 30
78 45 60
78 46 80
78 47 80
78 48 80
78 49 40
78 50 60
78 51 40
78 52 40
78 53 40
78 54 80
78 55 30
78 56 80
78 57 80
78 58 40
78 59 80
78 60 60
78 61 80
78 62 40
78 63 80
78 64 80
78 65 40
78 66 80
78 67 60
78 68 30
78 69 40
78 70 40
78 71 60
78 72 80
78 73 80
78 74 30
78 75 30
78 76 60
78 77 80
78 79 30
78 80 30
79 0 60
79 1 30
79 2 60
79 3 40
79 4 30
79 5 60
79 6 60
79 7 40
79 8 80
79 9 60
79 10 30
79 11 80
79 12 80
79 13 60
79 14 30
79 15 40
79 16 60
79 17 80
79 18 30
79 19 80
79 20 60
79 21 80
79 22 80
79 23 30
79 24 80
79 25 60
79 26 30
79 27 40
79 28 40
79 29 80
79 30 40
79 31 30
79 32 40
79 33 80
79 34 60
79 35 60
79 36 40
79 37 40
79 38 30
79 39 30
79 40 80
79 41 40
79 42 40
79 43 80
79 44 40
79 45 40
79 46 80
79 47 60
79 48 40
79 49 80
79 50 60
79 51 80
79 52 80
79 53 60
79 54 60
79 55 40
79 56 80
79 57 60
79 58 30
79 59 40
79 60 60
79 61 60
79 62 60
79 63 60
79 64 80
79 65 80
79 66 30
79 67 40
79 68 40
79 69 80
79 70 60
79 71 30
79 72 30
79 73 40
79 74 30
79 75 40
79 76 80
79 77 60
79 78 30
79 80 60
80 0 80
80 1 40
80 2 60
80 3 30
80 4 60
80 5 80
80 6 60
80 7 60
80 8 60
80 9 40
80 10 80
80 11 40
80 12 30
80 13 80
80 14 60
80 15 80
80 16 30
80 17 40
80 18 80
80 19 40
80 20 80
80 21 30
80 22 60
80 23 60
80 24 30
80 25 80
80 26 40
80 27 40
80 28 40
80 29 60
80 30 30
80 31 80
80 32 80
80 33 80
80 34 30
80 35 30
80 36 30
80 37 40
80 38 60
80 39 30
80 40 30
80 41 30
80 42 40
80 43 60
80 44 30
80 45 40
80 46 80
80 47 80
80 48 40
80 49 60
80 50 60
80 51 60
80 52 80
80 53 80
80 54 40
80 55 80
80 56 60
80 57 80
80 58 30
80 59 40
80 60 60
80 61 40
80 62 80
80 63 40
80 64 80
80 65 40
80 66 60
80 67 30
80 68 60
80 69 40
80 70 30
80 71 60
80 72 60
80 73 80
80 74 60
80 75 40
80 76 40
80 77 40
80 78 80
80 79 30
