NAME C75R2-1
SOURCE Zhang et al. (2018) methodology — reproducible synthetic benchmark
N_CUSTOMERS 75
N_STATIONS 2
VARIANT 1
GRID_MILES 200.0
VEHICLE_CAPACITY 3.0
BATTERY_KWH 110.0
CURB_WEIGHT_KG 2000.0
ALPHA_ARC 0.0981
BETA_VEH 2.11
EFF_D 1.11
EFF_M 1.25
SPEED_SEED 25988149
CUSTOMER_SEED 84775
STATION_SEED 94616

NODES
0 160934.400000 160934.400000 0.000000 depot_start
1 4166.777309 112446.408097 0.065939 customer
2 160201.125722 220015.030210 0.099294 customer
3 113715.269829 259656.071873 0.057959 customer
4 181723.897430 177879.048946 0.101338 customer
5 304607.858454 162739.845983 0.149470 customer
6 313225.365828 247373.594695 0.119500 customer
7 140490.223852 169117.603149 0.069407 customer
8 40525.271997 104997.463967 0.123212 customer
9 239561.275752 194483.897893 0.117872 customer
10 305107.895036 261627.707619 0.143360 customer
11 265040.477963 288573.247680 0.059169 customer
12 52232.902779 10012.648536 0.117693 customer
13 278653.859910 12179.929637 0.103971 customer
14 262305.078952 253253.010725 0.062847 customer
15 80090.331992 259688.908345 0.081407 customer
16 182729.127829 80069.871255 0.071073 customer
17 181256.967090 156868.427264 0.086575 customer
18 276085.673283 93348.218797 0.120788 customer
19 186182.031700 279947.123149 0.135162 customer
20 225275.912606 274204.852617 0.067994 customer
21 206822.700208 202514.580516 0.057529 customer
22 167279.666733 214454.329315 0.127533 customer
23 9346.178280 252262.115648 0.076428 customer
24 30783.875806 127664.383336 0.110586 customer
25 168683.591165 317060.868864 0.138301 customer
26 230940.200190 130615.945218 0.081651 customer
27 145659.918941 148877.545368 0.060138 customer
28 312979.259584 264079.636684 0.120565 customer
29 207948.122834 262321.120370 0.050855 customer
30 79748.776776 218516.683899 0.138973 customer
31 218002.612138 129679.613759 0.131294 customer
32 232642.591491 276024.814661 0.074728 customer
33 198826.219632 8982.201744 0.148221 customer
34 141007.047235 72157.331957 0.107147 customer
35 216302.900600 290644.114474 0.149527 customer
36 8187.407633 209388.625368 0.051916 customer
37 76592.837097 103798.790854 0.132574 customer
38 168502.933207 2609.713305 0.113783 customer
39 123778.380196 139117.001630 0.055457 customer
40 174949.141486 61845.118731 0.117836 customer
41 233639.441824 208164.234116 0.111161 customer
42 126579.122027 121882.375273 0.079315 customer
43 161449.279976 61550.869904 0.088292 customer
44 59365.485103 171423.633432 0.074188 customer
45 117721.540752 99214.301000 0.122642 customer
46 212843.819990 266218.671297 0.080241 customer
47 218007.439805 20860.487837 0.090464 customer
48 220694.311264 49107.635674 0.095756 customer
49 286457.207734 159112.831645 0.059892 customer
50 209392.417290 310882.218450 0.135349 customer
51 131991.251670 270860.202387 0.129195 customer
52 63152.447464 171939.682565 0.111942 customer
53 251673.417013 167944.181369 0.108772 customer
54 128271.872108 41267.218659 0.090678 customer
55 64407.459876 55492.786748 0.073723 customer
56 257421.518692 210963.859932 0.067221 customer
57 255929.257493 274009.616117 0.143267 customer
58 203764.607943 30677.243336 0.099962 customer
59 195456.321755 21327.121930 0.100448 customer
60 231152.798084 161464.545312 0.109604 customer
61 20389.217437 84188.955809 0.140641 customer
62 120963.286764 216155.250590 0.097996 customer
63 96330.937482 159636.037521 0.094353 customer
64 21083.148414 306551.917878 0.082487 customer
65 98250.036218 100057.574783 0.078551 customer
66 1057.211672 150382.876802 0.097043 customer
67 109179.329280 293966.386576 0.125660 customer
68 218346.277083 60843.119035 0.138139 customer
69 20559.541351 1462.260606 0.143168 customer
70 239266.405891 286734.679977 0.143060 customer
71 117213.633846 187018.188653 0.064346 customer
72 109922.647897 182247.497104 0.095573 customer
73 140292.353652 186466.549766 0.123795 customer
74 103406.421827 20741.635206 0.093087 customer
75 84025.391324 245379.896484 0.131752 customer
76 212237.269108 39877.906642 0.000000 station
77 141845.610703 253765.660530 0.000000 station
78 160934.400000 160934.400000 0.000000 depot_end

SPEEDS
0 1 60
0 2 40
0 3 60
0 4 40
0 5 80
0 6 30
0 7 60
0 8 40
0 9 80
0 10 60
0 11 60
0 12 40
0 13 40
0 14 80
0 15 40
0 16 40
0 17 30
0 18 30
0 19 60
0 20 40
0 21 30
0 22 30
0 23 40
0 24 30
0 25 30
0 26 60
0 27 40
0 28 40
0 29 30
0 30 60
0 31 60
0 32 30
0 33 40
0 34 40
0 35 60
0 36 40
0 37 60
0 38 60
0 39 30
0 40 60
0 41 40
0 42 60
0 43 60
0 44 40
0 45 60
0 46 30
0 47 60
0 48 60
0 49 60
0 50 30
0 51 80
0 52 40
0 53 40
0 54 60
0 55 40
0 56 30
0 57 40
0 58 40
0 59 30
0 60 80
0 61 30
0 62 40
0 63 30
0 64 40
0 65 40
0 66 40
0 67 40
0 68 40
0 69 40
0 70 80
0 71 30
0 72 60
0 73 30
0 74 40
0 75 60
0 76 80
0 77 60
0 78 80
1 0 80
1 2 40
1 3 80
1 4 80
1 5 40
1 6 40
1 7 40
1 8 30
1 9 30
1 10 30
1 11 80
1 12 80
1 13 40
1 14 60
1 15 80
1 16 80
1 17 80
1 18 60
1 19 60
1 20 40
1 21 30
1 22 80
1 23 30
1 24 60
1 25 60
1 26 80
1 27 40
1 28 40
1 29 60
1 30 30
1 31 30
1 32 60
1 33 40
1 34 40
1 35 60
1 36 60
1 37 40
1 38 80
1 39 80
1 40 60
1 41 30
1 42 40
1 43 80
1 44 30
1 45 80
1 46 40
1 47 30
1 48 60
1 49 40
1 50 30
1 51 60
1 52 40
1 53 40
1 54 40
1 55 60
1 56 80
1 57 40
1 58 60
1 59 30
1 60 80
1 61 30
1 62 80
1 63 30
1 64 80
1 65 80
1 66 60
1 67 60
1 68 40
1 69 40
1 70 40
1 71 80
1 72 30
1 73 80
1 74 40
1 75 80
1 76 80
1 77 30
1 78 80
2 0 30
2 1 30
2 3 80
2 4 80
2 5 40
2 6 30
2 7 30
2 8 30
2 9 60
2 10 60
2 11 40
2 12 60
2 13 40
2 14 80
2 15 30
2 16 30
2 17 60
2 18 60
2 19 40
2 20 40
2 21 60
2 22 40
2 23 30
2 24 60
2 25 40
2 26 60
2 27 60
2 28 40
2 29 60
2 30 30
2 31 40
2 32 80
2 33 80
2 34 80
2 35 60
2 36 60
2 37 80
2 38 30
2 39 80
2 40 40
2 41 40
2 42 40
2 43 30
2 44 30
2 45 80
2 46 30
2 47 80
2 48 30
2 49 30
2 50 60
2 51 80
2 52 80
2 53 40
2 54 60
2 55 40
2 56 30
2 57 60
2 58 40
2 59 80
2 60 30
2 61 80
2 62 40
2 63 30
2 64 40
2 65 60
2 66 40
2 67 30
2 68 30
2 69 60
2 70 40
2 71 40
2 72 40
2 73 60
2 74 30
2 75 30
2 76 80
2 77 30
2 78 40
3 0 60
3 1 80
3 2 60
3 4 30
3 5 30
3 6 40
3 7 30
3 8 30
3 9 80
3 10 60
3 11 30
3 12 40
3 13 40
3 14 60
3 15 40
3 16 80
3 17 40
3 18 40
3 19 60
3 20 40
3 21 30
3 22 60
3 23 30
3 24 30
3 25 30
3 26 30
3 27 30
3 28 30
3 29 30
3 30 60
3 31 40
3 32 40
3 33 60
3 34 80
3 35 60
3 36 40
3 37 30
3 38 80
3 39 60
3 40 60
3 41 60
3 42 80
3 43 80
3 44 30
3 45 60
3 46 60
3 47 40
3 48 30
3 49 80
3 50 80
3 51 40
3 52 60
3 53 40
3 54 80
3 55 30
3 56 60
3 57 80
3 58 60
3 59 30
3 60 60
3 61 60
3 62 30
3 63 60
3 64 30
3 65 40
3 66 30
3 67 60
3 68 80
3 69 60
3 70 40
3 71 60
3 72 30
3 73 60
3 74 40
3 75 40
3 76 40
3 77 30
3 78 40
4 0 80
4 1 30
4 2 60
4 3 60
4 5 30
4 6 30
4 7 40
4 8 60
4 9 60
4 10 40
4 11 60
4 12 60
4 13 60
4 14 40
4 15 80
4 16 30
4 17 40
4 18 80
4 19 60
4 20 60
4 21 40
4 22 40
4 23 30
4 24 80
4 25 60
4 26 60
4 27 40
4 28 30
4 29 30
4 30 30
4 31 60
4 32 40
4 33 30
4 34 80
4 35 80
4 36 60
4 37 40
4 38 80
4 39 40
4 40 80
4 41 60
4 42 80
4 43 60
4 44 60
4 45 60
4 46 30
4 47 40
4 48 80
4 49 80
4 50 40
4 51 80
4 52 80
4 53 30
4 54 80
4 55 80
4 56 40
4 57 60
4 58 80
4 59 40
4 60 40
4 61 30
4 62 30
4 63 60
4 64 80
4 65 40
4 66 40
4 67 60
4 68 30
4 69 40
4 70 60
4 71 40
4 72 40
4 73 40
4 74 30
4 75 30
4 76 80
4 77 80
4 78 40
5 0 40
5 1 60
5 2 30
5 3 30
5 4 80
5 6 60
5 7 60
5 8 60
5 9 40
5 10 40
5 11 60
5 12 80
5 13 30
5 14 80
5 15 30
5 16 80
5 17 80
5 18 80
5 19 60
5 20 30
5 21 80
5 22 40
5 23 80
5 24 30
5 25 40
5 26 30
5 27 80
5 28 60
5 29 30
5 30 30
5 31 30
5 32 80
5 33 30
5 34 60
5 35 40
5 36 80
5 37 40
5 38 40
5 39 80
5 40 40
5 41 40
5 42 60
5 43 40
5 44 40
5 45 80
5 46 60
5 47 40
5 48 40
5 49 60
5 50 30
5 51 40
5 52 30
5 53 80
5 54 80
5 55 30
5 56 40
5 57 60
5 58 40
5 59 80
5 60 60
5 61 30
5 62 60
5 63 30
5 64 60
5 65 40
5 66 60
5 67 80
5 68 30
5 69 30
5 70 60
5 71 60
5 72 60
5 73 40
5 74 60
5 75 60
5 76 30
5 77 30
5 78 40
6 0 30
6 1 60
6 2 40
6 3 30
6 4 60
6 5 40
6 7 30
6 8 60
6 9 30
6 10 60
6 11 40
6 12 60
6 13 40
6 14 30
6 15 40
6 16 40
6 17 80
6 18 40
6 19 80
6 20 80
6 21 80
6 22 80
6 23 80
6 24 40
6 25 60
6 26 30
6 27 40
6 28 60
6 29 60
6 30 60
6 31 30
6 32 30
6 33 60
6 34 80
6 35 80
6 36 60
6 37 60
6 38 30
6 39 30
6 40 80
6 41 30
6 42 40
6 43 30
6 44 40
6 45 30
6 46 30
6 47 80
6 48 40
6 49 40
6 50 60
6 51 40
6 52 30
6 53 80
6 54 30
6 55 40
6 56 60
6 57 60
6 58 60
6 59 30
6 60 40
6 61 80
6 62 30
6 63 60
6 64 30
6 65 80
6 66 60
6 67 80
6 68 40
6 69 60
6 70 60
6 71 60
6 72 30
6 73 40
6 74 60
6 75 80
6 76 30
6 77 40
6 78 40
7 0 60
7 1 80
7 2 80
7 3 30
7 4 40
7 5 60
7 6 40
7 8 40
7 9 30
7 10 40
7 11 80
7 12 30
7 13 30
7 14 80
7 15 60
7 16 80
7 17 60
7 18 30
7 19 40
7 20 30
7 21 30
7 22 40
7 23 80
7 24 30
7 25 80
7 26 80
7 27 40
7 28 80
7 29 80
7 30 80
7 31 30
7 32 80
7 33 60
7 34 30
7 35 60
7 36 40
7 37 40
7 38 30
7 39 80
7 40 80
7 41 60
7 42 30
7 43 60
7 44 30
7 45 80
7 46 80
7 47 40
7 48 30
7 49 60
7 50 60
7 51 30
7 52 60
7 53 80
7 54 40
7 55 60
7 56 80
7 57 30
7 58 80
7 59 60
7 60 30
7 61 80
7 62 30
7 63 40
7 64 80
7 65 40
7 66 40
7 67 80
7 68 40
7 69 30
7 70 40
7 71 40
7 72 40
7 73 80
7 74 60
7 75 40
7 76 40
7 77 80
7 78 40
8 0 40
8 1 40
8 2 30
8 3 60
8 4 40
8 5 40
8 6 80
8 7 30
8 9 80
8 10 40
8 11 60
8 12 80
8 13 60
8 14 60
8 15 30
8 16 60
8 17 60
8 18 80
8 19 40
8 20 60
8 21 40
8 22 80
8 23 30
8 24 30
8 25 80
8 26 80
8 27 60
8 28 40
8 29 30
8 30 40
8 31 80
8 32 40
8 33 30
8 34 30
8 35 30
8 36 80
8 37 60
8 38 40
8 39 80
8 40 80
8 41 80
8 42 30
8 43 40
8 44 30
8 45 40
8 46 40
8 47 30
8 48 60
8 49 30
8 50 40
8 51 60
8 52 40
8 53 80
8 54 30
8 55 60
8 56 60
8 57 80
8 58 80
8 59 60
8 60 40
8 61 60
8 62 80
8 63 40
8 64 30
8 65 30
8 66 80
8 67 80
8 68 40
8 69 60
8 70 80
8 71 40
8 72 40
8 73 80
8 74 80
8 75 40
8 76 40
8 77 60
8 78 40
9 0 80
9 1 80
9 2 40
9 3 80
9 4 40
9 5 60
9 6 40
9 7 80
9 8 80
9 10 60
9 11 40
9 12 60
9 13 40
9 14 60
9 15 40
9 16 30
9 17 80
9 18 40
9 19 80
9 20 80
9 21 80
9 22 80
9 23 60
9 24 30
9 25 30
9 26 30
9 27 30
9 28 40
9 29 80
9 30 60
9 31 60
9 32 80
9 33 30
9 34 30
9 35 60
9 36 60
9 37 80
9 38 60
9 39 60
9 40 80
9 41 80
9 42 60
9 43 60
9 44 60
9 45 80
9 46 30
9 47 60
9 48 30
9 49 60
9 50 30
9 51 40
9 52 80
9 53 80
9 54 40
9 55 60
9 56 80
9 57 80
9 58 30
9 59 80
9 60 60
9 61 40
9 62 80
9 63 40
9 64 80
9 65 80
9 66 80
9 67 80
9 68 80
9 69 40
9 70 60
9 71 60
9 72 30
9 73 40
9 74 30
9 75 80
9 76 60
9 77 60
9 78 80
10 0 30
10 1 60
10 2 40
10 3 80
10 4 40
10 5 40
10 6 60
10 7 30
10 8 30
10 9 60
10 11 60
10 12 30
10 13 60
10 14 60
10 15 60
10 16 60
10 17 40
10 18 30
10 19 40
10 20 40
10 21 80
10 22 40
10 23 30
10 24 60
10 25 40
10 26 80
10 27 30
10 28 80
10 29 80
10 30 80
10 31 60
10 32 40
10 33 60
10 34 40
10 35 30
10 36 80
10 37 60
10 38 80
10 39 80
10 40 30
10 41 30
10 42 40
10 43 80
10 44 60
10 45 40
10 46 30
10 47 40
10 48 30
10 49 60
10 50 40
10 51 40
10 52 40
10 53 30
10 54 80
10 55 40
10 56 40
10 57 40
10 58 60
10 59 60
10 60 80
10 61 60
10 62 40
10 63 30
10 64 60
10 65 30
10 66 40
10 67 80
10 68 40
10 69 30
10 70 40
10 71 30
10 72 30
10 73 40
10 74 60
10 75 60
10 76 40
10 77 80
10 78 80
11 0 40
11 1 80
11 2 80
11 3 30
11 4 60
11 5 80
11 6 80
11 7 40
11 8 40
11 9 80
11 10 80
11 12 40
11 13 40
11 14 80
11 15 30
11 16 80
11 17 30
11 18 40
11 19 60
11 20 30
11 21 40
11 22 80
11 23 40
11 24 60
11 25 30
11 26 60
11 27 60
11 28 60
11 29 30
11 30 40
11 31 40
11 32 80
11 33 60
11 34 60
11 35 30
11 36 30
11 37 80
11 38 80
11 39 40
11 40 80
11 41 80
11 42 80
11 43 30
11 44 40
11 45 40
11 46 40
11 47 30
11 48 80
11 49 80
11 50 80
11 51 40
11 52 30
11 53 30
11 54 30
11 55 30
11 56 30
11 57 60
11 58 60
11 59 30
11 60 80
11 61 60
11 62 60
11 63 80
11 64 30
11 65 60
11 66 80
11 67 40
11 68 40
11 69 30
11 70 80
11 71 40
11 72 40
11 73 80
11 74 30
11 75 80
11 76 30
11 77 40
11 78 30
12 0 30
12 1 60
12 2 80
12 3 80
12 4 40
12 5 60
12 6 40
12 7 80
12 8 80
12 9 80
12 10 60
12 11 30
12 13 60
12 14 60
12 15 30
12 16 40
12 17 60
12 18 40
12 19 30
12 20 30
12 21 80
12 22 60
12 23 40
12 24 30
12 25 80
12 26 40
12 27 60
12 28 30
12 29 80
12 30 40
12 31 40
12 32 30
12 33 30
12 34 80
12 35 60
12 36 30
12 37 40
12 38 60
12 39 80
12 40 60
12 41 80
12 42 30
12 43 40
12 44 60
12 45 40
12 46 40
12 47 60
12 48 60
12 49 80
12 50 60
12 51 30
12 52 40
12 53 80
12 54 40
12 55 60
12 56 40
12 57 60
12 58 80
12 59 30
12 60 60
12 61 60
12 62 40
12 63 30
12 64 60
12 65 60
12 66 30
12 67 60
12 68 80
12 69 30
12 70 30
12 71 60
12 72 80
12 73 30
12 74 80
12 75 80
12 76 60
12 77 40
12 78 60
13 0 80
13 1 30
13 2 80
13 3 40
13 4 80
13 5 30
13 6 30
13 7 80
13 8 80
13 9 40
13 10 80
13 11 40
13 12 30
13 14 30
13 15 30
13 16 80
13 17 80
13 18 60
13 19 30
13 20 60
13 21 40
13 22 60
13 23 30
13 24 60
13 25 30
13 26 60
13 27 30
13 28 30
13 29 40
13 30 30
13 31 30
13 32 60
13 33 30
13 34 60
13 35 40
13 36 30
13 37 80
13 38 60
13 39 80
13 40 30
13 41 40
13 42 40
13 43 40
13 44 80
13 45 40
13 46 40
13 47 40
13 48 80
13 49 60
13 50 80
13 51 80
13 52 60
13 53 30
13 54 40
13 55 40
13 56 40
13 57 30
13 58 80
13 59 40
13 60 30
13 61 60
13 62 40
13 63 60
13 64 60
13 65 30
13 66 80
13 67 80
13 68 40
13 69 40
13 70 80
13 71 80
13 72 60
13 73 30
13 74 60
13 75 40
13 76 80
13 77 80
13 78 80
14 0 30
14 1 80
14 2 80
14 3 80
14 4 30
14 5 40
14 6 60
14 7 60
14 8 60
14 9 60
14 10 40
14 11 80
14 12 60
14 13 60
14 15 30
14 16 60
14 17 30
14 18 30
14 19 80
14 20 80
14 21 30
14 22 60
14 23 60
14 24 60
14 25 40
14 26 30
14 27 40
14 28 30
14 29 60
14 30 40
14 31 30
14 32 60
14 33 30
14 34 30
14 35 40
14 36 40
14 37 30
14 38 60
14 39 40
14 40 60
14 41 60
14 42 60
14 43 60
14 44 40
14 45 40
14 46 80
14 47 30
14 48 60
14 49 40
14 50 80
14 51 30
14 52 40
14 53 40
14 54 80
14 55 80
14 56 40
14 57 40
14 58 40
14 59 30
14 60 80
14 61 60
14 62 30
14 63 30
14 64 30
14 65 40
14 66 40
14 67 40
14 68 60
14 69 30
14 70 80
14 71 40
14 72 80
14 73 80
14 74 80
14 75 60
14 76 80
14 77 80
14 78 80
15 0 60
15 1 60
15 2 80
15 3 40
15 4 80
15 5 80
15 6 40
15 7 40
15 8 60
15 9 60
15 10 30
15 11 30
15 12 40
15 13 30
15 14 40
15 16 30
15 17 40
15 18 40
15 19 40
15 20 30
15 21 40
15 22 60
15 23 30
15 24 30
15 25 40
15 26 60
15 27 40
15 28 80
15 29 60
15 30 40
15 31 30
15 32 80
15 33 30
15 34 30
15 35 40
15 36 60
15 37 40
15 38 80
15 39 30
15 40 80
15 41 30
15 42 80
15 43 40
15 44 40
15 45 60
15 46 60
15 47 60
15 48 30
15 49 60
15 50 60
15 51 30
15 52 80
15 53 60
15 54 30
15 55 40
15 56 80
15 57 80
15 58 80
15 59 30
15 60 60
15 61 80
15 62 40
15 63 30
15 64 80
15 65 80
15 66 40
15 67 80
15 68 80
15 69 30
15 70 60
15 71 60
15 72 40
15 73 80
15 74 60
15 75 60
15 76 60
15 77 60
15 78 60
16 0 60
16 1 80
16 2 60
16 3 40
16 4 80
16 5 30
16 6 60
16 7 30
16 8 60
16 9 60
16 10 40
16 11 80
16 12 60
16 13 40
16 14 80
16 15 30
16 17 80
16 18 30
16 19 80
16 20 80
16 21 80
16 22 60
16 23 60
16 24 40
16 25 30
16 26 80
16 27 30
16 28 60
16 29 30
16 30 30
16 31 80
16 32 30
16 33 80
16 34 30
16 35 40
16 36 30
16 37 30
16 38 80
16 39 30
16 40 60
16 41 30
16 42 80
16 43 60
16 44 40
16 45 30
16 46 60
16 47 40
16 48 80
16 49 60
16 50 60
16 51 80
16 52 80
16 53 80
16 54 80
16 55 40
16 56 80
16 57 80
16 58 30
16 59 30
16 60 30
16 61 30
16 62 80
16 63 80
16 64 40
16 65 30
16 66 60
16 67 30
16 68 60
16 69 40
16 70 40
16 71 80
16 72 40
16 73 60
16 74 80
16 75 60
16 76 80
16 77 80
16 78 40
17 0 40
17 1 60
17 2 80
17 3 60
17 4 30
17 5 30
17 6 60
17 7 40
17 8 60
17 9 40
17 10 80
17 11 60
17 12 40
17 13 40
17 14 40
17 15 60
17 16 80
17 18 80
17 19 80
17 20 30
17 21 30
17 22 40
17 23 40
17 24 30
17 25 40
17 26 30
17 27 80
17 28 80
17 29 60
17 30 30
17 31 30
17 32 40
17 33 40
17 34 40
17 35 80
17 36 80
17 37 60
17 38 80
17 39 60
17 40 80
17 41 40
17 42 30
17 43 30
17 44 60
17 45 40
17 46 80
17 47 80
17 48 60
17 49 80
17 50 80
17 51 30
17 52 40
17 53 40
17 54 40
17 55 80
17 56 60
17 57 80
17 58 30
17 59 40
17 60 60
17 61 30
17 62 30
17 63 30
17 64 40
17 65 30
17 66 40
17 67 80
17 68 40
17 69 80
17 70 30
17 71 40
17 72 40
17 73 80
17 74 30
17 75 30
17 76 80
17 77 30
17 78 30
18 0 80
18 1 30
18 2 60
18 3 60
18 4 30
18 5 30
18 6 60
18 7 60
18 8 40
18 9 30
18 10 40
18 11 80
18 12 40
18 13 40
18 14 80
18 15 40
18 16 60
18 17 30
18 19 80
18 20 30
18 21 40
18 22 30
18 23 80
18 24 60
18 25 60
18 26 40
18 27 40
18 28 60
18 29 60
18 30 30
18 31 80
18 32 80
18 33 40
18 34 30
18 35 30
18 36 80
18 37 40
18 38 40
18 39 80
18 40 30
18 41 80
18 42 60
18 43 60
18 44 40
18 45 60
18 46 60
18 47 60
18 48 30
18 49 30
18 50 80
18 51 60
18 52 30
18 53 80
18 54 30
18 55 60
18 56 60
18 57 80
18 58 40
18 59 60
18 60 30
18 61 60
18 62 80
18 63 40
18 64 30
18 65 30
18 66 80
18 67 60
18 68 80
18 69 80
18 70 80
18 71 30
18 72 40
18 73 60
18 74 60
18 75 40
18 76 30
18 77 30
18 78 60
19 0 60
19 1 80
19 2 60
19 3 40
19 4 30
19 5 80
19 6 40
19 7 40
19 8 60
19 9 80
19 10 40
19 11 80
19 12 80
19 13 80
19 14 80
19 15 40
19 16 30
19 17 40
19 18 30
19 20 30
19 21 40
19 22 60
19 23 40
19 24 40
19 25 40
19 26 60
19 27 60
19 28 30
19 29 60
19 30 80
19 31 40
19 32 40
19 33 60
19 34 40
19 35 30
19 36 30
19 37 60
19 38 80
19 39 60
19 40 40
19 41 80
19 42 30
19 43 30
19 44 40
19 45 60
19 46 80
19 47 60
19 48 60
19 49 40
19 50 30
19 51 80
19 52 80
19 53 60
19 54 40
19 55 60
19 56 60
19 57 40
19 58 30
19 59 30
19 60 60
19 61 80
19 62 60
19 63 60
19 64 40
19 65 80
19 66 60
19 67 80
19 68 80
19 69 80
19 70 80
19 71 80
19 72 80
19 73 40
19 74 60
19 75 30
19 76 30
19 77 30
19 78 60
20 0 60
20 1 30
20 2 60
20 3 60
20 4 80
20 5 60
20 6 40
20 7 30
20 8 40
20 9 40
20 10 60
20 11 60
20 12 30
20 13 30
20 14 40
20 15 40
20 16 60
20 17 80
20 18 40
20 19 30
20 21 30
20 22 30
20 23 40
20 24 80
20 25 30
20 26 80
20 27 30
20 28 60
20 29 40
20 30 80
20 31 40
20 32 80
20 33 40
20 34 30
20 35 60
20 36 30
20 37 80
20 38 60
20 39 30
20 40 40
20 41 60
20 42 60
20 43 40
20 44 40
20 45 60
20 46 60
20 47 30
20 48 80
20 49 40
20 50 30
20 51 80
20 52 40
20 53 60
20 54 40
20 55 60
20 56 80
20 57 30
20 58 30
20 59 80
20 60 60
20 61 40
20 62 40
20 63 40
20 64 30
20 65 40
20 66 40
20 67 60
20 68 40
20 69 30
20 70 80
20 71 30
20 72 40
20 73 40
20 74 60
20 75 60
20 76 40
20 77 80
20 78 60
21 0 40
21 1 30
21 2 30
21 3 60
21 4 60
21 5 40
21 6 40
21 7 60
21 8 40
21 9 60
21 10 80
21 11 40
21 12 80
21 13 40
21 14 60
21 15 80
21 16 40
21 17 60
21 18 40
21 19 40
21 20 30
21 22 30
21 23 30
21 24 40
21 25 30
21 26 80
21 27 80
21 28 80
21 29 30
21 30 40
21 31 80
21 32 60
21 33 30
21 34 40
21 35 30
21 36 60
21 37 60
21 38 40
21 39 60
21 40 40
21 41 40
21 42 30
21 43 40
21 44 40
21 45 30
21 46 60
21 47 40
21 48 80
21 49 40
21 50 80
21 51 60
21 52 60
21 53 40
21 54 30
21 55 60
21 56 40
21 57 80
21 58 80
21 59 80
21 60 40
21 61 30
21 62 40
21 63 40
21 64 60
21 65 60
21 66 40
21 67 40
21 68 60
21 69 80
21 70 30
21 71 80
21 72 60
21 73 80
21 74 30
21 75 40
21 76 60
21 77 60
21 78 80
22 0 40
22 1 60
22 2 30
22 3 80
22 4 80
22 5 60
22 6 30
22 7 60
22 8 40
22 9 30
22 10 40
22 11 40
22 12 30
22 13 60
22 14 80
22 15 40
22 16 60
22 17 30
22 18 40
22 19 30
22 20 80
22 21 30
22 23 80
22 24 40
22 25 80
22 26 40
22 27 60
22 28 30
22 29 60
22 30 30
22 31 60
22 32 60
22 33 80
22 34 40
22 35 60
22 36 30
22 37 60
22 38 40
22 39 40
22 40 30
22 41 40
22 42 40
22 43 80
22 44 60
22 45 30
22 46 30
22 47 60
22 48 30
22 49 60
22 50 60
22 51 40
22 52 30
22 53 40
22 54 80
22 55 30
22 56 60
22 57 60
22 58 80
22 59 30
22 60 30
22 61 30
22 62 40
22 63 30
22 64 30
22 65 60
22 66 80
22 67 30
22 68 40
22 69 30
22 70 40
22 71 80
22 72 80
22 73 30
22 74 40
22 75 80
22 76 60
22 77 30
22 78 40
23 0 30
23 1 30
23 2 30
23 3 30
23 4 40
23 5 40
23 6 60
23 7 80
23 8 80
23 9 40
23 10 40
23 11 80
23 12 40
23 13 60
23 14 80
23 15 30
23 16 40
23 17 60
23 18 30
23 19 30
23 20 30
23 21 60
23 22 30
23 24 80
23 25 40
23 26 80
23 27 30
23 28 80
23 29 30
23 30 40
23 31 80
23 32 40
23 33 60
23 34 40
23 35 60
23 36 60
23 37 30
23 38 40
23 39 30
23 40 80
23 41 80
23 42 60
23 43 30
23 44 40
23 45 40
23 46 60
23 47 80
23 48 80
23 49 60
23 50 40
23 51 40
23 52 40
23 53 40
23 54 40
23 55 30
23 56 80
23 57 80
23 58 60
23 59 40
23 60 30
23 61 40
23 62 60
23 63 60
23 64 60
23 65 80
23 66 40
23 67 80
23 68 40
23 69 40
23 70 40
23 71 80
23 72 30
23 73 80
23 74 40
23 75 80
23 76 40
23 77 30
23 78 60
24 0 40
24 1 80
24 2 80
24 3 30
24 4 80
24 5 30
24 6 80
24 7 30
24 8 60
24 9 40
24 10 80
24 11 60
24 12 40
24 13 80
24 14 40
24 15 40
24 16 30
24 17 40
24 18 80
24 19 60
24 20 60
24 21 60
24 22 30
24 23 60
24 25 30
24 26 40
24 27 60
24 28 80
24 29 40
24 30 30
24 31 30
24 32 40
24 33 80
24 34 30
24 35 80
24 36 80
24 37 80
24 38 30
24 39 80
24 40 80
24 41 40
24 42 80
24 43 30
24 44 80
24 45 60
24 46 40
24 47 40
24 48 30
24 49 30
24 50 40
24 51 80
24 52 30
24 53 30
24 54 60
24 55 30
24 56 60
24 57 80
24 58 80
24 59 80
24 60 40
24 61 30
24 62 40
24 63 30
24 64 60
24 65 40
24 66 40
24 67 60
24 68 30
24 69 30
24 70 30
24 71 30
24 72 80
24 73 80
24 74 80
24 75 60
24 76 60
24 77 40
24 78 40
25 0 60
25 1 40
25 2 30
25 3 40
25 4 30
25 5 40
25 6 80
25 7 40
25 8 60
25 9 30
25 10 40
25 11 30
25 12 30
25 13 80
25 14 80
25 15 40
25 16 60
25 17 60
25 18 60
25 19 30
25 20 40
25 21 40
25 22 40
25 23 60
25 24 60
25 26 80
25 27 30
25 28 40
25 29 30
25 30 30
25 31 40
25 32 80
25 33 30
25 34 30
25 35 80
25 36 60
25 37 80
25 38 30
25 39 40
25 40 60
25 41 60
25 42 80
25 43 60
25 44 40
25 45 60
25 46 40
25 47 30
25 48 80
25 49 30
25 50 40
25 51 80
25 52 40
25 53 60
25 54 30
25 55 60
25 56 80
25 57 80
25 58 30
25 59 40
25 60 80
25 61 60
25 62 40
25 63 40
25 64 40
25 65 30
25 66 40
25 67 60
25 68 60
25 69 80
25 70 40
25 71 80
25 72 40
25 73 60
25 74 60
25 75 60
25 76 60
25 77 60
25 78 80
26 0 80
26 1 60
26 2 30
26 3 40
26 4 80
26 5 40
26 6 40
26 7 60
26 8 30
26 9 60
26 10 80
26 11 30
26 12 80
26 13 80
26 14 60
26 15 40
26 16 40
26 17 60
26 18 60
26 19 40
26 20 30
26 21 30
26 22 30
26 23 30
26 24 40
26 25 60
26 27 40
26 28 30
26 29 80
26 30 80
26 31 40
26 32 30
26 33 60
26 34 80
26 35 80
26 36 40
26 37 30
26 38 30
26 39 80
26 40 80
26 41 30
26 42 60
26 43 80
26 44 80
26 45 30
26 46 40
26 47 30
26 48 60
26 49 40
26 50 80
26 51 60
26 52 60
26 53 30
26 54 30
26 55 30
26 56 80
26 57 40
26 58 40
26 59 40
26 60 40
26 61 30
26 62 60
26 63 60
26 64 40
26 65 40
26 66 60
26 67 60
26 68 80
26 69 30
26 70 40
26 71 40
26 72 40
26 73 40
26 74 80
26 75 60
26 76 60
26 77 30
26 78 40
27 0 80
27 1 30
27 2 40
27 3 30
27 4 40
27 5 80
27 6 80
27 7 30
27 8 60
27 9 80
27 10 60
27 11 60
27 12 60
27 13 40
27 14 40
27 15 60
27 16 60
27 17 60
27 18 40
27 19 30
27 20 60
27 21 80
27 22 40
27 23 80
27 24 80
27 25 80
27 26 40
27 28 40
27 29 40
27 30 30
27 31 30
27 32 30
27 33 40
27 34 80
27 35 30
27 36 40
27 37 60
27 38 30
27 39 40
27 40 80
27 41 60
27 42 80
27 43 80
27 44 80
27 45 80
27 46 60
27 47 80
27 48 80
27 49 30
27 50 30
27 51 60
27 52 80
27 53 80
27 54 30
27 55 30
27 56 30
27 57 40
27 58 30
27 59 60
27 60 40
27 61 40
27 62 80
27 63 40
27 64 40
27 65 60
27 66 30
27 67 30
27 68 30
27 69 80
27 70 80
27 71 40
27 72 30
27 73 40
27 74 60
27 75 40
27 76 80
27 77 30
27 78 30
28 0 60
28 1 30
28 2 60
28 3 80
28 4 80
28 5 40
28 6 40
28 7 30
28 8 40
28 9 40
28 10 40
28 11 30
28 12 80
28 13 30
28 14 40
28 15 60
28 16 80
28 17 40
28 18 30
28 19 60
28 20 40
28 21 60
28 22 40
28 23 80
28 24 80
28 25 80
28 26 60
28 27 40
28 29 30
28 30 60
28 31 60
28 32 60
28 33 40
28 34 30
28 35 80
28 36 30
28 37 40
28 38 80
28 39 40
28 40 80
28 41 30
28 42 60
28 43 60
28 44 30
28 45 80
28 46 40
28 47 30
28 48 60
28 49 40
28 50 30
28 51 80
28 52 80
28 53 30
28 54 80
28 55 30
28 56 40
28 57 80
28 58 60
28 59 30
28 60 60
28 61 80
28 62 30
28 63 40
28 64 30
28 65 60
28 66 30
28 67 30
28 68 80
28 69 30
28 70 40
28 71 40
28 72 30
28 73 30
28 74 60
28 75 40
28 76 30
28 77 40
28 78 80
29 0 80
29 1 60
29 2 30
29 3 60
29 4 40
29 5 80
29 6 80
29 7 80
29 8 60
29 9 80
29 10 80
29 11 60
29 12 30
29 13 60
29 14 30
29 15 30
29 16 60
29 17 30
29 18 30
29 19 80
29 20 80
29 21 60
29 22 40
29 23 40
29 24 60
29 25 40
29 26 40
29 27 40
29 28 80
29 30 40
29 31 40
29 32 30
29 33 30
29 34 60
29 35 30
29 36 40
29 37 60
29 38 40
29 39 40
29 40 40
29 41 40
29 42 60
29 43 30
29 44 30
29 45 60
29 46 40
29 47 40
29 48 40
29 49 40
29 50 80
29 51 30
29 52 60
29 53 80
29 54 80
29 55 80
29 56 40
29 57 40
29 58 30
29 59 30
29 60 40
29 61 60
29 62 60
29 63 60
29 64 80
29 65 40
29 66 30
29 67 30
29 68 80
29 69 80
29 70 60
29 71 80
29 72 30
29 73 60
29 74 80
29 75 80
29 76 30
29 77 80
29 78 80
30 0 80
30 1 40
30 2 80
30 3 80
30 4 60
30 5 80
30 6 60
30 7 30
30 8 30
30 9 30
30 10 40
30 11 60
30 12 60
30 13 60
30 14 80
30 15 60
30 16 40
30 17 30
30 18 30
30 19 30
30 20 40
30 21 40
30 22 60
30 23 80
30 24 80
30 25 30
30 26 30
30 27 30
30 28 80
30 29 80
30 31 40
30 32 80
30 33 40
30 34 30
30 35 80
30 36 40
30 37 30
30 38 60
30 39 40
30 40 60
30 41 60
30 42 80
30 43 80
30 44 80
30 45 30
30 46 80
30 47 80
30 48 30
30 49 30
30 50 40
30 51 40
30 52 60
30 53 40
30 54 30
30 55 60
30 56 30
30 57 80
30 58 40
30 59 30
30 60 30
30 61 80
30 62 80
30 63 40
30 64 60
30 65 60
30 66 40
30 67 80
30 68 30
30 69 30
30 70 30
30 71 80
30 72 30
30 73 80
30 74 60
30 75 40
30 76 60
30 77 60
30 78 40
31 0 40
31 1 60
31 2 80
31 3 40
31 4 80
31 5 30
31 6 80
31 7 80
31 8 80
31 9 30
31 10 60
31 11 30
31 12 40
31 13 40
31 14 60
31 15 80
31 16 40
31 17 40
31 18 30
31 19 30
31 20 60
31 21 60
31 22 30
31 23 40
31 24 40
31 25 80
31 26 80
31 27 80
31 28 80
31 29 80
31 30 60
31 32 30
31 33 40
31 34 80
31 35 30
31 36 80
31 37 40
31 38 40
31 39 80
31 40 60
31 41 80
31 42 60
31 43 60
31 44 80
31 45 40
31 46 60
31 47 30
31 48 80
31 49 30
31 50 60
31 51 60
31 52 80
31 53 80
31 54 30
31 55 60
31 56 60
31 57 60
31 58 80
31 59 60
31 60 80
31 61 40
31 62 80
31 63 40
31 64 80
31 65 80
31 66 60
31 67 40
31 68 40
31 69 40
31 70 60
31 71 60
31 72 60
31 73 80
31 74 80
31 75 80
31 76 30
31 77 80
31 78 60
32 0 80
32 1 60
32 2 30
32 3 80
32 4 60
32 5 30
32 6 40
32 7 60
32 8 80
32 9 40
32 10 60
32 11 30
32 12 30
32 13 60
32 14 60
32 15 40
32 16 40
32 17 40
32 18 40
32 19 60
32 20 30
32 21 80
32 22 80
32 23 80
32 24 40
32 25 40
32 26 80
32 27 40
32 28 60
32 29 80
32 30 30
32 31 30
32 33 40
32 34 60
32 35 40
32 36 30
32 37 40
32 38 30
32 39 30
32 40 60
32 41 80
32 42 30
32 43 40
32 44 80
32 45 40
32 46 80
32 47 30
32 48 80
32 49 60
32 50 30
32 51 30
32 52 30
32 53 80
32 54 30
32 55 30
32 56 30
32 57 40
32 58 40
32 59 80
32 60 40
32 61 30
32 62 80
32 63 80
32 64 80
32 65 40
32 66 60
32 67 40
32 68 60
32 69 80
32 70 40
32 71 80
32 72 80
32 73 40
32 74 80
32 75 40
32 76 40
32 77 80
32 78 30
33 0 60
33 1 60
33 2 30
33 3 40
33 4 30
33 5 40
33 6 80
33 7 30
33 8 30
33 9 60
33 10 60
33 11 40
33 12 60
33 13 40
33 14 40
33 15 40
33 16 60
33 17 80
33 18 40
33 19 30
33 20 30
33 21 30
33 22 40
33 23 60
33 24 30
33 25 30
33 26 80
33 27 80
33 28 30
33 29 40
33 30 30
33 31 60
33 32 60
33 34 80
33 35 40
33 36 60
33 37 80
33 38 30
33 39 60
33 40 40
33 41 60
33 42 40
33 43 80
33 44 40
33 45 30
33 46 80
33 47 30
33 48 40
33 49 30
33 50 40
33 51 60
33 52 30
33 53 80
33 54 30
33 55 30
33 56 30
33 57 80
33 58 30
33 59 30
33 60 80
33 61 40
33 62 80
33 63 80
33 64 40
33 65 60
33 66 40
33 67 30
33 68 40
33 69 30
33 70 30
33 71 40
33 72 60
33 73 30
33 74 60
33 75 80
33 76 60
33 77 60
33 78 80
34 0 80
34 1 40
34 2 40
34 3 80
34 4 60
34 5 30
34 6 30
34 7 60
34 8 60
34 9 80
34 10 40
34 11 80
34 12 80
34 13 40
34 14 40
34 15 80
34 16 40
34 17 60
34 18 80
34 19 30
34 20 80
34 21 60
34 22 40
34 23 30
34 24 30
34 25 40
34 26 30
34 27 60
34 28 80
34 29 40
34 30 60
34 31 80
34 32 40
34 33 30
34 35 60
34 36 30
34 37 60
34 38 30
34 39 80
34 40 60
34 41 40
34 42 60
34 43 30
34 44 30
34 45 80
34 46 30
34 47 30
34 48 60
34 49 30
34 50 30
34 51 60
34 52 40
34 53 30
34 54 60
34 55 60
34 56 80
34 57 40
34 58 80
34 59 30
34 60 30
34 61 60
34 62 60
34 63 30
34 64 40
34 65 40
34 66 80
34 67 40
34 68 30
34 69 30
34 70 80
34 71 30
34 72 60
34 73 80
34 74 40
34 75 80
34 76 80
34 77 40
34 78 60
35 0 60
35 1 40
35 2 80
35 3 60
35 4 60
35 5 80
35 6 60
35 7 60
35 8 30
35 9 60
35 10 30
35 11 40
35 12 40
35 13 40
35 14 30
35 15 80
35 16 80
35 17 60
35 18 80
35 19 40
35 20 40
35 21 30
35 22 30
35 23 60
35 24 40
35 25 30
35 26 60
35 27 40
35 28 80
35 29 60
35 30 30
35 31 60
35 32 60
35 33 40
35 34 30
35 36 30
35 37 80
35 38 30
35 39 60
35 40 30
35 41 80
35 42 40
35 43 80
35 44 80
35 45 60
35 46 80
35 47 40
35 48 30
35 49 60
35 50 80
35 51 60
35 52 40
35 53 30
35 54 60
35 55 60
35 56 30
35 57 60
35 58 40
35 59 80
35 60 80
35 61 80
35 62 60
35 63 40
35 64 60
35 65 30
35 66 40
35 67 40
35 68 80
35 69 30
35 70 60
35 71 60
35 72 60
35 73 60
35 74 80
35 75 80
35 76 80
35 77 40
35 78 60
36 0 30
36 1 60
36 2 30
36 3 60
36 4 60
36 5 80
36 6 40
36 7 80
36 8 60
36 9 80
36 10 80
36 11 30
36 12 60
36 13 80
36 14 30
36 15 40
36 16 60
36 17 40
36 18 60
36 19 60
36 20 40
36 21 80
36 22 30
36 23 80
36 24 30
36 25 80
36 26 40
36 27 40
36 28 80
36 29 60
36 30 30
36 31 30
36 32 30
36 33 60
36 34 40
36 35 60
36 37 60
36 38 30
36 39 80
36 40 60
36 41 80
36 42 80
36 43 40
36 44 60
36 45 60
36 46 60
36 47 30
36 48 30
36 49 80
36 50 30
36 51 60
36 52 80
36 53 80
36 54 60
36 55 40
36 56 80
36 57 80
36 58 30
36 59 60
36 60 80
36 61 60
36 62 60
36 63 60
36 64 40
36 65 60
36 66 40
36 67 40
36 68 80
36 69 60
36 70 40
36 71 80
36 72 80
36 73 60
36 74 60
36 75 80
36 76 60
36 77 40
36 78 80
37 0 40
37 1 30
37 2 60
37 3 30
37 4 30
37 5 60
37 6 60
37 7 40
37 8 60
37 9 60
37 10 30
37 11 40
37 12 40
37 13 60
37 14 30
37 15 60
37 16 30
37 17 40
37 18 40
37 19 80
37 20 80
37 21 30
37 22 60
37 23 40
37 24 30
37 25 40
37 26 40
37 27 40
37 28 60
37 29 40
37 30 80
37 31 60
37 32 40
37 33 30
37 34 40
37 35 60
37 36 80
37 38 60
37 39 30
37 40 60
37 41 30
37 42 40
37 43 30
37 44 80
37 45 40
37 46 30
37 47 40
37 48 60
37 49 80
37 50 30
37 51 40
37 52 80
37 53 30
37 54 40
37 55 60
37 56 40
37 57 80
37 58 60
37 59 40
37 60 80
37 61 80
37 62 80
37 63 60
37 64 80
37 65 80
37 66 40
37 67 80
37 68 40
37 69 30
37 70 40
37 71 60
37 72 80
37 73 40
37 74 80
37 75 60
37 76 30
37 77 80
37 78 80
38 0 80
38 1 80
38 2 80
38 3 40
38 4 80
38 5 40
38 6 80
38 7 40
38 8 80
38 9 80
38 10 80
38 11 80
38 12 30
38 13 30
38 14 40
38 15 60
38 16 80
38 17 80
38 18 60
38 19 40
38 20 30
38 21 80
38 22 80
38 23 30
38 24 80
38 25 40
38 26 60
38 27 30
38 28 60
38 29 80
38 30 80
38 31 60
38 32 40
38 33 60
38 34 60
38 35 40
38 36 80
38 37 40
38 39 80
38 40 60
38 41 30
38 42 40
38 43 60
38 44 60
38 45 40
38 46 30
38 47 60
38 48 80
38 49 30
38 50 80
38 51 80
38 52 80
38 53 30
38 54 30
38 55 80
38 56 30
38 57 30
38 58 60
38 59 30
38 60 60
38 61 60
38 62 30
38 63 60
38 64 30
38 65 60
38 66 60
38 67 40
38 68 40
38 69 60
38 70 30
38 71 80
38 72 80
38 73 80
38 74 40
38 75 80
38 76 30
38 77 30
38 78 30
39 0 80
39 1 40
39 2 60
39 3 30
39 4 30
39 5 40
39 6 40
39 7 30
39 8 40
39 9 40
39 10 80
39 11 80
39 12 60
39 13 80
39 14 40
39 15 60
39 16 80
39 17 40
39 18 40
39 19 30
39 20 40
39 21 40
39 22 30
39 23 40
39 24 60
39 25 40
39 26 60
39 27 60
39 28 30
39 29 40
39 30 30
39 31 60
39 32 30
39 33 80
39 34 80
39 35 30
39 36 30
39 37 80
39 38 60
39 40 40
39 41 80
39 42 60
39 43 40
39 44 30
39 45 60
39 46 60
39 47 40
39 48 60
39 49 60
39 50 40
39 51 40
39 52 80
39 53 60
39 54 40
39 55 40
39 56 30
39 57 80
39 58 30
39 59 80
39 60 60
39 61 30
39 62 30
39 63 30
39 64 40
39 65 40
39 66 60
39 67 80
39 68 80
39 69 40
39 70 30
39 71 60
39 72 40
39 73 40
39 74 40
39 75 80
39 76 60
39 77 30
39 78 30
40 0 40
40 1 80
40 2 80
40 3 80
40 4 30
40 5 60
40 6 80
40 7 60
40 8 80
40 9 80
40 10 60
40 11 40
40 12 60
40 13 80
40 14 60
40 15 30
40 16 60
40 17 30
40 18 40
40 19 30
40 20 40
40 21 80
40 22 40
40 23 80
40 24 60
40 25 40
40 26 30
40 27 40
40 28 80
40 29 80
40 30 60
40 31 60
40 32 80
40 33 60
40 34 60
40 35 40
40 36 30
40 37 40
40 38 40
40 39 40
40 41 60
40 42 30
40 43 80
40 44 60
40 45 80
40 46 60
40 47 60
40 48 80
40 49 60
40 50 80
40 51 30
40 52 80
40 53 80
40 54 80
40 55 80
40 56 80
40 57 60
40 58 40
40 59 60
40 60 60
40 61 30
40 62 60
40 63 30
40 64 40
40 65 80
40 66 40
40 67 80
40 68 30
40 69 30
40 70 80
40 71 40
40 72 80
40 73 60
40 74 80
40 75 80
40 76 40
40 77 40
40 78 60
41 0 30
41 1 30
41 2 40
41 3 30
41 4 80
41 5 40
41 6 40
41 7 80
41 8 80
41 9 60
41 10 60
41 11 80
41 12 80
41 13 30
41 14 60
41 15 30
41 16 60
41 17 60
41 18 30
41 19 80
41 20 60
41 21 80
41 22 80
41 23 60
41 24 60
41 25 40
41 26 30
41 27 60
41 28 40
41 29 40
41 30 80
41 31 60
41 32 60
41 33 30
41 34 60
41 35 60
41 36 60
41 37 30
41 38 40
41 39 40
41 40 30
41 42 30
41 43 60
41 44 30
41 45 60
41 46 80
41 47 60
41 48 40
41 49 30
41 50 80
41 51 40
41 52 80
41 53 60
41 54 60
41 55 80
41 56 40
41 57 30
41 58 80
41 59 60
41 60 30
41 61 60
41 62 80
41 63 30
41 64 40
41 65 60
41 66 30
41 67 60
41 68 80
41 69 80
41 70 40
41 71 80
41 72 30
41 73 60
41 74 60
41 75 40
41 76 80
41 77 60
41 78 80
42 0 40
42 1 80
42 2 80
42 3 40
42 4 30
42 5 40
42 6 60
42 7 30
42 8 60
42 9 40
42 10 60
42 11 30
42 12 30
42 13 30
42 14 30
42 15 60
42 16 80
42 17 80
42 18 60
42 19 80
42 20 60
42 21 40
42 22 40
42 23 40
42 24 30
42 25 80
42 26 80
42 27 80
42 28 40
42 29 60
42 30 40
42 31 80
42 32 30
42 33 40
42 34 30
42 35 30
42 36 80
42 37 60
42 38 80
42 39 80
42 40 80
42 41 40
42 43 60
42 44 80
42 45 40
42 46 80
42 47 60
42 48 40
42 49 40
42 50 30
42 51 60
42 52 30
42 53 80
42 54 30
42 55 30
42 56 30
42 57 80
42 58 40
42 59 80
42 60 80
42 61 60
42 62 40
42 63 60
42 64 80
42 65 80
42 66 60
42 67 40
42 68 80
42 69 40
42 70 60
42 71 80
42 72 80
42 73 80
42 74 80
42 75 40
42 76 40
42 77 60
42 78 30
43 0 60
43 1 80
43 2 80
43 3 60
43 4 30
43 5 40
43 6 30
43 7 80
43 8 60
43 9 60
43 10 40
43 11 60
43 12 80
43 13 60
43 14 40
43 15 30
43 16 40
43 17 60
43 18 30
43 19 80
43 20 60
43 21 80
43 22 60
43 23 40
43 24 30
43 25 40
43 26 80
43 27 80
43 28 80
43 29 30
43 30 40
43 31 80
43 32 60
43 33 40
43 34 60
43 35 40
43 36 30
43 37 80
43 38 60
43 39 80
43 40 40
43 41 40
43 42 80
43 44 30
43 45 40
43 46 40
43 47 80
43 48 80
43 49 30
43 50 60
43 51 80
43 52 80
43 53 80
43 54 60
43 55 40
43 56 80
43 57 60
43 58 80
43 59 60
43 60 40
43 61 40
43 62 80
43 63 60
43 64 80
43 65 60
43 66 80
43 67 40
43 68 60
43 69 40
43 70 40
43 71 40
43 72 30
43 73 60
43 74 60
43 75 60
43 76 60
43 77 80
43 78 80
44 0 80
44 1 30
44 2 30
44 3 40
44 4 40
44 5 60
44 6 30
44 7 60
44 8 80
44 9 60
44 10 80
44 11 60
44 12 40
44 13 30
44 14 30
44 15 30
44 16 60
44 17 80
44 18 30
44 19 40
44 20 40
44 21 30
44 22 40
44 23 40
44 24 80
44 25 30
44 26 80
44 27 80
44 28 60
44 29 40
44 30 30
44 31 30
44 32 60
44 33 40
44 34 30
44 35 80
44 36 40
44 37 60
44 38 60
44 39 40
44 40 40
44 41 80
44 42 80
44 43 40
44 45 80
44 46 30
44 47 30
44 48 40
44 49 80
44 50 80
44 51 40
44 52 30
44 53 80
44 54 80
44 55 60
44 56 40
44 57 30
44 58 60
44 59 30
44 60 80
44 61 80
44 62 60
44 63 60
44 64 30
44 65 40
44 66 80
44 67 40
44 68 80
44 69 30
44 70 30
44 71 60
44 72 80
44 73 40
44 74 60
44 75 30
44 76 80
44 77 30
44 78 60
45 0 60
45 1 80
45 2 60
45 3 80
45 4 30
45 5 30
45 6 80
45 7 60
45 8 30
45 9 30
45 10 30
45 11 60
45 12 60
45 13 80
45 14 60
45 15 40
45 16 60
45 17 40
45 18 30
45 19 30
45 20 80
45 21 80
45 22 40
45 23 60
45 24 80
45 25 80
45 26 40
45 27 80
45 28 40
45 29 30
45 30 80
45 31 40
45 32 30
45 33 60
45 34 30
45 35 60
45 36 60
45 37 30
45 38 40
45 39 40
45 40 60
45 41 40
45 42 30
45 43 40
45 44 40
45 46 40
45 47 30
45 48 60
45 49 30
45 50 40
45 51 30
45 52 40
45 53 80
45 54 80
45 55 30
45 56 80
45 57 30
45 58 80
45 59 80
45 60 40
45 61 60
45 62 80
45 63 30
45 64 30
45 65 40
45 66 60
45 67 60
45 68 40
45 69 30
45 70 60
45 71 80
45 72 60
45 73 80
45 74 60
45 75 60
45 76 30
45 77 60
45 78 30
46 0 30
46 1 80
46 2 80
46 3 30
46 4 80
46 5 40
46 6 30
46 7 30
46 8 60
46 9 80
46 10 30
46 11 40
46 12 40
46 13 80
46 14 80
46 15 80
46 16 80
46 17 60
46 18 60
46 19 80
46 20 60
46 21 30
46 22 30
46 23 80
46 24 40
46 25 30
46 26 60
46 27 30
46 28 30
46 29 80
46 30 80
46 31 30
46 32 80
46 33 80
46 34 60
46 35 40
46 36 60
46 37 80
46 38 40
46 39 80
46 40 60
46 41 60
46 42 40
46 43 40
46 44 40
46 45 60
46 47 80
46 48 60
46 49 40
46 50 80
46 51 40
46 52 60
46 53 80
46 54 60
46 55 40
46 56 80
46 57 30
46 58 60
46 59 60
46 60 60
46 61 40
46 62 40
46 63 30
46 64 80
46 65 40
46 66 60
46 67 80
46 68 40
46 69 40
46 70 60
46 71 40
46 72 80
46 73 30
46 74 40
46 75 60
46 76 40
46 77 30
46 78 40
47 0 80
47 1 80
47 2 30
47 3 80
47 4 40
47 5 30
47 6 60
47 7 60
47 8 60
47 9 60
47 10 40
47 11 30
47 12 80
47 13 60
47 14 60
47 15 40
47 16 30
47 17 30
47 18 80
47 19 30
47 20 60
47 21 60
47 22 40
47 23 80
47 24 30
47 25 80
47 26 80
47 27 30
47 28 30
47 29 40
47 30 30
47 31 30
47 32 40
47 33 40
47 34 60
47 35 30
47 36 80
47 37 30
47 38 30
47 39 40
47 40 60
47 41 80
47 42 30
47 43 60
47 44 40
47 45 40
47 46 30
47 48 40
47 49 30
47 50 80
47 51 40
47 52 40
47 53 80
47 54 30
47 55 30
47 56 80
47 57 80
47 58 30
47 59 60
47 60 80
47 61 40
47 62 80
47 63 30
47 64 60
47 65 80
47 66 60
47 67 40
47 68 40
47 69 60
47 70 80
47 71 80
47 72 60
47 73 60
47 74 30
47 75 40
47 76 80
47 77 30
47 78 80
48 0 30
48 1 40
48 2 80
48 3 40
48 4 40
48 5 40
48 6 60
48 7 60
48 8 60
48 9 60
48 10 40
48 11 30
48 12 40
48 13 60
48 14 80
48 15 40
48 16 40
48 17 30
48 18 60
48 19 80
48 20 30
48 21 40
48 22 40
48 23 80
48 24 80
48 25 60
48 26 30
48 27 80
48 28 60
48 29 60
48 30 60
48 31 80
48 32 30
48 33 60
48 34 30
48 35 80
48 36 60
48 37 80
48 38 30
48 39 80
48 40 40
48 41 60
48 42 60
48 43 60
48 44 60
48 45 40
48 46 40
48 47 80
48 49 40
48 50 60
48 51 30
48 52 30
48 53 30
48 54 40
48 55 60
48 56 80
48 57 80
48 58 60
48 59 60
48 60 40
48 61 60
48 62 60
48 63 40
48 64 60
48 65 30
48 66 40
48 67 30
48 68 40
48 69 80
48 70 60
48 71 40
48 72 80
48 73 80
48 74 40
48 75 30
48 76 80
48 77 60
48 78 60
49 0 40
49 1 30
49 2 80
49 3 40
49 4 60
49 5 30
49 6 40
49 7 80
49 8 40
49 9 60
49 10 40
49 11 80
49 12 60
49 13 40
49 14 40
49 15 30
49 16 40
49 17 60
49 18 80
49 19 80
49 20 80
49 21 80
49 22 40
49 23 30
49 24 30
49 25 30
49 26 30
49 27 60
49 28 60
49 29 60
49 30 40
49 31 60
49 32 30
49 33 80
49 34 80
49 35 30
49 36 30
49 37 40
49 38 40
49 39 30
49 40 30
49 41 60
49 42 80
49 43 80
49 44 30
49 45 30
49 46 40
49 47 40
49 48 30
49 50 30
49 51 60
49 52 60
49 53 60
49 54 30
49 55 40
49 56 30
49 57 30
49 58 30
49 59 30
49 60 80
49 61 40
49 62 40
49 63 80
49 64 60
49 65 30
49 66 60
49 67 40
49 68 80
49 69 80
49 70 30
49 71 60
49 72 60
49 73 80
49 74 80
49 75 60
49 76 80
49 77 60
49 78 30
50 0 30
50 1 40
50 2 30
50 3 60
50 4 60
50 5 40
50 6 60
50 7 60
50 8 80
50 9 30
50 10 30
50 11 30
50 12 30
50 13 40
50 14 60
50 15 40
50 16 40
50 17 60
50 18 80
50 19 80
50 20 80
50 21 30
50 22 60
50 23 30
50 24 60
50 25 30
50 26 80
50 27 30
50 28 40
50 29 60
50 30 30
50 31 30
50 32 40
50 33 30
50 34 30
50 35 30
50 36 40
50 37 40
50 38 60
50 39 60
50 40 30
50 41 60
50 42 30
50 43 80
50 44 40
50 45 30
50 46 40
50 47 30
50 48 60
50 49 60
50 51 60
50 52 40
50 53 40
50 54 80
50 55 40
50 56 40
50 57 60
50 58 80
50 59 60
50 60 60
50 61 30
50 62 30
50 63 30
50 64 30
50 65 60
50 66 40
50 67 60
50 68 40
50 69 40
50 70 30
50 71 40
50 72 40
50 73 60
50 74 80
50 75 60
50 76 40
50 77 40
50 78 80
51 0 40
51 1 30
51 2 60
51 3 60
51 4 30
51 5 30
51 6 60
51 7 80
51 8 40
51 9 40
51 10 60
51 11 30
51 12 80
51 13 30
51 14 40
51 15 60
51 16 60
51 17 60
51 18 80
51 19 30
51 20 60
51 21 40
51 22 80
51 23 60
51 24 30
51 25 40
51 26 80
51 27 40
51 28 40
51 29 80
51 30 60
51 31 30
51 32 60
51 33 60
51 34 60
51 35 30
51 36 30
51 37 40
51 38 30
51 39 60
51 40 40
51 41 60
51 42 40
51 43 80
51 44 30
51 45 30
51 46 30
51 47 60
51 48 60
51 49 30
51 50 40
51 52 30
51 53 60
51 54 40
51 55 80
51 56 40
51 57 30
51 58 40
51 59 60
51 60 60
51 61 30
51 62 40
51 63 40
51 64 30
51 65 40
51 66 80
51 67 60
51 68 60
51 69 40
51 70 40
51 71 40
51 72 40
51 73 40
51 74 80
51 75 40
51 76 30
51 77 60
51 78 30
52 0 60
52 1 60
52 2 60
52 3 60
52 4 40
52 5 40
52 6 30
52 7 80
52 8 40
52 9 30
52 10 30
52 11 60
52 12 80
52 13 30
52 14 60
52 15 30
52 16 60
52 17 60
52 18 80
52 19 80
52 20 60
52 21 30
52 22 40
52 23 30
52 24 40
52 25 40
52 26 30
52 27 80
52 28 30
52 29 60
52 30 40
52 31 40
52 32 60
52 33 80
52 34 60
52 35 60
52 36 40
52 37 30
52 38 30
52 39 40
52 40 30
52 41 80
52 42 80
52 43 60
52 44 60
52 45 60
52 46 60
52 47 40
52 48 60
52 49 80
52 50 80
52 51 40
52 53 60
52 54 30
52 55 80
52 56 30
52 57 80
52 58 80
52 59 30
52 60 30
52 61 60
52 62 80
52 63 40
52 64 40
52 65 60
52 66 60
52 67 40
52 68 30
52 69 80
52 70 40
52 71 40
52 72 40
52 73 80
52 74 60
52 75 30
52 76 30
52 77 30
52 78 30
53 0 80
53 1 30
53 2 80
53 3 30
53 4 40
53 5 60
53 6 60
53 7 80
53 8 40
53 9 40
53 10 40
53 11 40
53 12 80
53 13 80
53 14 30
53 15 40
53 16 60
53 17 60
53 18 60
53 19 80
53 20 80
53 21 40
53 22 30
53 23 40
53 24 60
53 25 40
53 26 60
53 27 30
53 28 60
53 29 80
53 30 40
53 31 60
53 32 40
53 33 40
53 34 80
53 35 30
53 36 30
53 37 40
53 38 60
53 39 80
53 40 60
53 41 40
53 42 40
53 43 60
53 44 80
53 45 80
53 46 80
53 47 60
53 48 80
53 49 40
53 50 40
53 51 30
53 52 80
53 54 40
53 55 80
53 56 80
53 57 80
53 58 60
53 59 80
53 60 30
53 61 80
53 62 80
53 63 60
53 64 60
53 65 80
53 66 30
53 67 80
53 68 60
53 69 40
53 70 30
53 71 40
53 72 60
53 73 80
53 74 60
53 75 40
53 76 80
53 77 30
53 78 30
54 0 40
54 1 80
54 2 40
54 3 60
54 4 60
54 5 60
54 6 30
54 7 60
54 8 40
54 9 80
54 10 60
54 11 30
54 12 40
54 13 80
54 14 40
54 15 30
54 16 60
54 17 40
54 18 60
54 19 30
54 20 60
54 21 60
54 22 30
54 23 30
54 24 30
54 25 80
54 26 40
54 27 80
54 28 60
54 29 60
54 30 80
54 31 80
54 32 80
54 33 80
54 34 30
54 35 30
54 36 60
54 37 60
54 38 40
54 39 60
54 40 80
54 41 80
54 42 60
54 43 30
54 44 80
54 45 80
54 46 80
54 47 30
54 48 60
54 49 40
54 50 60
54 51 60
54 52 80
54 53 80
54 55 30
54 56 80
54 57 60
54 58 40
54 59 40
54 60 30
54 61 40
54 62 80
54 63 80
54 64 60
54 65 40
54 66 40
54 67 30
54 68 30
54 69 80
54 70 80
54 71 30
54 72 40
54 73 60
54 74 30
54 75 30
54 76 30
54 77 60
54 78 40
55 0 40
55 1 30
55 2 80
55 3 80
55 4 30
55 5 60
55 6 80
55 7 60
55 8 30
55 9 30
55 10 40
55 11 40
55 12 60
55 13 30
55 14 30
55 15 40
55 16 30
55 17 60
55 18 30
55 19 40
55 20 30
55 21 40
55 22 60
55 23 60
55 24 40
55 25 40
55 26 30
55 27 60
55 28 60
55 29 40
55 30 60
55 31 60
55 32 80
55 33 60
55 34 30
55 35 40
55 36 30
55 37 40
55 38 40
55 39 60
55 40 80
55 41 80
55 42 60
55 43 80
55 44 30
55 45 60
55 46 40
55 47 40
55 48 40
55 49 30
55 50 30
55 51 40
55 52 60
55 53 30
55 54 80
55 56 30
55 57 40
55 58 80
55 59 60
55 60 60
55 61 60
55 62 80
55 63 30
55 64 30
55 65 40
55 66 30
55 67 60
55 68 40
55 69 40
55 70 40
55 71 30
55 72 30
55 73 40
55 74 80
55 75 30
55 76 40
55 77 80
55 78 30
56 0 60
56 1 80
56 2 30
56 3 40
56 4 30
56 5 80
56 6 40
56 7 30
56 8 80
56 9 40
56 10 40
56 11 60
56 12 80
56 13 30
56 14 80
56 15 60
56 16 40
56 17 80
56 18 30
56 19 60
56 20 30
56 21 30
56 22 30
56 23 60
56 24 40
56 25 30
56 26 40
56 27 30
56 28 80
56 29 80
56 30 80
56 31 40
56 32 40
56 33 60
56 34 40
56 35 60
56 36 80
56 37 40
56 38 30
56 39 30
56 40 80
56 41 80
56 42 40
56 43 40
56 44 30
56 45 80
56 46 60
56 47 80
56 48 80
56 49 30
56 50 40
56 51 30
56 52 40
56 53 40
56 54 30
56 55 80
56 57 30
56 58 80
56 59 60
56 60 30
56 61 80
56 62 60
56 63 30
56 64 80
56 65 80
56 66 80
56 67 60
56 68 80
56 69 80
56 70 40
56 71 60
56 72 60
56 73 30
56 74 80
56 75 30
56 76 60
56 77 60
56 78 40
57 0 80
57 1 40
57 2 30
57 3 60
57 4 40
57 5 40
57 6 60
57 7 60
57 8 80
57 9 40
57 10 30
57 11 80
57 12 40
57 13 40
57 14 30
57 15 30
57 16 60
57 17 30
57 18 80
57 19 80
57 20 60
57 21 80
57 22 30
57 23 30
57 24 80
57 25 30
57 26 30
57 27 30
57 28 30
57 29 60
57 30 40
57 31 30
57 32 60
57 33 80
57 34 40
57 35 40
57 36 80
57 37 40
57 38 30
57 39 60
57 40 80
57 41 30
57 42 80
57 43 60
57 44 80
57 45 60
57 46 60
57 47 40
57 48 60
57 49 30
57 50 80
57 51 60
57 52 80
57 53 60
57 54 80
57 55 30
57 56 40
57 58 60
57 59 40
57 60 30
57 61 40
57 62 80
57 63 60
57 64 40
57 65 60
57 66 40
57 67 60
57 68 80
57 69 40
57 70 40
57 71 80
57 72 60
57 73 30
57 74 60
57 75 80
57 76 40
57 77 30
57 78 80
58 0 60
58 1 80
58 2 30
58 3 60
58 4 60
58 5 40
58 6 60
58 7 60
58 8 40
58 9 40
58 10 80
58 11 80
58 12 80
58 13 60
58 14 40
58 15 30
58 16 40
58 17 30
58 18 30
58 19 60
58 20 60
58 21 30
58 22 60
58 23 40
58 24 80
58 25 30
58 26 30
58 27 40
58 28 60
58 29 30
58 30 80
58 31 30
58 32 80
58 33 80
58 34 60
58 35 60
58 36 80
58 37 40
58 38 30
58 39 60
58 40 30
58 41 40
58 42 30
58 43 40
58 44 30
58 45 80
58 46 80
58 47 40
58 48 30
58 49 30
58 50 40
58 51 40
58 52 40
58 53 30
58 54 80
58 55 60
58 56 80
58 57 60
58 59 60
58 60 40
58 61 60
58 62 40
58 63 80
58 64 30
58 65 30
58 66 80
58 67 80
58 68 40
58 69 60
58 70 80
58 71 40
58 72 40
58 73 60
58 74 60
58 75 80
58 76 30
58 77 60
58 78 80
59 0 60
59 1 30
59 2 60
59 3 80
59 4 80
59 5 30
59 6 60
59 7 40
59 8 80
59 9 80
59 10 80
59 11 60
59 12 80
59 13 60
59 14 40
59 15 80
59 16 60
59 17 30
59 18 80
59 19 40
59 20 40
59 21 60
59 22 40
59 23 30
59 24 30
59 25 80
59 26 80
59 27 60
59 28 80
59 29 40
59 30 30
59 31 60
59 32 40
59 33 80
59 34 60
59 35 30
59 36 40
59 37 60
59 38 60
59 39 30
59 40 80
59 41 60
59 42 40
59 43 40
59 44 40
59 45 40
59 46 60
59 47 40
59 48 40
59 49 60
59 50 80
59 51 30
59 52 30
59 53 60
59 54 60
59 55 30
59 56 80
59 57 40
59 58 30
59 60 80
59 61 60
59 62 80
59 63 60
59 64 60
59 65 40
59 66 60
59 67 60
59 68 30
59 69 80
59 70 60
59 71 30
59 72 60
59 73 60
59 74 60
59 75 80
59 76 40
59 77 60
59 78 60
60 0 80
60 1 60
60 2 80
60 3 30
60 4 30
60 5 60
60 6 30
60 7 30
60 8 40
60 9 60
60 10 40
60 11 30
60 12 30
60 13 40
60 14 60
60 15 40
60 16 30
60 17 80
60 18 40
60 19 60
60 20 60
60 21 40
60 22 40
60 23 30
60 24 60
60 25 40
60 26 60
60 27 30
60 28 30
60 29 40
60 30 80
60 31 30
60 32 60
60 33 40
60 34 30
60 35 30
60 36 80
60 37 40
60 38 40
60 39 80
60 40 80
60 41 60
60 42 40
60 43 60
60 44 80
60 45 60
60 46 80
60 47 60
60 48 40
60 49 40
60 50 40
60 51 40
60 52 60
60 53 30
60 54 80
60 55 30
60 56 60
60 57 80
60 58 40
60 59 80
60 61 40
60 62 80
60 63 30
60 64 40
60 65 30
60 66 40
60 67 40
60 68 40
60 69 80
60 70 40
60 71 30
60 72 80
60 73 60
60 74 40
60 75 80
60 76 80
60 77 80
60 78 30
61 0 40
61 1 60
61 2 30
61 3 80
61 4 40
61 5 30
61 6 30
61 7 60
61 8 80
61 9 60
61 10 60
61 11 80
61 12 80
61 13 60
61 14 30
61 15 40
61 16 80
61 17 80
61 18 30
61 19 40
61 20 30
61 21 80
61 22 30
61 23 80
61 24 30
61 25 80
61 26 30
61 27 40
61 28 40
61 29 80
61 30 40
61 31 60
61 32 80
61 33 60
61 34 60
61 35 30
61 36 60
61 37 40
61 38 80
61 39 30
61 40 40
61 41 40
61 42 80
61 43 30
61 44 30
61 45 60
61 46 30
61 47 40
61 48 40
61 49 30
61 50 40
61 51 60
61 52 30
61 53 30
61 54 40
61 55 40
61 56 80
61 57 80
61 58 30
61 59 80
61 60 60
61 62 60
61 63 40
61 64 60
61 65 60
61 66 60
61 67 60
61 68 80
61 69 30
61 70 80
61 71 30
61 72 60
61 73 40
61 74 80
61 75 30
61 76 60
61 77 60
61 78 30
62 0 80
62 1 80
62 2 40
62 3 80
62 4 40
62 5 60
62 6 80
62 7 60
62 8 60
62 9 80
62 10 60
62 11 80
62 12 80
62 13 80
62 14 80
62 15 30
62 16 60
62 17 80
62 18 30
62 19 60
62 20 40
62 21 80
62 22 30
62 23 40
62 24 80
62 25 60
62 26 40
62 27 80
62 28 40
62 29 30
62 30 60
62 31 80
62 32 40
62 33 80
62 34 30
62 35 40
62 36 30
62 37 40
62 38 30
62 39 80
62 40 60
62 41 80
62 42 80
62 43 80
62 44 30
62 45 80
62 46 60
62 47 80
62 48 80
62 49 60
62 50 80
62 51 80
62 52 80
62 53 80
62 54 40
62 55 30
62 56 30
62 57 60
62 58 40
62 59 80
62 60 40
62 61 80
62 63 80
62 64 60
62 65 30
62 66 80
62 67 40
62 68 30
62 69 80
62 70 40
62 71 30
62 72 40
62 73 60
62 74 80
62 75 80
62 76 30
62 77 80
62 78 40
63 0 80
63 1 80
63 2 60
63 3 60
63 4 30
63 5 30
63 6 40
63 7 60
63 8 80
63 9 30
63 10 80
63 11 30
63 12 60
63 13 60
63 14 30
63 15 40
63 16 30
63 17 80
63 18 60
63 19 30
63 20 60
63 21 40
63 22 60
63 23 30
63 24 80
63 25 30
63 26 80
63 27 80
63 28 60
63 29 60
63 30 80
63 31 40
63 32 60
63 33 60
63 34 30
63 35 40
63 36 40
63 37 60
63 38 80
63 39 60
63 40 80
63 41 80
63 42 30
63 43 80
63 44 60
63 45 60
63 46 60
63 47 80
63 48 40
63 49 60
63 50 40
63 51 80
63 52 40
63 53 40
63 54 80
63 55 30
63 56 30
63 57 60
63 58 60
63 59 60
63 60 30
63 61 80
63 62 80
63 64 30
63 65 80
63 66 60
63 67 60
63 68 60
63 69 30
63 70 60
63 71 60
63 72 60
63 73 60
63 74 40
63 75 30
63 76 30
63 77 80
63 78 80
64 0 80
64 1 60
64 2 40
64 3 60
64 4 30
64 5 40
64 6 30
64 7 60
64 8 60
64 9 80
64 10 30
64 11 40
64 12 80
64 13 60
64 14 60
64 15 60
64 16 60
64 17 40
64 18 80
64 19 30
64 20 30
64 21 80
64 22 40
64 23 30
64 24 30
64 25 30
64 26 60
64 27 80
64 28 30
64 29 40
64 30 40
64 31 30
64 32 80
64 33 80
64 34 30
64 35 30
64 36 40
64 37 30
64 38 40
64 39 80
64 40 80
64 41 60
64 42 80
64 43 30
64 44 30
64 45 40
64 46 40
64 47 40
64 48 60
64 49 80
64 50 60
64 51 60
64 52 80
64 53 60
64 54 30
64 55 80
64 56 40
64 57 80
64 58 60
64 59 80
64 60 60
64 61 40
64 62 60
64 63 40
64 65 40
64 66 30
64 67 60
64 68 80
64 69 40
64 70 30
64 71 30
64 72 30
64 73 80
64 74 30
64 75 30
64 76 60
64 77 80
64 78 40
65 0 30
65 1 60
65 2 30
65 3 80
65 4 30
65 5 40
65 6 30
65 7 40
65 8 40
65 9 30
65 10 40
65 11 80
65 12 30
65 13 30
65 14 60
65 15 80
65 16 80
65 17 30
65 18 40
65 19 30
65 20 40
65 21 30
65 22 40
65 23 40
65 24 80
65 25 80
65 26 80
65 27 40
65 28 80
65 29 40
65 30 80
65 31 30
65 32 80
65 33 40
65 34 30
65 35 60
65 36 30
65 37 40
65 38 40
65 39 40
65 40 60
65 41 40
65 42 40
65 43 30
65 44 60
65 45 60
65 46 80
65 47 80
65 48 30
65 49 30
65 50 30
65 51 80
65 52 30
65 53 80
65 54 40
65 55 60
65 56 40
65 57 30
65 58 30
65 59 80
65 60 60
65 61 40
65 62 80
65 63 60
65 64 40
65 66 30
65 67 30
65 68 80
65 69 60
65 70 80
65 71 80
65 72 40
65 73 80
65 74 80
65 75 30
65 76 30
65 77 80
65 78 60
66 0 40
66 1 30
66 2 80
66 3 30
66 4 30
66 5 40
66 6 30
66 7 80
66 8 80
66 9 80
66 10 60
66 11 80
66 12 60
66 13 60
66 14 80
66 15 30
66 16 80
66 17 80
66 18 40
66 19 80
66 20 30
66 21 80
66 22 40
66 23 30
66 24 60
66 25 30
66 26 80
66 27 30
66 28 80
66 29 30
66 30 80
66 31 40
66 32 30
66 33 30
66 34 80
66 35 40
66 36 60
66 37 40
66 38 60
66 39 30
66 40 60
66 41 40
66 42 30
66 43 60
66 44 80
66 45 80
66 46 30
66 47 60
66 48 40
66 49 30
66 50 80
66 51 30
66 52 80
66 53 60
66 54 40
66 55 60
66 56 30
66 57 40
66 58 40
66 59 40
66 60 30
66 61 80
66 62 80
66 63 40
66 64 60
66 65 30
66 67 40
66 68 60
66 69 30
66 70 40
66 71 30
66 72 80
66 73 40
66 74 40
66 75 80
66 76 40
66 77 60
66 78 80
67 0 80
67 1 40
67 2 80
67 3 40
67 4 40
67 5 40
67 6 30
67 7 60
67 8 40
67 9 40
67 10 40
67 11 40
67 12 40
67 13 80
67 14 40
67 15 30
67 16 60
67 17 40
67 18 40
67 19 30
67 20 40
67 21 80
67 22 80
67 23 60
67 24 30
67 25 60
67 26 30
67 27 30
67 28 80
67 29 80
67 30 80
67 31 60
67 32 80
67 33 40
67 34 30
67 35 60
67 36 60
67 37 30
67 38 80
67 39 40
67 40 80
67 41 30
67 42 40
67 43 80
67 44 80
67 45 60
67 46 40
67 47 80
67 48 40
67 49 80
67 50 60
67 51 40
67 52 30
67 53 80
67 54 80
67 55 60
67 56 80
67 57 60
67 58 80
67 59 30
67 60 30
67 61 30
67 62 30
67 63 40
67 64 30
67 65 40
67 66 40
67 68 40
67 69 60
67 70 30
67 71 80
67 72 30
67 73 80
67 74 30
67 75 30
67 76 60
67 77 80
67 78 30
68 0 30
68 1 30
68 2 80
68 3 80
68 4 80
68 5 30
68 6 60
68 7 30
68 8 60
68 9 60
68 10 40
68 11 40
68 12 80
68 13 80
68 14 30
68 15 30
68 16 40
68 17 30
68 18 80
68 19 60
68 20 40
68 21 80
68 22 60
68 23 60
68 24 80
68 25 60
68 26 80
68 27 30
68 28 60
68 29 30
68 30 60
68 31 30
68 32 80
68 33 30
68 34 80
68 35 40
68 36 60
68 37 40
68 38 80
68 39 60
68 40 80
68 41 60
68 42 60
68 43 30
68 44 30
68 45 60
68 46 40
68 47 40
68 48 30
68 49 40
68 50 30
68 51 30
68 52 30
68 53 80
68 54 40
68 55 60
68 56 60
68 57 60
68 58 60
68 59 80
68 60 30
68 61 60
68 62 60
68 63 40
68 64 80
68 65 60
68 66 40
68 67 40
68 69 30
68 70 40
68 71 80
68 72 40
68 73 30
68 74 80
68 75 30
68 76 40
68 77 60
68 78 40
69 0 40
69 1 40
69 2 30
69 3 60
69 4 40
69 5 80
69 6 60
69 7 80
69 8 60
69 9 60
69 10 80
69 11 60
69 12 30
69 13 40
69 14 40
69 15 60
69 16 60
69 17 40
69 18 40
69 19 30
69 20 80
69 21 40
69 22 30
69 23 60
69 24 80
69 25 40
69 26 40
69 27 80
69 28 40
69 29 80
69 30 40
69 31 60
69 32 80
69 33 60
69 34 80
69 35 60
69 36 40
69 37 40
69 38 30
69 39 80
69 40 40
69 41 30
69 42 30
69 43 80
69 44 40
69 45 40
69 46 60
69 47 30
69 48 40
69 49 60
69 50 40
69 51 30
69 52 60
69 53 80
69 54 60
69 55 40
69 56 80
69 57 80
69 58 60
69 59 60
69 60 60
69 61 80
69 62 40
69 63 40
69 64 80
69 65 80
69 66 30
69 67 80
69 68 60
69 70 80
69 71 60
69 72 40
69 73 40
69 74 40
69 75 80
69 76 60
69 77 40
69 78 40
70 0 80
70 1 40
70 2 80
70 3 30
70 4 30
70 5 40
70 6 60
70 7 40
70 8 40
70 9 60
70 10 60
70 11 80
70 12 30
70 13 80
70 14 80
70 15 60
70 16 60
70 17 30
70 18 40
70 19 40
70 20 80
70 21 30
70 22 60
70 23 60
70 24 80
70 25 30
70 26 40
70 27 60
70 28 60
70 29 40
70 30 40
70 31 40
70 32 60
70 33 80
70 34 30
70 35 60
70 36 30
70 37 80
70 38 60
70 39 60
70 40 30
70 41 60
70 42 80
70 43 40
70 44 30
70 45 40
70 46 60
70 47 80
70 48 40
70 49 40
70 50 60
70 51 40
70 52 60
70 53 30
70 54 60
70 55 60
70 56 40
70 57 60
70 58 80
70 59 30
70 60 30
70 61 30
70 62 30
70 63 80
70 64 30
70 65 60
70 66 30
70 67 60
70 68 40
70 69 40
70 71 60
70 72 60
70 73 30
70 74 40
70 75 40
70 76 60
70 77 80
70 78 60
71 0 80
71 1 30
71 2 40
71 3 60
71 4 40
71 5 40
71 6 40
71 7 40
71 8 60
71 9 40
71 10 60
71 11 40
71 12 30
71 13 40
71 14 30
71 15 80
71 16 40
71 17 60
71 18 40
71 19 40
71 20 60
71 21 30
71 22 80
71 23 30
71 24 30
71 25 30
71 26 60
71 27 40
71 28 40
71 29 60
71 30 40
71 31 40
71 32 40
71 33 40
71 34 60
71 35 80
71 36 40
71 37 60
71 38 30
71 39 60
71 40 40
71 41 40
71 42 80
71 43 30
71 44 80
71 45 60
71 46 60
71 47 80
71 48 30
71 49 80
71 50 40
71 51 60
71 52 80
71 53 80
71 54 30
71 55 80
71 56 40
71 57 40
71 58 80
71 59 40
71 60 80
71 61 40
71 62 60
71 63 30
71 64 80
71 65 30
71 66 60
71 67 30
71 68 30
71 69 60
71 70 40
71 72 40
71 73 40
71 74 30
71 75 40
71 76 30
71 77 30
71 78 30
72 0 40
72 1 80
72 2 60
72 3 40
72 4 80
72 5 80
72 6 60
72 7 60
72 8 40
72 9 60
72 10 40
72 11 30
72 12 60
72 13 40
72 14 30
72 15 30
72 16 40
72 17 40
72 18 80
72 19 30
72 20 30
72 21 40
72 22 30
72 23 60
72 24 80
72 25 80
72 26 30
72 27 30
72 28 40
72 29 30
72 30 40
72 31 60
72 32 60
72 33 60
72 34 80
72 35 60
72 36 30
72 37 30
72 38 40
72 39 80
72 40 60
72 41 30
72 42 60
72 43 80
72 44 60
72 45 40
72 46 40
72 47 40
72 48 40
72 49 60
72 50 40
72 51 40
72 52 40
72 53 80
72 54 30
72 55 30
72 56 80
72 57 60
72 58 60
72 59 30
72 60 30
72 61 40
72 62 80
72 63 80
72 64 40
72 65 30
72 66 80
72 67 30
72 68 30
72 69 80
72 70 30
72 71 40
72 73 60
72 74 60
72 75 40
72 76 30
72 77 30
72 78 80
73 0 40
73 1 40
73 2 30
73 3 30
73 4 30
73 5 40
73 6 40
73 7 40
73 8 80
73 9 60
73 10 40
73 11 30
73 12 30
73 13 80
73 14 40
73 15 80
73 16 80
73 17 40
73 18 80
73 19 40
73 20 40
73 21 30
73 22 80
73 23 30
73 24 30
73 25 40
73 26 30
73 27 40
73 28 60
73 29 30
73 30 30
73 31 40
73 32 60
73 33 40
73 34 40
73 35 60
73 36 40
73 37 40
73 38 80
73 39 40
73 40 60
73 41 40
73 42 40
73 43 40
73 44 40
73 45 80
73 46 30
73 47 30
73 48 30
73 49 40
73 50 30
73 51 60
73 52 30
73 53 80
73 54 40
73 55 40
73 56 60
73 57 60
73 58 80
73 59 40
73 60 30
73 61 40
73 62 40
73 63 30
73 64 80
73 65 40
73 66 40
73 67 30
73 68 30
73 69 30
73 70 60
73 71 60
73 72 30
73 74 40
73 75 40
73 76 40
73 77 40
73 78 60
74 0 40
74 1 40
74 2 80
74 3 60
74 4 30
74 5 60
74 6 30
74 7 40
74 8 30
74 9 40
74 10 40
74 11 60
74 12 80
74 13 30
74 14 80
74 15 40
74 16 60
74 17 80
74 18 80
74 19 60
74 20 60
74 21 60
74 22 80
74 23 60
74 24 30
74 25 40
74 26 60
74 27 30
74 28 80
74 29 80
74 30 40
74 31 30
74 32 80
74 33 80
74 34 60
74 35 60
74 36 80
74 37 80
74 38 40
74 39 30
74 40 60
74 41 80
74 42 60
74 43 30
74 44 60
74 45 60
74 46 60
74 47 30
74 48 30
74 49 30
74 50 30
74 51 40
74 52 30
74 53 30
74 54 80
74 55 40
74 56 80
74 57 30
74 58 80
74 59 30
74 60 60
74 61 80
74 62 30
74 63 40
74 64 30
74 65 80
74 66 40
74 67 60
74 68 30
74 69 40
74 70 40
74 71 40
74 72 80
74 73 60
74 75 30
74 76 40
74 77 60
74 78 40
75 0 60
75 1 30
75 2 30
75 3 30
75 4 40
75 5 60
75 6 80
75 7 40
75 8 80
75 9 80
75 10 60
75 11 80
75 12 30
75 13 40
75 14 60
75 15 60
75 16 60
75 17 40
75 18 60
75 19 60
75 20 40
75 21 30
75 22 30
75 23 80
75 24 40
75 25 80
75 26 40
75 27 80
75 28 60
75 29 60
75 30 60
75 31 30
75 32 30
75 33 30
75 34 60
75 35 80
75 36 40
75 37 30
75 38 30
75 39 80
75 40 80
75 41 40
75 42 30
75 43 60
75 44 40
75 45 30
75 46 30
75 47 60
75 48 40
75 49 40
75 50 80
75 51 80
75 52 40
75 53 60
75 54 40
75 55 60
75 56 60
75 57 40
75 58 60
75 59 40
75 60 60
75 61 80
75 62 40
75 63 30
75 64 60
75 65 40
75 66 40
75 67 40
75 68 30
75 69 80
75 70 60
75 71 60
75 72 60
75 73 80
75 74 80
75 76 60
75 77 80
75 78 60
76 0 80
76 1 30
76 2 80
76 3 30
76 4 30
76 5 40
76 6 40
76 7 40
76 8 40
76 9 80
76 10 80
76 11 30
76 12 60
76 13 40
76 14 80
76 15 40
76 16 30
76 17 60
76 18 30
76 19 40
76 20 80
76 21 60
76 22 60
76 23 30
76 24 40
76 25 40
76 26 40
76 27 80
76 28 40
76 29 40
76 30 60
76 31 30
76 32 40
76 33 60
76 34 40
76 35 60
76 36 60
76 37 60
76 38 60
76 39 80
76 40 40
76 41 40
76 42 30
76 43 80
76 44 40
76 45 60
76 46 40
76 47 40
76 48 40
76 49 40
76 50 40
76 51 60
76 52 40
76 53 60
76 54 30
76 55 30
76 56 40
76 57 60
76 58 60
76 59 40
76 60 60
76 61 60
76 62 80
76 63 30
76 64 60
76 65 80
76 66 30
76 67 60
76 68 30
76 69 30
76 70 40
76 71 30
76 72 40
76 73 80
76 74 80
76 75 80
76 77 60
76 78 60
77 0 60
77 1 60
77 2 80
77 3 80
77 4 60
77 5 60
77 6 30
77 7 30
77 8 40
77 9 80
77 10 30
77 11 60
77 12 80
77 13 60
77 14 30
77 15 40
77 16 30
77 17 60
77 18 80
77 19 60
77 20 40
77 21 40
77 22 40
77 23 30
77 24 40
77 25 40
77 26 40
77 27 80
77 28 40
77 29 80
77 30 60
77 31 80
77 32 60
77 33 60
77 34 80
77 35 80
77 36 40
77 37 60
77 38 30
77 39 60
77 40 80
77 41 80
77 42 30
77 43 60
77 44 60
77 45 30
77 46 30
77 47 60
77 48 60
77 49 80
77 50 80
77 51 80
77 52 60
77 53 80
77 54 30
77 55 30
77 56 60
77 57 40
77 58 30
77 59 80
77 60 40
77 61 30
77 62 80
77 63 40
77 64 80
77 65 30
77 66 40
77 67 80
77 68 40
77 69 30
77 70 60
77 71 60
77 72 30
77 73 60
77 74 60
77 75 60
77 76 60
77 78 80
78 0 60
78 1 40
78 2 80
78 3 80
78 4 40
78 5 40
78 6 40
78 7 30
78 8 60
78 9 40
78 10 60
78 11 60
78 12 80
78 13 60
78 14 80
78 15 40
78 16 60
78 17 40
78 18 60
78 19 80
78 20 80
78 21 80
78 22 60
78 23 30
78 24 60
78 25 60
78 26 60
78 27 40
78 28 40
78 29 60
78 30 80
78 31 80
78 32 80
78 33 40
78 34 40
78 35 40
78 36 40
78 37 30
78 38 30
78 39 80
78 40 30
78 41 80
78 42 30
78 43 60
78 44 60
78 45 60
78 46 30
78 47 60
78 48 80
78 49 80
78 50 80
78 51 60
78 52 60
78 53 60
78 54 80
78 55 80
78 56 80
78 57 60
78 58 40
78 59 80
78 60 30
78 61 30
78 62 80
78 63 60
78 64 30
78 65 40
78 66 60
78 67 60
78 68 60
78 69 30
78 70 80
78 71 60
78 72 40
78 73 80
78 74 30
78 75 40
78 76 60
78 77 60
