NAME C75R6-1
SOURCE Zhang et al. (2018) methodology — reproducible synthetic benchmark
N_CUSTOMERS 75
N_STATIONS 6
VARIANT 1
GRID_MILES 200.0
VEHICLE_CAPACITY 3.0
BATTERY_KWH 110.0
CURB_WEIGHT_KG 2000.0
ALPHA_ARC 0.0981
BETA_VEH 2.11
EFF_D 1.11
EFF_M 1.25
SPEED_SEED 26056793
CUSTOMER_SEED 84775
STATION_SEED 95164

NODES
0 160934.400000 160934.400000 0.000000 depot_start
1 4166.777309 112446.408097 0.065939 customer
2 160201.125722 220015.030210 0.099294 customer
3 113715.269829 259656.071873 0.057959 customer
4 181723.897430 177879.048946 0.101338 customer
5 304607.858454 162739.845983 0.149470 customer
6 313225.365828 247373.594695 0.119500 customer
7 140490.223852 169117.603149 0.069407 customer
8 40525.271997 104997.463967 0.123212 customer
9 239561.275752 194483.897893 0.117872 customer
10 305107.895036 261627.707619 0.143360 customer
11 265040.477963 288573.247680 0.059169 customer
12 52232.902779 10012.648536 0.117693 customer
13 278653.859910 12179.929637 0.103971 customer
14 262305.078952 253253.010725 0.062847 customer
15 80090.331992 259688.908345 0.081407 customer
16 182729.127829 80069.871255 0.071073 customer
17 181256.967090 156868.427264 0.086575 customer
18 276085.673283 93348.218797 0.120788 customer
19 186182.031700 279947.123149 0.135162 customer
20 225275.912606 274204.852617 0.067994 customer
21 206822.700208 202514.580516 0.057529 customer
22 167279.666733 214454.329315 0.127533 customer
23 9346.178280 252262.115648 0.076428 customer
24 30783.875806 127664.383336 0.110586 customer
25 168683.591165 317060.868864 0.138301 customer
26 230940.200190 130615.945218 0.081651 customer
27 145659.918941 148877.545368 0.060138 customer
28 312979.259584 264079.636684 0.120565 customer
29 207948.122834 262321.120370 0.050855 customer
30 79748.776776 218516.683899 0.138973 customer
31 218002.612138 129679.613759 0.131294 customer
32 232642.591491 276024.814661 0.074728 customer
33 198826.219632 8982.201744 0.148221 customer
34 141007.047235 72157.331957 0.107147 customer
35 216302.900600 290644.114474 0.149527 customer
36 8187.407633 209388.625368 0.051916 customer
37 76592.837097 103798.790854 0.132574 customer
38 168502.933207 2609.713305 0.113783 customer
39 123778.380196 139117.001630 0.055457 customer
40 174949.141486 61845.118731 0.117836 customer
41 233639.441824 208164.234116 0.111161 customer
42 126579.122027 121882.375273 0.079315 customer
43 161449.279976 61550.869904 0.088292 customer
44 59365.485103 171423.633432 0.074188 customer
45 117721.540752 99214.301000 0.122642 customer
46 212843.819990 266218.671297 0.080241 customer
47 218007.439805 20860.487837 0.090464 customer
48 220694.311264 49107.635674 0.095756 customer
49 286457.207734 159112.831645 0.059892 customer
50 209392.417290 310882.218450 0.135349 customer
51 131991.251670 270860.202387 0.129195 customer
52 63152.447464 171939.682565 0.111942 customer
53 251673.417013 167944.181369 0.108772 customer
54 128271.872108 41267.218659 0.090678 customer
55 64407.459876 55492.786748 0.073723 customer
56 257421.518692 210963.859932 0.067221 customer
57 255929.257493 274009.616117 0.143267 customer
58 203764.607943 30677.243336 0.099962 customer
59 195456.321755 21327.121930 0.100448 customer
60 231152.798084 161464.545312 0.109604 customer
61 20389.217437 84188.955809 0.140641 customer
62 120963.286764 216155.250590 0.097996 customer
63 96330.937482 159636.037521 0.094353 customer
64 21083.148414 306551.917878 0.082487 customer
65 98250.036218 100057.574783 0.078551 customer
66 1057.211672 150382.876802 0.097043 customer
67 109179.329280 293966.386576 0.125660 customer
68 218346.277083 60843.119035 0.138139 customer
69 20559.541351 1462.260606 0.143168 customer
70 239266.405891 286734.679977 0.143060 customer
71 117213.633846 187018.188653 0.064346 customer
72 109922.647897 182247.497104 0.095573 customer
73 140292.353652 186466.549766 0.123795 customer
74 103406.421827 20741.635206 0.093087 customer
75 84025.391324 245379.896484 0.131752 customer
76 92922.894013 232332.906392 0.000000 station
77 178872.605054 37039.244759 0.000000 station
78 77819.479814 21905.342027 0.000000 station
79 104949.261914 169946.460521 0.000000 station
80 36790.151704 200639.801576 0.000000 station
81 37041.279065 189682.021237 0.000000 station
82 160934.400000 160934.400000 0.000000 depot_end

SPEEDS
0 1 80
0 2 60
0 3 80
0 4 30
0 5 80
0 6 30
0 7 40
0 8 30
0 9 30
0 10 30
0 11 80
0 12 30
0 13 60
0 14 80
0 15 40
0 16 60
0 17 80
0 18 30
0 19 40
0 20 60
0 21 40
0 22 40
0 23 80
0 24 40
0 25 60
0 26 30
0 27 30
0 28 80
0 29 80
0 30 30
0 31 60
0 32 40
0 33 30
0 34 60
0 35 60
0 36 60
0 37 80
0 38 60
0 39 80
0 40 30
0 41 60
0 42 60
0 43 40
0 44 60
0 45 30
0 46 80
0 47 60
0 48 80
0 49 40
0 50 40
0 51 30
0 52 80
0 53 60
0 54 30
0 55 40
0 56 30
0 57 80
0 58 40
0 59 80
0 60 80
0 61 60
0 62 40
0 63 80
0 64 30
0 65 60
0 66 30
0 67 60
0 68 30
0 69 80
0 70 80
0 71 40
0 72 40
0 73 80
0 74 30
0 75 40
0 76 40
0 77 60
0 78 80
0 79 30
0 80 40
0 81 80
0 82 30
1 0 80
1 2 80
1 3 40
1 4 60
1 5 60
1 6 80
1 7 40
1 8 80
1 9 80
1 10 60
1 11 60
1 12 80
1 13 40
1 14 30
1 15 30
1 16 80
1 17 80
1 18 60
1 19 80
1 20 40
1 21 30
1 22 40
1 23 40
1 24 60
1 25 80
1 26 60
1 27 40
1 28 60
1 29 30
1 30 60
1 31 80
1 32 30
1 33 80
1 34 30
1 35 30
1 36 40
1 37 60
1 38 30
1 39 60
1 40 60
1 41 80
1 42 80
1 43 80
1 44 60
1 45 60
1 46 60
1 47 60
1 48 30
1 49 40
1 50 30
1 51 80
1 52 40
1 53 80
1 54 40
1 55 40
1 56 60
1 57 40
1 58 40
1 59 40
1 60 40
1 61 60
1 62 80
1 63 40
1 64 80
1 65 60
1 66 80
1 67 60
1 68 30
1 69 40
1 70 40
1 71 40
1 72 60
1 73 80
1 74 80
1 75 30
1 76 30
1 77 40
1 78 40
1 79 40
1 80 80
1 81 40
1 82 40
2 0 30
2 1 80
2 3 40
2 4 30
2 5 80
2 6 80
2 7 40
2 8 30
2 9 60
2 10 80
2 11 60
2 12 80
2 13 60
2 14 60
2 15 80
2 16 40
2 17 40
2 18 60
2 19 60
2 20 60
2 21 40
2 22 30
2 23 40
2 24 60
2 25 80
2 26 80
2 27 40
2 28 40
2 29 40
2 30 30
2 31 60
2 32 40
2 33 40
2 34 80
2 35 60
2 36 30
2 37 30
2 38 60
2 39 40
2 40 40
2 41 40
2 42 80
2 43 80
2 44 30
2 45 30
2 46 30
2 47 60
2 48 80
2 49 80
2 50 40
2 51 80
2 52 30
2 53 60
2 54 30
2 55 60
2 56 40
2 57 60
2 58 80
2 59 80
2 60 60
2 61 30
2 62 40
2 63 30
2 64 30
2 65 80
2 66 60
2 67 30
2 68 60
2 69 80
2 70 40
2 71 40
2 72 40
2 73 80
2 74 60
2 75 40
2 76 80
2 77 80
2 78 80
2 79 30
2 80 40
2 81 60
2 82 30
3 0 60
3 1 30
3 2 60
3 4 80
3 5 60
3 6 60
3 7 30
3 8 80
3 9 80
3 10 40
3 11 40
3 12 80
3 13 40
3 14 80
3 15 60
3 16 60
3 17 60
3 18 80
3 19 40
3 20 40
3 21 80
3 22 30
3 23 80
3 24 60
3 25 80
3 26 40
3 27 40
3 28 40
3 29 60
3 30 60
3 31 30
3 32 80
3 33 30
3 34 80
3 35 60
3 36 80
3 37 30
3 38 30
3 39 80
3 40 40
3 41 80
3 42 40
3 43 80
3 44 80
3 45 60
3 46 30
3 47 80
3 48 60
3 49 60
3 50 80
3 51 40
3 52 40
3 53 40
3 54 40
3 55 40
3 56 60
3 57 30
3 58 80
3 59 80
3 60 30
3 61 30
3 62 40
3 63 30
3 64 40
3 65 30
3 66 40
3 67 80
3 68 40
3 69 60
3 70 80
3 71 80
3 72 60
3 73 30
3 74 80
3 75 80
3 76 60
3 77 80
3 78 60
3 79 60
3 80 60
3 81 30
3 82 60
4 0 40
4 1 80
4 2 60
4 3 80
4 5 40
4 6 40
4 7 80
4 8 40
4 9 40
4 10 40
4 11 60
4 12 40
4 13 60
4 14 60
4 15 80
4 16 80
4 17 60
4 18 80
4 19 30
4 20 80
4 21 40
4 22 80
4 23 40
4 24 60
4 25 60
4 26 80
4 27 40
4 28 80
4 29 30
4 30 80
4 31 60
4 32 60
4 33 30
4 34 60
4 35 40
4 36 40
4 37 30
4 38 40
4 39 60
4 40 30
4 41 80
4 42 80
4 43 80
4 44 40
4 45 80
4 46 30
4 47 30
4 48 40
4 49 80
4 50 60
4 51 60
4 52 30
4 53 60
4 54 80
4 55 80
4 56 40
4 57 60
4 58 30
4 59 60
4 60 60
4 61 60
4 62 40
4 63 80
4 64 60
4 65 40
4 66 80
4 67 40
4 68 40
4 69 40
4 70 60
4 71 60
4 72 80
4 73 80
4 74 40
4 75 30
4 76 40
4 77 30
4 78 60
4 79 40
4 80 80
4 81 60
4 82 60
5 0 30
5 1 60
5 2 40
5 3 60
5 4 40
5 6 60
5 7 60
5 8 40
5 9 60
5 10 80
5 11 40
5 12 30
5 13 30
5 14 80
5 15 80
5 16 60
5 17 30
5 18 80
5 19 80
5 20 30
5 21 30
5 22 60
5 23 60
5 24 80
5 25 60
5 26 30
5 27 40
5 28 40
5 29 30
5 30 30
5 31 80
5 32 40
5 33 80
5 34 30
5 35 40
5 36 40
5 37 30
5 38 40
5 39 40
5 40 30
5 41 60
5 42 30
5 43 40
5 44 40
5 45 60
5 46 40
5 47 60
5 48 30
5 49 40
5 50 60
5 51 40
5 52 80
5 53 40
5 54 30
5 55 60
5 56 40
5 57 80
5 58 60
5 59 30
5 60 80
5 61 60
5 62 40
5 63 80
5 64 30
5 65 80
5 66 30
5 67 80
5 68 60
5 69 30
5 70 30
5 71 40
5 72 30
5 73 80
5 74 30
5 75 30
5 76 40
5 77 80
5 78 40
5 79 30
5 80 60
5 81 30
5 82 40
6 0 30
6 1 30
6 2 30
6 3 80
6 4 30
6 5 40
6 7 30
6 8 40
6 9 80
6 10 80
6 11 30
6 12 80
6 13 40
6 14 40
6 15 30
6 16 40
6 17 40
6 18 30
6 19 40
6 20 80
6 21 40
6 22 80
6 23 60
6 24 40
6 25 80
6 26 60
6 27 60
6 28 30
6 29 30
6 30 80
6 31 40
6 32 60
6 33 60
6 34 30
6 35 40
6 36 30
6 37 60
6 38 80
6 39 80
6 40 60
6 41 60
6 42 40
6 43 40
6 44 30
6 45 40
6 46 40
6 47 80
6 48 80
6 49 80
6 50 40
6 51 30
6 52 30
6 53 80
6 54 80
6 55 30
6 56 40
6 57 40
6 58 60
6 59 80
6 60 80
6 61 60
6 62 60
6 63 80
6 64 80
6 65 80
6 66 40
6 67 60
6 68 80
6 69 30
6 70 30
6 71 30
6 72 30
6 73 60
6 74 80
6 75 40
6 76 30
6 77 40
6 78 40
6 79 30
6 80 60
6 81 80
6 82 40
7 0 80
7 1 30
7 2 40
7 3 60
7 4 30
7 5 30
7 6 80
7 8 30
7 9 40
7 10 60
7 11 40
7 12 40
7 13 60
7 14 80
7 15 80
7 16 80
7 17 80
7 18 40
7 19 40
7 20 60
7 21 30
7 22 60
7 23 60
7 24 60
7 25 30
7 26 80
7 27 60
7 28 80
7 29 80
7 30 80
7 31 80
7 32 40
7 33 60
7 34 80
7 35 80
7 36 60
7 37 60
7 38 80
7 39 40
7 40 30
7 41 40
7 42 30
7 43 60
7 44 60
7 45 40
7 46 60
7 47 30
7 48 40
7 49 80
7 50 60
7 51 40
7 52 40
7 53 40
7 54 40
7 55 80
7 56 30
7 57 40
7 58 80
7 59 60
7 60 80
7 61 30
7 62 40
7 63 80
7 64 30
7 65 80
7 66 30
7 67 30
7 68 60
7 69 30
7 70 60
7 71 40
7 72 80
7 73 80
7 74 60
7 75 40
7 76 80
7 77 80
7 78 30
7 79 60
7 80 40
7 81 40
7 82 30
8 0 80
8 1 40
8 2 40
8 3 30
8 4 40
8 5 40
8 6 30
8 7 80
8 9 60
8 10 60
8 11 60
8 12 30
8 13 30
8 14 60
8 15 40
8 16 40
8 17 80
8 18 80
8 19 60
8 20 60
8 21 30
8 22 40
8 23 40
8 24 80
8 25 30
8 26 30
8 27 60
8 28 60
8 29 40
8 30 30
8 31 30
8 32 60
8 33 80
8 34 80
8 35 80
8 36 80
8 37 60
8 38 60
8 39 30
8 40 80
8 41 30
8 42 80
8 43 30
8 44 40
8 45 40
8 46 30
8 47 40
8 48 40
8 49 30
8 50 60
8 51 40
8 52 60
8 53 80
8 54 80
8 55 40
8 56 40
8 57 40
8 58 30
8 59 80
8 60 80
8 61 60
8 62 40
8 63 40
8 64 60
8 65 30
8 66 60
8 67 60
8 68 40
8 69 60
8 70 30
8 71 30
8 72 60
8 73 40
8 74 40
8 75 60
8 76 30
8 77 80
8 78 40
8 79 60
8 80 30
8 81 30
8 82 60
9 0 60
9 1 40
9 2 30
9 3 40
9 4 40
9 5 60
9 6 80
9 7 60
9 8 30
9 10 60
9 11 80
9 12 80
9 13 40
9 14 60
9 15 60
9 16 60
9 17 60
9 18 30
9 19 30
9 20 40
9 21 30
9 22 60
9 23 60
9 24 80
9 25 40
9 26 60
9 27 30
9 28 40
9 29 30
9 30 30
9 31 40
9 32 40
9 33 40
9 34 80
9 35 30
9 36 30
9 37 80
9 38 30
9 39 80
9 40 80
9 41 40
9 42 80
9 43 80
9 44 30
9 45 60
9 46 60
9 47 60
9 48 80
9 49 30
9 50 60
9 51 40
9 52 40
9 53 30
9 54 40
9 55 60
9 56 40
9 57 30
9 58 40
9 59 80
9 60 80
9 61 40
9 62 80
9 63 40
9 64 80
9 65 60
9 66 60
9 67 80
9 68 40
9 69 30
9 70 30
9 71 40
9 72 40
9 73 40
9 74 30
9 75 80
9 76 60
9 77 80
9 78 40
9 79 60
9 80 30
9 81 40
9 82 40
10 0 30
10 1 80
10 2 60
10 3 80
10 4 80
10 5 80
10 6 80
10 7 30
10 8 40
10 9 60
10 11 80
10 12 40
10 13 60
10 14 80
10 15 80
10 16 60
10 17 30
10 18 30
10 19 30
10 20 40
10 21 40
10 22 80
10 23 30
10 24 30
10 25 80
10 26 80
10 27 40
10 28 60
10 29 30
10 30 80
10 31 80
10 32 30
10 33 30
10 34 80
10 35 40
10 36 60
10 37 40
10 38 30
10 39 60
10 40 60
10 41 40
10 42 40
10 43 30
10 44 40
10 45 30
10 46 60
10 47 40
10 48 80
10 49 80
10 50 30
10 51 40
10 52 80
10 53 60
10 54 80
10 55 80
10 56 80
10 57 60
10 58 30
10 59 30
10 60 40
10 61 30
10 62 60
10 63 60
10 64 40
10 65 30
10 66 80
10 67 40
10 68 80
10 69 80
10 70 40
10 71 40
10 72 40
10 73 40
10 74 80
10 75 40
10 76 80
10 77 30
10 78 30
10 79 30
10 80 80
10 81 30
10 82 30
11 0 80
11 1 80
11 2 40
11 3 30
11 4 60
11 5 60
11 6 60
11 7 40
11 8 60
11 9 80
11 10 40
11 12 40
11 13 30
11 14 40
11 15 40
11 16 60
11 17 60
11 18 80
11 19 60
11 20 30
11 21 30
11 22 30
11 23 60
11 24 80
11 25 40
11 26 60
11 27 40
11 28 30
11 29 30
11 30 30
11 31 60
11 32 60
11 33 40
11 34 30
11 35 60
11 36 40
11 37 80
11 38 30
11 39 30
11 40 30
11 41 30
11 42 40
11 43 30
11 44 80
11 45 30
11 46 30
11 47 80
11 48 80
11 49 40
11 50 80
11 51 60
11 52 30
11 53 80
11 54 30
11 55 30
11 56 80
11 57 40
11 58 30
11 59 30
11 60 40
11 61 30
11 62 30
11 63 60
11 64 30
11 65 80
11 66 60
11 67 60
11 68 40
11 69 80
11 70 60
11 71 40
11 72 80
11 73 40
11 74 30
11 75 40
11 76 40
11 77 80
11 78 30
11 79 40
11 80 40
11 81 40
11 82 80
12 0 40
12 1 60
12 2 30
12 3 80
12 4 60
12 5 30
12 6 80
12 7 40
12 8 30
12 9 60
12 10 30
12 11 30
12 13 30
12 14 80
12 15 30
12 16 30
12 17 60
12 18 80
12 19 40
12 20 60
12 21 80
12 22 60
12 23 40
12 24 60
12 25 60
12 26 80
12 27 80
12 28 60
12 29 40
12 30 80
12 31 30
12 32 80
12 33 40
12 34 80
12 35 40
12 36 60
12 37 60
12 38 80
12 39 60
12 40 60
12 41 40
12 42 60
12 43 40
12 44 80
12 45 60
12 46 80
12 47 80
12 48 60
12 49 80
12 50 80
12 51 60
12 52 30
12 53 40
12 54 30
12 55 30
12 56 80
12 57 80
12 58 60
12 59 80
12 60 60
12 61 40
12 62 80
12 63 60
12 64 80
12 65 40
12 66 60
12 67 40
12 68 40
12 69 30
12 70 60
12 71 60
12 72 60
12 73 30
12 74 60
12 75 60
12 76 40
12 77 30
12 78 30
12 79 40
12 80 60
12 81 80
12 82 40
13 0 40
13 1 60
13 2 60
13 3 60
13 4 80
13 5 40
13 6 40
13 7 40
13 8 30
13 9 30
13 10 30
13 11 30
13 12 30
13 14 80
13 15 40
13 16 60
13 17 40
13 18 80
13 19 40
13 20 30
13 21 60
13 22 30
13 23 40
13 24 80
13 25 30
13 26 30
13 27 80
13 28 40
13 29 30
13 30 80
13 31 60
13 32 60
13 33 30
13 34 80
13 35 40
13 36 60
13 37 60
13 38 80
13 39 40
13 40 60
13 41 60
13 42 40
13 43 40
13 44 30
13 45 40
13 46 40
13 47 80
13 48 60
13 49 60
13 50 60
13 51 80
13 52 30
13 53 40
13 54 80
13 55 80
13 56 30
13 57 80
13 58 80
13 59 60
13 60 80
13 61 40
13 62 40
13 63 30
13 64 40
13 65 60
13 66 30
13 67 60
13 68 60
13 69 30
13 70 30
13 71 30
13 72 60
13 73 30
13 74 30
13 75 40
13 76 60
13 77 40
13 78 60
13 79 80
13 80 80
13 81 40
13 82 30
14 0 60
14 1 60
14 2 30
14 3 80
14 4 60
14 5 80
14 6 80
14 7 30
14 8 30
14 9 80
14 10 40
14 11 60
14 12 60
14 13 30
14 15 40
14 16 60
14 17 30
14 18 80
14 19 40
14 20 60
14 21 60
14 22 30
14 23 40
14 24 40
14 25 80
14 26 30
14 27 80
14 28 80
14 29 40
14 30 80
14 31 30
14 32 30
14 33 80
14 34 60
14 35 60
14 36 80
14 37 80
14 38 30
14 39 40
14 40 60
14 41 40
14 42 80
14 43 30
14 44 40
14 45 30
14 46 80
14 47 40
14 48 80
14 49 80
14 50 80
14 51 40
14 52 60
14 53 40
14 54 30
14 55 40
14 56 60
14 57 80
14 58 60
14 59 30
14 60 60
14 61 40
14 62 60
14 63 30
14 64 30
14 65 80
14 66 80
14 67 40
14 68 60
14 69 30
14 70 60
14 71 30
14 72 60
14 73 40
14 74 80
14 75 40
14 76 30
14 77 80
14 78 30
14 79 40
14 80 60
14 81 60
14 82 60
15 0 30
15 1 60
15 2 30
15 3 80
15 4 30
15 5 60
15 6 80
15 7 40
15 8 30
15 9 60
15 10 80
15 11 60
15 12 40
15 13 60
15 14 80
15 16 80
15 17 60
15 18 80
15 19 80
15 20 60
15 21 60
15 22 60
15 23 40
15 24 40
15 25 40
15 26 80
15 27 80
15 28 60
15 29 30
15 30 30
15 31 30
15 32 60
15 33 80
15 34 60
15 35 40
15 36 40
15 37 80
15 38 80
15 39 60
15 40 80
15 41 40
15 42 60
15 43 80
15 44 40
15 45 40
15 46 60
15 47 80
15 48 80
15 49 60
15 50 40
15 51 30
15 52 60
15 53 40
15 54 80
15 55 30
15 56 40
15 57 30
15 58 80
15 59 40
15 60 60
15 61 40
15 62 30
15 63 80
15 64 40
15 65 30
15 66 80
15 67 60
15 68 40
15 69 80
15 70 60
15 71 60
15 72 60
15 73 80
15 74 30
15 75 80
15 76 80
15 77 80
15 78 80
15 79 40
15 80 60
15 81 60
15 82 30
16 0 40
16 1 30
16 2 80
16 3 40
16 4 80
16 5 60
16 6 60
16 7 30
16 8 60
16 9 60
16 10 40
16 11 80
16 12 40
16 13 30
16 14 80
16 15 40
16 17 40
16 18 30
16 19 30
16 20 40
16 21 80
16 22 30
16 23 60
16 24 80
16 25 30
16 26 80
16 27 40
16 28 30
16 29 40
16 30 60
16 31 80
16 32 60
16 33 40
16 34 80
16 35 60
16 36 30
16 37 60
16 38 30
16 39 80
16 40 40
16 41 80
16 42 80
16 43 30
16 44 40
16 45 40
16 46 40
16 47 30
16 48 30
16 49 60
16 50 80
16 51 80
16 52 60
16 53 40
16 54 30
16 55 30
16 56 60
16 57 60
16 58 80
16 59 40
16 60 40
16 61 40
16 62 40
16 63 80
16 64 30
16 65 60
16 66 30
16 67 40
16 68 60
16 69 60
16 70 60
16 71 30
16 72 60
16 73 40
16 74 60
16 75 60
16 76 40
16 77 80
16 78 60
16 79 80
16 80 60
16 81 60
16 82 30
17 0 30
17 1 40
17 2 40
17 3 40
17 4 40
17 5 80
17 6 60
17 7 40
17 8 30
17 9 60
17 10 80
17 11 60
17 12 30
17 13 40
17 14 40
17 15 60
17 16 60
17 18 30
17 19 60
17 20 40
17 21 80
17 22 30
17 23 30
17 24 60
17 25 80
17 26 60
17 27 60
17 28 80
17 29 40
17 30 30
17 31 40
17 32 30
17 33 30
17 34 80
17 35 30
17 36 60
17 37 40
17 38 30
17 39 30
17 40 80
17 41 60
17 42 60
17 43 80
17 44 40
17 45 30
17 46 80
17 47 40
17 48 30
17 49 30
17 50 80
17 51 30
17 52 60
17 53 30
17 54 80
17 55 30
17 56 30
17 57 80
17 58 30
17 59 30
17 60 80
17 61 40
17 62 80
17 63 30
17 64 40
17 65 80
17 66 60
17 67 60
17 68 60
17 69 80
17 70 30
17 71 30
17 72 40
17 73 30
17 74 80
17 75 30
17 76 60
17 77 60
17 78 30
17 79 40
17 80 40
17 81 40
17 82 60
18 0 30
18 1 30
18 2 60
18 3 80
18 4 40
18 5 60
18 6 80
18 7 30
18 8 40
18 9 30
18 10 60
18 11 30
18 12 40
18 13 30
18 14 60
18 15 80
18 16 30
18 17 40
18 19 60
18 20 30
18 21 80
18 22 80
18 23 80
18 24 80
18 25 60
18 26 40
18 27 30
18 28 30
18 29 30
18 30 40
18 31 40
18 32 30
18 33 40
18 34 60
18 35 40
18 36 40
18 37 60
18 38 80
18 39 60
18 40 40
18 41 30
18 42 60
18 43 60
18 44 40
18 45 80
18 46 40
18 47 40
18 48 30
18 49 40
18 50 80
18 51 80
18 52 30
18 53 60
18 54 30
18 55 30
18 56 60
18 57 40
18 58 40
18 59 30
18 60 40
18 61 60
18 62 80
18 63 30
18 64 60
18 65 60
18 66 80
18 67 30
18 68 60
18 69 60
18 70 60
18 71 40
18 72 40
18 73 40
18 74 60
18 75 40
18 76 80
18 77 60
18 78 80
18 79 30
18 80 60
18 81 40
18 82 40
19 0 40
19 1 80
19 2 80
19 3 60
19 4 60
19 5 60
19 6 40
19 7 40
19 8 40
19 9 40
19 10 80
19 11 60
19 12 80
19 13 80
19 14 80
19 15 40
19 16 60
19 17 80
19 18 30
19 20 80
19 21 80
19 22 60
19 23 80
19 24 60
19 25 80
19 26 40
19 27 30
19 28 80
19 29 30
19 30 80
19 31 40
19 32 60
19 33 40
19 34 30
19 35 60
19 36 80
19 37 60
19 38 60
19 39 60
19 40 60
19 41 60
19 42 40
19 43 30
19 44 30
19 45 30
19 46 60
19 47 80
19 48 30
19 49 60
19 50 80
19 51 60
19 52 40
19 53 40
19 54 80
19 55 30
19 56 80
19 57 60
19 58 40
19 59 40
19 60 40
19 61 30
19 62 40
19 63 40
19 64 40
19 65 60
19 66 80
19 67 80
19 68 30
19 69 30
19 70 40
19 71 80
19 72 80
19 73 30
19 74 30
19 75 40
19 76 30
19 77 30
19 78 60
19 79 60
19 80 80
19 81 30
19 82 30
20 0 60
20 1 60
20 2 60
20 3 40
20 4 60
20 5 80
20 6 80
20 7 80
20 8 60
20 9 40
20 10 30
20 11 80
20 12 60
20 13 80
20 14 80
20 15 30
20 16 60
20 17 40
20 18 60
20 19 80
20 21 30
20 22 40
20 23 60
20 24 80
20 25 60
20 26 40
20 27 80
20 28 40
20 29 80
20 30 60
20 31 40
20 32 60
20 33 40
20 34 80
20 35 80
20 36 30
20 37 30
20 38 40
20 39 40
20 40 30
20 41 80
20 42 40
20 43 80
20 44 60
20 45 60
20 46 80
20 47 80
20 48 30
20 49 40
20 50 80
20 51 60
20 52 80
20 53 40
20 54 40
20 55 80
20 56 40
20 57 60
20 58 30
20 59 40
20 60 60
20 61 80
20 62 30
20 63 60
20 64 60
20 65 80
20 66 80
20 67 30
20 68 30
20 69 60
20 70 40
20 71 40
20 72 30
20 73 40
20 74 60
20 75 80
20 76 30
20 77 30
20 78 30
20 79 60
20 80 30
20 81 60
20 82 40
21 0 30
21 1 40
21 2 80
21 3 40
21 4 80
21 5 30
21 6 60
21 7 60
21 8 60
21 9 80
21 10 60
21 11 40
21 12 80
21 13 80
21 14 80
21 15 40
21 16 80
21 17 60
21 18 80
21 19 80
21 20 40
21 22 80
21 23 80
21 24 30
21 25 60
21 26 40
21 27 30
21 28 30
21 29 80
21 30 80
21 31 40
21 32 80
21 33 60
21 34 80
21 35 60
21 36 30
21 37 40
21 38 60
21 39 30
21 40 30
21 41 30
21 42 40
21 43 40
21 44 80
21 45 30
21 46 80
21 47 80
21 48 40
21 49 60
21 50 40
21 51 80
21 52 80
21 53 80
21 54 60
21 55 60
21 56 30
21 57 30
21 58 80
21 59 60
21 60 60
21 61 30
21 62 30
21 63 30
21 64 80
21 65 30
21 66 60
21 67 40
21 68 60
21 69 80
21 70 30
21 71 30
21 72 80
21 73 60
21 74 40
21 75 30
21 76 40
21 77 80
21 78 80
21 79 40
21 80 80
21 81 30
21 82 80
22 0 80
22 1 40
22 2 40
22 3 40
22 4 40
22 5 60
22 6 40
22 7 30
22 8 40
22 9 80
22 10 80
22 11 40
22 12 60
22 13 40
22 14 80
22 15 40
22 16 30
22 17 60
22 18 80
22 19 30
22 20 30
22 21 80
22 23 80
22 24 40
22 25 80
22 26 60
22 27 60
22 28 30
22 29 60
22 30 30
22 31 30
22 32 80
22 33 60
22 34 80
22 35 40
22 36 30
22 37 30
22 38 60
22 39 60
22 40 40
22 41 60
22 42 30
22 43 60
22 44 40
22 45 40
22 46 40
22 47 30
22 48 80
22 49 60
22 50 80
22 51 60
22 52 30
22 53 30
22 54 80
22 55 80
22 56 60
22 57 40
22 58 80
22 59 80
22 60 60
22 61 30
22 62 60
22 63 40
22 64 80
22 65 30
22 66 80
22 67 60
22 68 80
22 69 30
22 70 60
22 71 80
22 72 60
22 73 40
22 74 40
22 75 30
22 76 60
22 77 30
22 78 60
22 79 80
22 80 30
22 81 40
22 82 60
23 0 80
23 1 40
23 2 80
23 3 80
23 4 80
23 5 40
23 6 40
23 7 60
23 8 80
23 9 80
23 10 60
23 11 30
23 12 60
23 13 60
23 14 30
23 15 60
23 16 80
23 17 80
23 18 60
23 19 60
23 20 30
23 21 40
23 22 40
23 24 30
23 25 80
23 26 60
23 27 30
23 28 40
23 29 30
23 30 60
23 31 60
23 32 80
23 33 30
23 34 30
23 35 40
23 36 60
23 37 80
23 38 60
23 39 30
23 40 40
23 41 80
23 42 60
23 43 40
23 44 30
23 45 30
23 46 80
23 47 40
23 48 80
23 49 30
23 50 30
23 51 40
23 52 30
23 53 80
23 54 60
23 55 80
23 56 40
23 57 30
23 58 40
23 59 60
23 60 30
23 61 80
23 62 60
23 63 40
23 64 30
23 65 40
23 66 80
23 67 80
23 68 80
23 69 40
23 70 30
23 71 30
23 72 60
23 73 80
23 74 30
23 75 30
23 76 80
23 77 40
23 78 30
23 79 30
23 80 40
23 81 30
23 82 40
24 0 80
24 1 40
24 2 30
24 3 40
24 4 30
24 5 60
24 6 80
24 7 60
24 8 40
24 9 30
24 10 30
24 11 80
24 12 80
24 13 60
24 14 60
24 15 60
24 16 60
24 17 40
24 18 80
24 19 40
24 20 80
24 21 60
24 22 30
24 23 40
24 25 80
24 26 30
24 27 60
24 28 60
24 29 80
24 30 60
24 31 30
24 32 40
24 33 60
24 34 80
24 35 30
24 36 40
24 37 60
24 38 30
24 39 30
24 40 40
24 41 60
24 42 40
24 43 80
24 44 80
24 45 30
24 46 30
24 47 30
24 48 40
24 49 60
24 50 40
24 51 80
24 52 30
24 53 80
24 54 30
24 55 40
24 56 60
24 57 80
24 58 60
24 59 80
24 60 40
24 61 60
24 62 60
24 63 30
24 64 80
24 65 80
24 66 60
24 67 40
24 68 60
24 69 30
24 70 60
24 71 30
24 72 60
24 73 40
24 74 40
24 75 80
24 76 30
24 77 40
24 78 40
24 79 80
24 80 40
24 81 60
24 82 80
25 0 60
25 1 40
25 2 40
25 3 40
25 4 60
25 5 40
25 6 30
25 7 60
25 8 40
25 9 60
25 10 30
25 11 40
25 12 30
25 13 40
25 14 60
25 15 30
25 16 80
25 17 40
25 18 40
25 19 40
25 20 30
25 21 60
25 22 60
25 23 40
25 24 30
25 26 40
25 27 30
25 28 60
25 29 80
25 30 60
25 31 80
25 32 60
25 33 40
25 34 80
25 35 60
25 36 80
25 37 40
25 38 30
25 39 80
25 40 60
25 41 60
25 42 30
25 43 60
25 44 30
25 45 80
25 46 80
25 47 80
25 48 30
25 49 30
25 50 80
25 51 80
25 52 80
25 53 40
25 54 30
25 55 60
25 56 40
25 57 60
25 58 80
25 59 60
25 60 40
25 61 80
25 62 40
25 63 80
25 64 80
25 65 60
25 66 60
25 67 30
25 68 30
25 69 60
25 70 60
25 71 60
25 72 40
25 73 60
25 74 30
25 75 40
25 76 80
25 77 40
25 78 60
25 79 80
25 80 40
25 81 30
25 82 60
26 0 60
26 1 30
26 2 30
26 3 40
26 4 30
26 5 40
26 6 80
26 7 40
26 8 40
26 9 40
26 10 60
26 11 30
26 12 30
26 13 30
26 14 40
26 15 40
26 16 60
26 17 40
26 18 40
26 19 60
26 20 80
26 21 60
26 22 80
26 23 30
26 24 80
26 25 40
26 27 40
26 28 40
26 29 40
26 30 80
26 31 80
26 32 80
26 33 80
26 34 60
26 35 30
26 36 40
26 37 80
26 38 40
26 39 80
26 40 40
26 41 80
26 42 30
26 43 40
26 44 40
26 45 80
26 46 80
26 47 80
26 48 40
26 49 40
26 50 60
26 51 30
26 52 60
26 53 40
26 54 30
26 55 80
26 56 60
26 57 80
26 58 80
26 59 60
26 60 30
26 61 30
26 62 40
26 63 40
26 64 60
26 65 30
26 66 60
26 67 40
26 68 30
26 69 30
26 70 80
26 71 30
26 72 60
26 73 60
26 74 80
26 75 80
26 76 80
26 77 80
26 78 80
26 79 40
26 80 80
26 81 30
26 82 80
27 0 60
27 1 40
27 2 80
27 3 80
27 4 40
27 5 40
27 6 60
27 7 30
27 8 30
27 9 60
27 10 80
27 11 40
27 12 40
27 13 80
27 14 40
27 15 30
27 16 80
27 17 40
27 18 30
27 19 30
27 20 30
27 21 60
27 22 40
27 23 40
27 24 80
27 25 80
27 26 40
27 28 30
27 29 60
27 30 80
27 31 60
27 32 40
27 33 40
27 34 80
27 35 40
27 36 30
27 37 40
27 38 80
27 39 40
27 40 40
27 41 80
27 42 30
27 43 80
27 44 30
27 45 30
27 46 60
27 47 30
27 48 30
27 49 80
27 50 60
27 51 40
27 52 60
27 53 80
27 54 40
27 55 40
27 56 30
27 57 60
27 58 40
27 59 30
27 60 30
27 61 80
27 62 30
27 63 60
27 64 80
27 65 60
27 66 60
27 67 40
27 68 30
27 69 80
27 70 80
27 71 60
27 72 80
27 73 40
27 74 80
27 75 40
27 76 60
27 77 30
27 78 40
27 79 60
27 80 80
27 81 60
27 82 40
28 0 30
28 1 40
28 2 30
28 3 60
28 4 30
28 5 30
28 6 40
28 7 30
28 8 40
28 9 40
28 10 40
28 11 40
28 12 30
28 13 80
28 14 30
28 15 40
28 16 40
28 17 60
28 18 40
28 19 40
28 20 30
28 21 40
28 22 40
28 23 40
28 24 80
28 25 30
28 26 40
28 27 60
28 29 60
28 30 60
28 31 60
28 32 80
28 33 30
28 34 30
28 35 60
28 36 30
28 37 40
28 38 40
28 39 60
28 40 40
28 41 30
28 42 30
28 43 30
28 44 80
28 45 40
28 46 30
28 47 40
28 48 30
28 49 40
28 50 40
28 51 60
28 52 60
28 53 40
28 54 30
28 55 30
28 56 30
28 57 40
28 58 60
28 59 80
28 60 40
28 61 40
28 62 40
28 63 40
28 64 40
28 65 40
28 66 40
28 67 40
28 68 30
28 69 40
28 70 80
28 71 60
28 72 80
28 73 40
28 74 40
28 75 60
28 76 40
28 77 80
28 78 80
28 79 40
28 80 30
28 81 30
28 82 30
29 0 30
29 1 40
29 2 60
29 3 80
29 4 60
29 5 40
29 6 30
29 7 40
29 8 60
29 9 30
29 10 40
29 11 30
29 12 80
29 13 40
29 14 80
29 15 80
29 16 60
29 17 60
29 18 40
29 19 40
29 20 80
29 21 40
29 22 80
29 23 60
29 24 60
29 25 30
29 26 30
29 27 40
29 28 80
29 30 80
29 31 80
29 32 30
29 33 40
29 34 60
29 35 40
29 36 30
29 37 40
29 38 40
29 39 80
29 40 80
29 41 40
29 42 40
29 43 80
29 44 80
29 45 60
29 46 80
29 47 80
29 48 30
29 49 30
29 50 80
29 51 40
29 52 40
29 53 80
29 54 30
29 55 40
29 56 40
29 57 40
29 58 80
29 59 40
29 60 60
29 61 80
29 62 30
29 63 30
29 64 40
29 65 40
29 66 40
29 67 80
29 68 80
29 69 80
29 70 40
29 71 80
29 72 30
29 73 30
29 74 80
29 75 60
29 76 40
29 77 60
29 78 30
29 79 80
29 80 80
29 81 60
29 82 40
30 0 80
30 1 40
30 2 40
30 3 60
30 4 40
30 5 30
30 6 40
30 7 30
30 8 30
30 9 30
30 10 60
30 11 30
30 12 40
30 13 60
30 14 30
30 15 30
30 16 40
30 17 80
30 18 80
30 19 30
30 20 60
30 21 80
30 22 30
30 23 80
30 24 40
30 25 80
30 26 30
30 27 60
30 28 60
30 29 40
30 31 60
30 32 30
30 33 80
30 34 30
30 35 40
30 36 80
30 37 60
30 38 30
30 39 40
30 40 40
30 41 40
30 42 40
30 43 40
30 44 80
30 45 80
30 46 80
30 47 40
30 48 40
30 49 40
30 50 30
30 51 30
30 52 40
30 53 60
30 54 40
30 55 40
30 56 80
30 57 80
30 58 30
30 59 40
30 60 30
30 61 40
30 62 60
30 63 30
30 64 80
30 65 60
30 66 80
30 67 40
30 68 30
30 69 60
30 70 80
30 71 60
30 72 30
30 73 80
30 74 30
30 75 40
30 76 60
30 77 30
30 78 60
30 79 80
30 80 40
30 81 80
30 82 80
31 0 40
31 1 30
31 2 80
31 3 60
31 4 30
31 5 30
31 6 80
31 7 60
31 8 40
31 9 60
31 10 80
31 11 80
31 12 40
31 13 60
31 14 80
31 15 40
31 16 40
31 17 30
31 18 40
31 19 40
31 20 30
31 21 40
31 22 30
31 23 40
31 24 80
31 25 80
31 26 40
31 27 30
31 28 40
31 29 80
31 30 80
31 32 80
31 33 80
31 34 60
31 35 30
31 36 40
31 37 30
31 38 60
31 39 40
31 40 40
31 41 30
31 42 30
31 43 60
31 44 80
31 45 30
31 46 80
31 47 60
31 48 80
31 49 30
31 50 40
31 51 30
31 52 80
31 53 40
31 54 30
31 55 30
31 56 40
31 57 40
31 58 60
31 59 30
31 60 30
31 61 30
31 62 80
31 63 40
31 64 80
31 65 40
31 66 80
31 67 40
31 68 30
31 69 40
31 70 80
31 71 60
31 72 30
31 73 40
31 74 80
31 75 30
31 76 40
31 77 80
31 78 40
31 79 30
31 80 60
31 81 80
31 82 60
32 0 40
32 1 60
32 2 40
32 3 40
32 4 80
32 5 30
32 6 30
32 7 40
32 8 60
32 9 40
32 10 40
32 11 60
32 12 60
32 13 30
32 14 30
32 15 60
32 16 60
32 17 40
32 18 60
32 19 60
32 20 60
32 21 80
32 22 40
32 23 30
32 24 30
32 25 40
32 26 30
32 27 80
32 28 80
32 29 30
32 30 30
32 31 30
32 33 30
32 34 30
32 35 30
32 36 80
32 37 80
32 38 30
32 39 60
32 40 80
32 41 60
32 42 80
32 43 30
32 44 80
32 45 80
32 46 80
32 47 30
32 48 80
32 49 40
32 50 30
32 51 40
32 52 30
32 53 30
32 54 60
32 55 40
32 56 60
32 57 60
32 58 30
32 59 80
32 60 30
32 61 30
32 62 80
32 63 30
32 64 40
32 65 40
32 66 60
32 67 60
32 68 40
32 69 30
32 70 80
32 71 60
32 72 30
32 73 40
32 74 40
32 75 80
32 76 60
32 77 40
32 78 40
32 79 80
32 80 40
32 81 60
32 82 40
33 0 30
33 1 80
33 2 30
33 3 40
33 4 40
33 5 40
33 6 30
33 7 30
33 8 80
33 9 60
33 10 60
33 11 40
33 12 30
33 13 40
33 14 80
33 15 30
33 16 30
33 17 40
33 18 80
33 19 60
33 20 30
33 21 60
33 22 30
33 23 40
33 24 60
33 25 30
33 26 40
33 27 40
33 28 60
33 29 80
33 30 40
33 31 80
33 32 40
33 34 60
33 35 40
33 36 40
33 37 40
33 38 60
33 39 60
33 40 60
33 41 80
33 42 60
33 43 60
33 44 30
33 45 80
33 46 30
33 47 30
33 48 40
33 49 60
33 50 80
33 51 30
33 52 80
33 53 60
33 54 60
33 55 30
33 56 40
33 57 30
33 58 80
33 59 60
33 60 40
33 61 80
33 62 60
33 63 40
33 64 40
33 65 80
33 66 30
33 67 60
33 68 40
33 69 30
33 70 80
33 71 60
33 72 80
33 73 60
33 74 80
33 75 30
33 76 80
33 77 30
33 78 80
33 79 80
33 80 60
33 81 40
33 82 80
34 0 30
34 1 40
34 2 80
34 3 40
34 4 30
34 5 30
34 6 80
34 7 30
34 8 80
34 9 30
34 10 60
34 11 80
34 12 30
34 13 80
34 14 60
34 15 60
34 16 60
34 17 60
34 18 80
34 19 40
34 20 30
34 21 40
34 22 60
34 23 60
34 24 40
34 25 30
34 26 80
34 27 60
34 28 60
34 29 80
34 30 60
34 31 30
34 32 60
34 33 30
34 35 40
34 36 80
34 37 40
34 38 60
34 39 80
34 40 30
34 41 40
34 42 30
34 43 80
34 44 40
34 45 80
34 46 30
34 47 40
34 48 60
34 49 40
34 50 30
34 51 30
34 52 40
34 53 60
34 54 80
34 55 40
34 56 30
34 57 30
34 58 60
34 59 60
34 60 40
34 61 30
34 62 30
34 63 40
34 64 30
34 65 40
34 66 60
34 67 30
34 68 80
34 69 30
34 70 30
34 71 40
34 72 30
34 73 60
34 74 80
34 75 30
34 76 60
34 77 60
34 78 80
34 79 60
34 80 30
34 81 60
34 82 40
35 0 80
35 1 30
35 2 40
35 3 80
35 4 80
35 5 40
35 6 80
35 7 60
35 8 60
35 9 40
35 10 60
35 11 30
35 12 40
35 13 60
35 14 80
35 15 60
35 16 80
35 17 80
35 18 40
35 19 60
35 20 30
35 21 40
35 22 40
35 23 30
35 24 40
35 25 30
35 26 40
35 27 40
35 28 80
35 29 30
35 30 40
35 31 80
35 32 60
35 33 30
35 34 40
35 36 60
35 37 30
35 38 60
35 39 60
35 40 40
35 41 80
35 42 40
35 43 30
35 44 60
35 45 30
35 46 80
35 47 30
35 48 40
35 49 60
35 50 80
35 51 30
35 52 40
35 53 60
35 54 80
35 55 60
35 56 60
35 57 60
35 58 80
35 59 30
35 60 80
35 61 60
35 62 60
35 63 30
35 64 80
35 65 80
35 66 30
35 67 30
35 68 80
35 69 80
35 70 30
35 71 60
35 72 40
35 73 60
35 74 80
35 75 40
35 76 40
35 77 80
35 78 60
35 79 80
35 80 30
35 81 40
35 82 30
36 0 60
36 1 80
36 2 80
36 3 60
36 4 30
36 5 40
36 6 60
36 7 60
36 8 60
36 9 40
36 10 30
36 11 40
36 12 30
36 13 60
36 14 30
36 15 80
36 16 30
36 17 60
36 18 40
36 19 80
36 20 30
36 21 80
36 22 30
36 23 30
36 24 60
36 25 80
36 26 80
36 27 40
36 28 30
36 29 40
36 30 40
36 31 80
36 32 80
36 33 60
36 34 40
36 35 80
36 37 80
36 38 40
36 39 40
36 40 80
36 41 40
36 42 80
36 43 60
36 44 30
36 45 30
36 46 80
36 47 30
36 48 60
36 49 30
36 50 60
36 51 80
36 52 40
36 53 30
36 54 30
36 55 40
36 56 60
36 57 30
36 58 60
36 59 80
36 60 80
36 61 60
36 62 60
36 63 80
36 64 60
36 65 30
36 66 60
36 67 30
36 68 30
36 69 30
36 70 60
36 71 60
36 72 30
36 73 60
36 74 80
36 75 40
36 76 30
36 77 40
36 78 80
36 79 80
36 80 30
36 81 60
36 82 30
37 0 30
37 1 40
37 2 30
37 3 30
37 4 60
37 5 80
37 6 30
37 7 80
37 8 60
37 9 40
37 10 40
37 11 60
37 12 40
37 13 40
37 14 60
37 15 40
37 16 80
37 17 40
37 18 80
37 19 30
37 20 60
37 21 60
37 22 60
37 23 40
37 24 30
37 25 30
37 26 80
37 27 60
37 28 80
37 29 80
37 30 40
37 31 30
37 32 60
37 33 60
37 34 30
37 35 40
37 36 60
37 38 40
37 39 80
37 40 60
37 41 30
37 42 40
37 43 30
37 44 80
37 45 40
37 46 80
37 47 30
37 48 80
37 49 40
37 50 30
37 51 40
37 52 60
37 53 40
37 54 40
37 55 40
37 56 80
37 57 40
37 58 60
37 59 80
37 60 60
37 61 30
37 62 40
37 63 60
37 64 30
37 65 80
37 66 40
37 67 30
37 68 80
37 69 60
37 70 60
37 71 60
37 72 30
37 73 60
37 74 30
37 75 40
37 76 60
37 77 60
37 78 60
37 79 40
37 80 60
37 81 80
37 82 80
38 0 60
38 1 60
38 2 30
38 3 40
38 4 40
38 5 40
38 6 40
38 7 40
38 8 80
38 9 60
38 10 30
38 11 60
38 12 40
38 13 80
38 14 80
38 15 30
38 16 40
38 17 30
38 18 60
38 19 60
38 20 40
38 21 80
38 22 40
38 23 40
38 24 80
38 25 30
38 26 40
38 27 60
38 28 80
38 29 80
38 30 80
38 31 40
38 32 80
38 33 30
38 34 80
38 35 30
38 36 30
38 37 60
38 39 60
38 40 80
38 41 40
38 42 30
38 43 30
38 44 30
38 45 80
38 46 30
38 47 80
38 48 40
38 49 80
38 50 40
38 51 30
38 52 60
38 53 30
38 54 40
38 55 30
38 56 30
38 57 40
38 58 30
38 59 60
38 60 60
38 61 60
38 62 80
38 63 40
38 64 30
38 65 80
38 66 80
38 67 30
38 68 40
38 69 60
38 70 80
38 71 80
38 72 30
38 73 80
38 74 40
38 75 60
38 76 60
38 77 30
38 78 30
38 79 40
38 80 40
38 81 80
38 82 80
39 0 80
39 1 40
39 2 80
39 3 30
39 4 80
39 5 30
39 6 40
39 7 60
39 8 40
39 9 30
39 10 60
39 11 60
39 12 40
39 13 30
39 14 40
39 15 80
39 16 60
39 17 40
39 18 30
39 19 30
39 20 60
39 21 80
39 22 80
39 23 40
39 24 40
39 25 40
39 26 80
39 27 40
39 28 60
39 29 30
39 30 80
39 31 60
39 32 30
39 33 30
39 34 60
39 35 30
39 36 30
39 37 30
39 38 30
39 40 80
39 41 40
39 42 40
39 43 60
39 44 80
39 45 60
39 46 40
39 47 80
39 48 30
39 49 40
39 50 40
39 51 80
39 52 30
39 53 60
39 54 40
39 55 60
39 56 30
39 57 60
39 58 80
39 59 60
39 60 60
39 61 80
39 62 40
39 63 80
39 64 80
39 65 80
39 66 60
39 67 30
39 68 40
39 69 60
39 70 30
39 71 80
39 72 60
39 73 60
39 74 30
39 75 80
39 76 60
39 77 30
39 78 30
39 79 80
39 80 80
39 81 80
39 82 60
40 0 30
40 1 30
40 2 30
40 3 60
40 4 30
40 5 30
40 6 30
40 7 30
40 8 40
40 9 30
40 10 30
40 11 80
40 12 30
40 13 60
40 14 80
40 15 40
40 16 80
40 17 40
40 18 60
40 19 40
40 20 60
40 21 40
40 22 60
40 23 80
40 24 40
40 25 40
40 26 80
40 27 80
40 28 60
40 29 60
40 30 40
40 31 30
40 32 40
40 33 60
40 34 30
40 35 80
40 36 40
40 37 30
40 38 60
40 39 80
40 41 40
40 42 40
40 43 40
40 44 80
40 45 30
40 46 80
40 47 30
40 48 40
40 49 80
40 50 30
40 51 40
40 52 40
40 53 80
40 54 40
40 55 40
40 56 40
40 57 40
40 58 40
40 59 60
40 60 40
40 61 40
40 62 30
40 63 30
40 64 80
40 65 80
40 66 40
40 67 80
40 68 80
40 69 80
40 70 60
40 71 40
40 72 60
40 73 80
40 74 60
40 75 60
40 76 60
40 77 30
40 78 60
40 79 40
40 80 40
40 81 30
40 82 40
41 0 80
41 1 60
41 2 40
41 3 30
41 4 60
41 5 40
41 6 80
41 7 80
41 8 40
41 9 30
41 10 30
41 11 30
41 12 30
41 13 30
41 14 40
41 15 60
41 16 30
41 17 30
41 18 60
41 19 40
41 20 30
41 21 30
41 22 30
41 23 80
41 24 40
41 25 40
41 26 40
41 27 30
41 28 80
41 29 30
41 30 60
41 31 80
41 32 60
41 33 30
41 34 80
41 35 30
41 36 30
41 37 40
41 38 40
41 39 60
41 40 30
41 42 30
41 43 60
41 44 40
41 45 60
41 46 40
41 47 30
41 48 40
41 49 30
41 50 60
41 51 30
41 52 40
41 53 40
41 54 60
41 55 60
41 56 80
41 57 30
41 58 30
41 59 30
41 60 60
41 61 40
41 62 80
41 63 40
41 64 30
41 65 60
41 66 40
41 67 60
41 68 30
41 69 40
41 70 40
41 71 80
41 72 80
41 73 80
41 74 80
41 75 60
41 76 80
41 77 30
41 78 60
41 79 80
41 80 80
41 81 30
41 82 40
42 0 40
42 1 80
42 2 80
42 3 40
42 4 60
42 5 60
42 6 60
42 7 60
42 8 60
42 9 40
42 10 40
42 11 60
42 12 40
42 13 30
42 14 80
42 15 60
42 16 80
42 17 60
42 18 40
42 19 30
42 20 40
42 21 40
42 22 60
42 23 40
42 24 30
42 25 60
42 26 40
42 27 60
42 28 30
42 29 30
42 30 30
42 31 30
42 32 60
42 33 80
42 34 40
42 35 30
42 36 80
42 37 80
42 38 80
42 39 40
42 40 60
42 41 40
42 43 40
42 44 80
42 45 60
42 46 30
42 47 30
42 48 30
42 49 40
42 50 60
42 51 30
42 52 80
42 53 30
42 54 30
42 55 80
42 56 30
42 57 40
42 58 30
42 59 30
42 60 40
42 61 60
42 62 80
42 63 60
42 64 40
42 65 40
42 66 30
42 67 30
42 68 30
42 69 30
42 70 80
42 71 80
42 72 60
42 73 30
42 74 40
42 75 40
42 76 60
42 77 40
42 78 30
42 79 30
42 80 60
42 81 80
42 82 80
43 0 30
43 1 40
43 2 30
43 3 40
43 4 60
43 5 40
43 6 80
43 7 80
43 8 60
43 9 40
43 10 30
43 11 40
43 12 60
43 13 80
43 14 30
43 15 60
43 16 80
43 17 40
43 18 60
43 19 30
43 20 80
43 21 80
43 22 60
43 23 30
43 24 30
43 25 80
43 26 30
43 27 30
43 28 30
43 29 30
43 30 30
43 31 80
43 32 60
43 33 60
43 34 60
43 35 30
43 36 40
43 37 60
43 38 60
43 39 60
43 40 80
43 41 80
43 42 60
43 44 40
43 45 80
43 46 80
43 47 80
43 48 60
43 49 60
43 50 40
43 51 60
43 52 80
43 53 80
43 54 40
43 55 40
43 56 60
43 57 80
43 58 30
43 59 60
43 60 30
43 61 60
43 62 40
43 63 40
43 64 60
43 65 80
43 66 30
43 67 40
43 68 80
43 69 60
43 70 40
43 71 80
43 72 60
43 73 40
43 74 40
43 75 60
43 76 40
43 77 30
43 78 80
43 79 40
43 80 40
43 81 30
43 82 40
44 0 30
44 1 60
44 2 60
44 3 60
44 4 80
44 5 80
44 6 60
44 7 80
44 8 80
44 9 30
44 10 40
44 11 80
44 12 80
44 13 30
44 14 80
44 15 40
44 16 40
44 17 80
44 18 80
44 19 80
44 20 40
44 21 40
44 22 80
44 23 60
44 24 80
44 25 40
44 26 80
44 27 60
44 28 80
44 29 80
44 30 60
44 31 80
44 32 30
44 33 80
44 34 80
44 35 40
44 36 40
44 37 80
44 38 30
44 39 60
44 40 80
44 41 80
44 42 30
44 43 60
44 45 40
44 46 60
44 47 80
44 48 80
44 49 60
44 50 80
44 51 60
44 52 80
44 53 40
44 54 30
44 55 60
44 56 40
44 57 80
44 58 80
44 59 60
44 60 60
44 61 40
44 62 40
44 63 80
44 64 60
44 65 40
44 66 40
44 67 30
44 68 30
44 69 60
44 70 80
44 71 60
44 72 60
44 73 80
44 74 80
44 75 80
44 76 30
44 77 80
44 78 80
44 79 30
44 80 40
44 81 30
44 82 30
45 0 30
45 1 40
45 2 40
45 3 80
45 4 30
45 5 40
45 6 80
45 7 30
45 8 80
45 9 40
45 10 80
45 11 40
45 12 40
45 13 60
45 14 80
45 15 80
45 16 40
45 17 80
45 18 30
45 19 40
45 20 30
45 21 80
45 22 60
45 23 30
45 24 60
45 25 60
45 26 30
45 27 30
45 28 80
45 29 30
45 30 80
45 31 60
45 32 80
45 33 30
45 34 30
45 35 60
45 36 40
45 37 60
45 38 60
45 39 30
45 40 30
45 41 30
45 42 80
45 43 40
45 44 60
45 46 30
45 47 30
45 48 60
45 49 60
45 50 30
45 51 40
45 52 30
45 53 80
45 54 80
45 55 40
45 56 30
45 57 60
45 58 80
45 59 40
45 60 30
45 61 40
45 62 60
45 63 40
45 64 40
45 65 80
45 66 80
45 67 40
45 68 30
45 69 80
45 70 60
45 71 60
45 72 40
45 73 60
45 74 40
45 75 40
45 76 80
45 77 80
45 78 40
45 79 60
45 80 30
45 81 60
45 82 40
46 0 40
46 1 60
46 2 30
46 3 30
46 4 80
46 5 30
46 6 80
46 7 80
46 8 40
46 9 80
46 10 40
46 11 40
46 12 30
46 13 40
46 14 30
46 15 40
46 16 80
46 17 30
46 18 40
46 19 40
46 20 60
46 21 60
46 22 30
46 23 30
46 24 30
46 25 40
46 26 60
46 27 40
46 28 30
46 29 30
46 30 40
46 31 80
46 32 30
46 33 40
46 34 80
46 35 30
46 36 60
46 37 40
46 38 30
46 39 60
46 40 60
46 41 30
46 42 40
46 43 40
46 44 30
46 45 80
46 47 60
46 48 30
46 49 30
46 50 40
46 51 60
46 52 80
46 53 30
46 54 40
46 55 30
46 56 30
46 57 60
46 58 60
46 59 40
46 60 80
46 61 30
46 62 60
46 63 60
46 64 60
46 65 40
46 66 40
46 67 30
46 68 60
46 69 40
46 70 80
46 71 30
46 72 40
46 73 60
46 74 80
46 75 80
46 76 40
46 77 40
46 78 60
46 79 80
46 80 40
46 81 80
46 82 80
47 0 40
47 1 60
47 2 80
47 3 80
47 4 60
47 5 80
47 6 80
47 7 30
47 8 40
47 9 80
47 10 60
47 11 30
47 12 60
47 13 40
47 14 80
47 15 30
47 16 80
47 17 60
47 18 40
47 19 60
47 20 40
47 21 60
47 22 40
47 23 80
47 24 60
47 25 30
47 26 60
47 27 30
47 28 40
47 29 60
47 30 40
47 31 30
47 32 80
47 33 60
47 34 30
47 35 60
47 36 80
47 37 60
47 38 60
47 39 60
47 40 60
47 41 40
47 42 30
47 43 40
47 44 80
47 45 80
47 46 60
47 48 60
47 49 40
47 50 30
47 51 60
47 52 40
47 53 60
47 54 80
47 55 80
47 56 80
47 57 80
47 58 60
47 59 30
47 60 40
47 61 30
47 62 60
47 63 60
47 64 30
47 65 40
47 66 60
47 67 60
47 68 40
47 69 40
47 70 60
47 71 80
47 72 30
47 73 80
47 74 40
47 75 80
47 76 40
47 77 30
47 78 80
47 79 60
47 80 80
47 81 80
47 82 80
48 0 80
48 1 60
48 2 30
48 3 80
48 4 40
48 5 60
48 6 40
48 7 80
48 8 80
48 9 30
48 10 30
48 11 80
48 12 40
48 13 30
48 14 80
48 15 40
48 16 30
48 17 40
48 18 80
48 19 30
48 20 30
48 21 60
48 22 80
48 23 80
48 24 40
48 25 60
48 26 80
48 27 80
48 28 60
48 29 30
48 30 30
48 31 40
48 32 60
48 33 60
48 34 80
48 35 60
48 36 40
48 37 60
48 38 30
48 39 30
48 40 80
48 41 40
48 42 40
48 43 30
48 44 40
48 45 80
48 46 80
48 47 40
48 49 60
48 50 60
48 51 80
48 52 30
48 53 30
48 54 30
48 55 80
48 56 80
48 57 40
48 58 80
48 59 30
48 60 30
48 61 40
48 62 30
48 63 80
48 64 80
48 65 80
48 66 80
48 67 60
48 68 60
48 69 40
48 70 60
48 71 60
48 72 60
48 73 30
48 74 60
48 75 30
48 76 40
48 77 80
48 78 80
48 79 60
48 80 60
48 81 80
48 82 30
49 0 30
49 1 80
49 2 60
49 3 80
49 4 30
49 5 40
49 6 40
49 7 80
49 8 40
49 9 60
49 10 40
49 11 40
49 12 30
49 13 30
49 14 60
49 15 40
49 16 30
49 17 40
49 18 40
49 19 80
49 20 60
49 21 30
49 22 40
49 23 60
49 24 40
49 25 80
49 26 30
49 27 30
49 28 40
49 29 60
49 30 60
49 31 60
49 32 30
49 33 40
49 34 40
49 35 60
49 36 40
49 37 30
49 38 60
49 39 40
49 40 60
49 41 30
49 42 40
49 43 60
49 44 60
49 45 80
49 46 30
49 47 40
49 48 30
49 50 40
49 51 40
49 52 30
49 53 60
49 54 80
49 55 60
49 56 40
49 57 60
49 58 40
49 59 30
49 60 60
49 61 80
49 62 60
49 63 60
49 64 40
49 65 40
49 66 30
49 67 80
49 68 30
49 69 30
49 70 30
49 71 60
49 72 80
49 73 80
49 74 40
49 75 80
49 76 60
49 77 60
49 78 40
49 79 60
49 80 80
49 81 80
49 82 80
50 0 60
50 1 30
50 2 60
50 3 60
50 4 30
50 5 60
50 6 60
50 7 30
50 8 60
50 9 40
50 10 80
50 11 40
50 12 30
50 13 60
50 14 30
50 15 40
50 16 80
50 17 40
50 18 80
50 19 80
50 20 30
50 21 80
50 22 30
50 23 60
50 24 40
50 25 80
50 26 30
50 27 80
50 28 80
50 29 60
50 30 40
50 31 30
50 32 80
50 33 80
50 34 80
50 35 80
50 36 60
50 37 40
50 38 80
50 39 40
50 40 40
50 41 60
50 42 80
50 43 40
50 44 30
50 45 60
50 46 40
50 47 60
50 48 30
50 49 80
50 51 80
50 52 40
50 53 60
50 54 80
50 55 60
50 56 60
50 57 80
50 58 80
50 59 40
50 60 30
50 61 40
50 62 40
50 63 60
50 64 80
50 65 30
50 66 40
50 67 40
50 68 80
50 69 60
50 70 60
50 71 60
50 72 60
50 73 30
50 74 80
50 75 60
50 76 60
50 77 80
50 78 30
50 79 40
50 80 30
50 81 40
50 82 30
51 0 60
51 1 80
51 2 60
51 3 30
51 4 60
51 5 30
51 6 40
51 7 80
51 8 30
51 9 80
51 10 60
51 11 30
51 12 30
51 13 60
51 14 40
51 15 60
51 16 60
51 17 60
51 18 40
51 19 40
51 20 80
51 21 60
51 22 30
51 23 30
51 24 40
51 25 40
51 26 60
51 27 80
51 28 80
51 29 40
51 30 30
51 31 30
51 32 40
51 33 40
51 34 40
51 35 60
51 36 30
51 37 60
51 38 30
51 39 60
51 40 40
51 41 60
51 42 60
51 43 60
51 44 30
51 45 40
51 46 60
51 47 60
51 48 80
51 49 80
51 50 30
51 52 80
51 53 80
51 54 60
51 55 60
51 56 40
51 57 30
51 58 80
51 59 30
51 60 80
51 61 40
51 62 30
51 63 40
51 64 30
51 65 80
51 66 40
51 67 40
51 68 60
51 69 30
51 70 80
51 71 80
51 72 60
51 73 60
51 74 80
51 75 60
51 76 80
51 77 60
51 78 80
51 79 80
51 80 30
51 81 30
51 82 30
52 0 30
52 1 40
52 2 80
52 3 30
52 4 60
52 5 80
52 6 80
52 7 30
52 8 60
52 9 80
52 10 60
52 11 80
52 12 80
52 13 60
52 14 40
52 15 80
52 16 30
52 17 40
52 18 30
52 19 80
52 20 30
52 21 60
52 22 40
52 23 40
52 24 80
52 25 40
52 26 40
52 27 40
52 28 30
52 29 60
52 30 60
52 31 80
52 32 80
52 33 30
52 34 40
52 35 60
52 36 30
52 37 30
52 38 80
52 39 40
52 40 30
52 41 60
52 42 60
52 43 30
52 44 60
52 45 60
52 46 60
52 47 40
52 48 80
52 49 60
52 50 60
52 51 80
52 53 30
52 54 80
52 55 60
52 56 80
52 57 60
52 58 80
52 59 60
52 60 60
52 61 60
52 62 40
52 63 60
52 64 60
52 65 80
52 66 30
52 67 60
52 68 60
52 69 30
52 70 40
52 71 60
52 72 40
52 73 30
52 74 30
52 75 40
52 76 30
52 77 30
52 78 30
52 79 40
52 80 60
52 81 80
52 82 60
53 0 80
53 1 60
53 2 40
53 3 80
53 4 80
53 5 30
53 6 30
53 7 30
53 8 60
53 9 80
53 10 30
53 11 80
53 12 80
53 13 30
53 14 40
53 15 80
53 16 30
53 17 60
53 18 80
53 19 30
53 20 80
53 21 60
53 22 30
53 23 30
53 24 30
53 25 40
53 26 40
53 27 80
53 28 60
53 29 60
53 30 40
53 31 30
53 32 80
53 33 60
53 34 30
53 35 30
53 36 60
53 37 40
53 38 30
53 39 30
53 40 30
53 41 30
53 42 30
53 43 60
53 44 40
53 45 80
53 46 80
53 47 40
53 48 30
53 49 40
53 50 80
53 51 60
53 52 80
53 54 80
53 55 40
53 56 60
53 57 30
53 58 60
53 59 40
53 60 40
53 61 30
53 62 40
53 63 60
53 64 60
53 65 80
53 66 80
53 67 60
53 68 40
53 69 80
53 70 30
53 71 30
53 72 40
53 73 30
53 74 60
53 75 60
53 76 60
53 77 80
53 78 30
53 79 80
53 80 80
53 81 40
53 82 30
54 0 30
54 1 80
54 2 40
54 3 40
54 4 30
54 5 30
54 6 60
54 7 60
54 8 60
54 9 60
54 10 40
54 11 60
54 12 30
54 13 80
54 14 60
54 15 40
54 16 40
54 17 80
54 18 60
54 19 60
54 20 80
54 21 80
54 22 80
54 23 80
54 24 40
54 25 60
54 26 60
54 27 40
54 28 60
54 29 80
54 30 80
54 31 80
54 32 60
54 33 80
54 34 30
54 35 80
54 36 40
54 37 40
54 38 30
54 39 80
54 40 40
54 41 80
54 42 60
54 43 80
54 44 40
54 45 80
54 46 40
54 47 60
54 48 30
54 49 30
54 50 60
54 51 80
54 52 80
54 53 30
54 55 40
54 56 80
54 57 40
54 58 40
54 59 80
54 60 60
54 61 60
54 62 40
54 63 80
54 64 40
54 65 30
54 66 40
54 67 40
54 68 80
54 69 30
54 70 60
54 71 80
54 72 30
54 73 80
54 74 80
54 75 60
54 76 40
54 77 30
54 78 40
54 79 40
54 80 40
54 81 80
54 82 40
55 0 30
55 1 30
55 2 30
55 3 80
55 4 30
55 5 40
55 6 80
55 7 40
55 8 80
55 9 60
55 10 40
55 11 30
55 12 40
55 13 80
55 14 30
55 15 40
55 16 80
55 17 60
55 18 30
55 19 60
55 20 60
55 21 40
55 22 80
55 23 30
55 24 40
55 25 60
55 26 60
55 27 40
55 28 30
55 29 60
55 30 30
55 31 60
55 32 40
55 33 30
55 34 80
55 35 30
55 36 40
55 37 60
55 38 40
55 39 60
55 40 30
55 41 30
55 42 60
55 43 30
55 44 60
55 45 40
55 46 80
55 47 40
55 48 60
55 49 60
55 50 30
55 51 60
55 52 60
55 53 60
55 54 40
55 56 30
55 57 60
55 58 80
55 59 80
55 60 60
55 61 30
55 62 60
55 63 30
55 64 60
55 65 60
55 66 80
55 67 80
55 68 40
55 69 60
55 70 40
55 71 60
55 72 40
55 73 40
55 74 40
55 75 40
55 76 30
55 77 30
55 78 40
55 79 40
55 80 60
55 81 60
55 82 30
56 0 30
56 1 40
56 2 30
56 3 60
56 4 30
56 5 80
56 6 60
56 7 60
56 8 60
56 9 40
56 10 30
56 11 40
56 12 80
56 13 60
56 14 30
56 15 40
56 16 60
56 17 80
56 18 60
56 19 60
56 20 40
56 21 60
56 22 40
56 23 80
56 24 60
56 25 80
56 26 40
56 27 80
56 28 40
56 29 30
56 30 30
56 31 40
56 32 30
56 33 30
56 34 40
56 35 40
56 36 80
56 37 30
56 38 60
56 39 40
56 40 30
56 41 30
56 42 30
56 43 80
56 44 80
56 45 60
56 46 80
56 47 80
56 48 40
56 49 40
56 50 40
56 51 40
56 52 30
56 53 60
56 54 80
56 55 80
56 57 80
56 58 80
56 59 40
56 60 40
56 61 40
56 62 80
56 63 80
56 64 40
56 65 60
56 66 40
56 67 80
56 68 30
56 69 30
56 70 40
56 71 60
56 72 30
56 73 40
56 74 40
56 75 60
56 76 30
56 77 40
56 78 80
56 79 60
56 80 80
56 81 30
56 82 80
57 0 40
57 1 60
57 2 40
57 3 30
57 4 60
57 5 60
57 6 40
57 7 80
57 8 60
57 9 60
57 10 60
57 11 40
57 12 30
57 13 40
57 14 40
57 15 80
57 16 40
57 17 60
57 18 40
57 19 60
57 20 80
57 21 40
57 22 30
57 23 30
57 24 80
57 25 60
57 26 60
57 27 80
57 28 80
57 29 80
57 30 60
57 31 30
57 32 30
57 33 40
57 34 60
57 35 30
57 36 40
57 37 80
57 38 40
57 39 40
57 40 60
57 41 30
57 42 80
57 43 30
57 44 30
57 45 30
57 46 60
57 47 40
57 48 80
57 49 40
57 50 60
57 51 30
57 52 80
57 53 80
57 54 40
57 55 30
57 56 40
57 58 60
57 59 40
57 60 40
57 61 40
57 62 60
57 63 40
57 64 80
57 65 30
57 66 30
57 67 60
57 68 40
57 69 40
57 70 30
57 71 30
57 72 40
57 73 30
57 74 40
57 75 40
57 76 30
57 77 30
57 78 40
57 79 40
57 80 60
57 81 40
57 82 30
58 0 60
58 1 80
58 2 80
58 3 30
58 4 80
58 5 30
58 6 80
58 7 80
58 8 30
58 9 40
58 10 80
58 11 30
58 12 60
58 13 40
58 14 30
58 15 40
58 16 60
58 17 80
58 18 40
58 19 40
58 20 30
58 21 30
58 22 40
58 23 30
58 24 80
58 25 80
58 26 80
58 27 40
58 28 40
58 29 60
58 30 60
58 31 30
58 32 30
58 33 40
58 34 80
58 35 60
58 36 40
58 37 40
58 38 60
58 39 30
58 40 30
58 41 60
58 42 30
58 43 30
58 44 60
58 45 40
58 46 60
58 47 80
58 48 60
58 49 80
58 50 80
58 51 40
58 52 30
58 53 60
58 54 30
58 55 60
58 56 30
58 57 60
58 59 30
58 60 60
58 61 80
58 62 30
58 63 60
58 64 40
58 65 60
58 66 30
58 67 60
58 68 30
58 69 60
58 70 40
58 71 60
58 72 40
58 73 30
58 74 30
58 75 80
58 76 60
58 77 60
58 78 80
58 79 30
58 80 60
58 81 60
58 82 40
59 0 30
59 1 40
59 2 80
59 3 60
59 4 60
59 5 80
59 6 30
59 7 60
59 8 60
59 9 40
59 10 30
59 11 60
59 12 30
59 13 80
59 14 60
59 15 60
59 16 30
59 17 30
59 18 30
59 19 60
59 20 40
59 21 60
59 22 40
59 23 80
59 24 80
59 25 30
59 26 40
59 27 30
59 28 80
59 29 40
59 30 80
59 31 30
59 32 80
59 33 60
59 34 30
59 35 30
59 36 60
59 37 80
59 38 60
59 39 60
59 40 30
59 41 60
59 42 60
59 43 60
59 44 30
59 45 30
59 46 30
59 47 60
59 48 60
59 49 30
59 50 60
59 51 60
59 52 40
59 53 60
59 54 80
59 55 80
59 56 30
59 57 40
59 58 80
59 60 40
59 61 30
59 62 80
59 63 30
59 64 30
59 65 80
59 66 40
59 67 30
59 68 30
59 69 30
59 70 40
59 71 30
59 72 30
59 73 30
59 74 30
59 75 30
59 76 30
59 77 80
59 78 60
59 79 40
59 80 60
59 81 40
59 82 60
60 0 80
60 1 40
60 2 30
60 3 60
60 4 80
60 5 80
60 6 30
60 7 30
60 8 40
60 9 30
60 10 40
60 11 80
60 12 40
60 13 80
60 14 40
60 15 30
60 16 60
60 17 60
60 18 40
60 19 80
60 20 30
60 21 30
60 22 60
60 23 30
60 24 40
60 25 60
60 26 40
60 27 80
60 28 30
60 29 80
60 30 60
60 31 60
60 32 40
60 33 40
60 34 30
60 35 60
60 36 60
60 37 30
60 38 40
60 39 30
60 40 80
60 41 80
60 42 60
60 43 40
60 44 80
60 45 30
60 46 30
60 47 30
60 48 80
60 49 30
60 50 40
60 51 60
60 52 60
60 53 80
60 54 30
60 55 60
60 56 40
60 57 60
60 58 80
60 59 80
60 61 40
60 62 80
60 63 40
60 64 30
60 65 80
60 66 60
60 67 40
60 68 60
60 69 30
60 70 30
60 71 80
60 72 40
60 73 30
60 74 60
60 75 80
60 76 30
60 77 80
60 78 60
60 79 40
60 80 80
60 81 40
60 82 30
61 0 80
61 1 40
61 2 40
61 3 80
61 4 80
61 5 80
61 6 30
61 7 30
61 8 30
61 9 60
61 10 60
61 11 30
61 12 30
61 13 40
61 14 30
61 15 60
61 16 60
61 17 60
61 18 30
61 19 40
61 20 30
61 21 30
61 22 60
61 23 40
61 24 60
61 25 80
61 26 60
61 27 30
61 28 60
61 29 60
61 30 60
61 31 30
61 32 60
61 33 30
61 34 40
61 35 80
61 36 60
61 37 80
61 38 30
61 39 40
61 40 30
61 41 30
61 42 80
61 43 60
61 44 40
61 45 30
61 46 40
61 47 40
61 48 60
61 49 60
61 50 80
61 51 40
61 52 30
61 53 30
61 54 60
61 55 80
61 56 60
61 57 80
61 58 40
61 59 80
61 60 40
61 62 80
61 63 60
61 64 60
61 65 30
61 66 80
61 67 60
61 68 80
61 69 80
61 70 60
61 71 40
61 72 40
61 73 40
61 74 60
61 75 30
61 76 80
61 77 30
61 78 40
61 79 40
61 80 60
61 81 80
61 82 40
62 0 40
62 1 80
62 2 40
62 3 40
62 4 40
62 5 80
62 6 30
62 7 60
62 8 80
62 9 40
62 10 40
62 11 40
62 12 30
62 13 40
62 14 60
62 15 60
62 16 60
62 17 40
62 18 30
62 19 30
62 20 40
62 21 30
62 22 40
62 23 80
62 24 60
62 25 30
62 26 30
62 27 40
62 28 40
62 29 30
62 30 30
62 31 80
62 32 40
62 33 60
62 34 40
62 35 60
62 36 60
62 37 40
62 38 60
62 39 40
62 40 40
62 41 80
62 42 30
62 43 30
62 44 60
62 45 40
62 46 40
62 47 80
62 48 60
62 49 60
62 50 80
62 51 30
62 52 30
62 53 30
62 54 80
62 55 80
62 56 40
62 57 80
62 58 80
62 59 80
62 60 60
62 61 80
62 63 60
62 64 30
62 65 30
62 66 40
62 67 60
62 68 40
62 69 30
62 70 30
62 71 60
62 72 80
62 73 60
62 74 60
62 75 80
62 76 30
62 77 40
62 78 30
62 79 30
62 80 40
62 81 80
62 82 60
63 0 80
63 1 40
63 2 40
63 3 80
63 4 80
63 5 40
63 6 80
63 7 60
63 8 30
63 9 60
63 10 80
63 11 80
63 12 60
63 13 30
63 14 80
63 15 60
63 16 60
63 17 80
63 18 60
63 19 30
63 20 40
63 21 40
63 22 60
63 23 40
63 24 60
63 25 80
63 26 30
63 27 60
63 28 40
63 29 60
63 30 60
63 31 60
63 32 30
63 33 30
63 34 30
63 35 60
63 36 80
63 37 80
63 38 60
63 39 60
63 40 30
63 41 60
63 42 40
63 43 40
63 44 80
63 45 40
63 46 60
63 47 40
63 48 80
63 49 80
63 50 80
63 51 40
63 52 40
63 53 80
63 54 60
63 55 40
63 56 60
63 57 60
63 58 30
63 59 60
63 60 60
63 61 60
63 62 40
63 64 30
63 65 40
63 66 60
63 67 30
63 68 60
63 69 40
63 70 60
63 71 30
63 72 80
63 73 60
63 74 30
63 75 60
63 76 40
63 77 30
63 78 60
63 79 30
63 80 80
63 81 40
63 82 60
64 0 40
64 1 80
64 2 40
64 3 80
64 4 30
64 5 80
64 6 60
64 7 40
64 8 30
64 9 40
64 10 60
64 11 30
64 12 60
64 13 60
64 14 40
64 15 40
64 16 60
64 17 30
64 18 60
64 19 60
64 20 80
64 21 30
64 22 30
64 23 40
64 24 30
64 25 40
64 26 40
64 27 80
64 28 60
64 29 30
64 30 30
64 31 80
64 32 60
64 33 40
64 34 60
64 35 30
64 36 80
64 37 30
64 38 30
64 39 60
64 40 60
64 41 80
64 42 60
64 43 80
64 44 30
64 45 80
64 46 80
64 47 60
64 48 60
64 49 80
64 50 60
64 51 40
64 52 60
64 53 30
64 54 80
64 55 80
64 56 80
64 57 30
64 58 60
64 59 60
64 60 80
64 61 80
64 62 30
64 63 30
64 65 60
64 66 80
64 67 40
64 68 30
64 69 30
64 70 60
64 71 60
64 72 60
64 73 30
64 74 40
64 75 80
64 76 60
64 77 30
64 78 80
64 79 30
64 80 60
64 81 60
64 82 60
65 0 80
65 1 60
65 2 40
65 3 80
65 4 40
65 5 40
65 6 60
65 7 60
65 8 30
65 9 80
65 10 30
65 11 30
65 12 60
65 13 60
65 14 30
65 15 40
65 16 80
65 17 30
65 18 40
65 19 30
65 20 40
65 21 30
65 22 80
65 23 80
65 24 40
65 25 60
65 26 30
65 27 40
65 28 30
65 29 80
65 30 40
65 31 80
65 32 40
65 33 40
65 34 30
65 35 80
65 36 40
65 37 40
65 38 30
65 39 30
65 40 60
65 41 30
65 42 40
65 43 80
65 44 80
65 45 60
65 46 40
65 47 80
65 48 30
65 49 60
65 50 80
65 51 80
65 52 30
65 53 80
65 54 30
65 55 80
65 56 30
65 57 40
65 58 80
65 59 40
65 60 80
65 61 80
65 62 80
65 63 60
65 64 40
65 66 30
65 67 40
65 68 30
65 69 80
65 70 60
65 71 80
65 72 60
65 73 80
65 74 40
65 75 80
65 76 60
65 77 60
65 78 40
65 79 60
65 80 60
65 81 40
65 82 80
66 0 80
66 1 30
66 2 60
66 3 40
66 4 80
66 5 80
66 6 80
66 7 60
66 8 80
66 9 40
66 10 40
66 11 60
66 12 60
66 13 60
66 14 60
66 15 80
66 16 80
66 17 60
66 18 80
66 19 30
66 20 40
66 21 40
66 22 60
66 23 60
66 24 40
66 25 30
66 26 30
66 27 60
66 28 40
66 29 40
66 30 40
66 31 60
66 32 40
66 33 80
66 34 40
66 35 60
66 36 30
66 37 40
66 38 60
66 39 60
66 40 60
66 41 40
66 42 30
66 43 40
66 44 30
66 45 30
66 46 40
66 47 80
66 48 30
66 49 60
66 50 80
66 51 60
66 52 30
66 53 80
66 54 60
66 55 30
66 56 30
66 57 60
66 58 80
66 59 60
66 60 40
66 61 30
66 62 40
66 63 40
66 64 80
66 65 80
66 67 40
66 68 60
66 69 60
66 70 40
66 71 80
66 72 80
66 73 60
66 74 80
66 75 60
66 76 30
66 77 80
66 78 60
66 79 40
66 80 60
66 81 40
66 82 60
67 0 30
67 1 40
67 2 40
67 3 40
67 4 40
67 5 40
67 6 40
67 7 80
67 8 60
67 9 30
67 10 30
67 11 40
67 12 30
67 13 60
67 14 80
67 15 60
67 16 40
67 17 60
67 18 40
67 19 60
67 20 80
67 21 40
67 22 40
67 23 40
67 24 30
67 25 30
67 26 30
67 27 30
67 28 30
67 29 80
67 30 60
67 31 40
67 32 30
67 33 30
67 34 60
67 35 60
67 36 60
67 37 60
67 38 40
67 39 80
67 40 80
67 41 80
67 42 80
67 43 60
67 44 30
67 45 40
67 46 30
67 47 40
67 48 30
67 49 30
67 50 60
67 51 40
67 52 40
67 53 40
67 54 80
67 55 30
67 56 60
67 57 60
67 58 80
67 59 30
67 60 60
67 61 60
67 62 40
67 63 60
67 64 60
67 65 60
67 66 40
67 68 80
67 69 30
67 70 80
67 71 80
67 72 60
67 73 80
67 74 40
67 75 30
67 76 60
67 77 60
67 78 40
67 79 40
67 80 80
67 81 80
67 82 60
68 0 30
68 1 30
68 2 80
68 3 60
68 4 40
68 5 30
68 6 40
68 7 80
68 8 30
68 9 40
68 10 60
68 11 60
68 12 30
68 13 30
68 14 80
68 15 30
68 16 40
68 17 60
68 18 30
68 19 80
68 20 60
68 21 80
68 22 40
68 23 80
68 24 60
68 25 30
68 26 80
68 27 60
68 28 60
68 29 30
68 30 60
68 31 60
68 32 30
68 33 60
68 34 60
68 35 80
68 36 40
68 37 80
68 38 80
68 39 80
68 40 80
68 41 40
68 42 80
68 43 30
68 44 60
68 45 80
68 46 30
68 47 60
68 48 80
68 49 60
68 50 80
68 51 60
68 52 40
68 53 60
68 54 40
68 55 40
68 56 60
68 57 60
68 58 80
68 59 80
68 60 40
68 61 40
68 62 30
68 63 30
68 64 60
68 65 30
68 66 80
68 67 80
68 69 60
68 70 80
68 71 80
68 72 80
68 73 80
68 74 80
68 75 40
68 76 30
68 77 30
68 78 60
68 79 60
68 80 30
68 81 60
68 82 30
69 0 80
69 1 30
69 2 80
69 3 80
69 4 40
69 5 80
69 6 30
69 7 40
69 8 30
69 9 30
69 10 60
69 11 30
69 12 80
69 13 60
69 14 40
69 15 60
69 16 60
69 17 30
69 18 80
69 19 30
69 20 60
69 21 60
69 22 80
69 23 40
69 24 40
69 25 30
69 26 60
69 27 40
69 28 40
69 29 30
69 30 80
69 31 60
69 32 30
69 33 30
69 34 40
69 35 80
69 36 30
69 37 80
69 38 80
69 39 80
69 40 30
69 41 60
69 42 30
69 43 80
69 44 40
69 45 60
69 46 80
69 47 30
69 48 80
69 49 30
69 50 80
69 51 60
69 52 60
69 53 30
69 54 30
69 55 40
69 56 40
69 57 30
69 58 60
69 59 30
69 60 30
69 61 40
69 62 40
69 63 80
69 64 60
69 65 30
69 66 40
69 67 30
69 68 80
69 70 80
69 71 30
69 72 40
69 73 80
69 74 40
69 75 40
69 76 40
69 77 40
69 78 40
69 79 30
69 80 40
69 81 30
69 82 30
70 0 60
70 1 60
70 2 60
70 3 60
70 4 30
70 5 30
70 6 80
70 7 80
70 8 40
70 9 60
70 10 30
70 11 60
70 12 80
70 13 40
70 14 40
70 15 60
70 16 60
70 17 60
70 18 80
70 19 30
70 20 80
70 21 80
70 22 60
70 23 80
70 24 60
70 25 80
70 26 80
70 27 40
70 28 30
70 29 40
70 30 40
70 31 30
70 32 80
70 33 60
70 34 30
70 35 80
70 36 30
70 37 40
70 38 80
70 39 40
70 40 30
70 41 60
70 42 80
70 43 80
70 44 80
70 45 60
70 46 60
70 47 80
70 48 30
70 49 40
70 50 60
70 51 80
70 52 30
70 53 60
70 54 80
70 55 60
70 56 80
70 57 40
70 58 80
70 59 80
70 60 30
70 61 40
70 62 30
70 63 80
70 64 60
70 65 60
70 66 30
70 67 60
70 68 60
70 69 30
70 71 80
70 72 40
70 73 30
70 74 80
70 75 30
70 76 60
70 77 60
70 78 40
70 79 30
70 80 40
70 81 60
70 82 60
71 0 40
71 1 40
71 2 80
71 3 60
71 4 30
71 5 60
71 6 80
71 7 60
71 8 40
71 9 80
71 10 30
71 11 30
71 12 60
71 13 80
71 14 80
71 15 60
71 16 60
71 17 30
71 18 80
71 19 60
71 20 40
71 21 40
71 22 30
71 23 30
71 24 80
71 25 30
71 26 30
71 27 60
71 28 40
71 29 30
71 30 80
71 31 80
71 32 30
71 33 30
71 34 80
71 35 40
71 36 80
71 37 60
71 38 80
71 39 40
71 40 80
71 41 40
71 42 80
71 43 80
71 44 60
71 45 30
71 46 60
71 47 30
71 48 30
71 49 40
71 50 30
71 51 40
71 52 40
71 53 80
71 54 30
71 55 60
71 56 80
71 57 30
71 58 30
71 59 60
71 60 60
71 61 80
71 62 30
71 63 40
71 64 30
71 65 80
71 66 60
71 67 30
71 68 80
71 69 40
71 70 60
71 72 30
71 73 40
71 74 40
71 75 40
71 76 80
71 77 40
71 78 30
71 79 60
71 80 60
71 81 60
71 82 40
72 0 80
72 1 40
72 2 40
72 3 80
72 4 60
72 5 30
72 6 30
72 7 30
72 8 60
72 9 80
72 10 60
72 11 80
72 12 30
72 13 30
72 14 60
72 15 80
72 16 80
72 17 60
72 18 40
72 19 60
72 20 60
72 21 80
72 22 30
72 23 40
72 24 60
72 25 40
72 26 40
72 27 60
72 28 30
72 29 30
72 30 40
72 31 30
72 32 80
72 33 40
72 34 40
72 35 40
72 36 40
72 37 60
72 38 30
72 39 40
72 40 30
72 41 80
72 42 40
72 43 30
72 44 40
72 45 30
72 46 80
72 47 30
72 48 30
72 49 40
72 50 80
72 51 30
72 52 60
72 53 60
72 54 40
72 55 40
72 56 60
72 57 80
72 58 30
72 59 30
72 60 30
72 61 60
72 62 30
72 63 80
72 64 30
72 65 60
72 66 30
72 67 80
72 68 60
72 69 30
72 70 60
72 71 60
72 73 30
72 74 80
72 75 80
72 76 60
72 77 60
72 78 80
72 79 60
72 80 80
72 81 40
72 82 60
73 0 40
73 1 80
73 2 80
73 3 80
73 4 40
73 5 40
73 6 80
73 7 40
73 8 30
73 9 40
73 10 60
73 11 30
73 12 60
73 13 30
73 14 30
73 15 40
73 16 40
73 17 80
73 18 40
73 19 80
73 20 30
73 21 40
73 22 80
73 23 80
73 24 80
73 25 80
73 26 30
73 27 60
73 28 60
73 29 60
73 30 30
73 31 30
73 32 60
73 33 30
73 34 60
73 35 60
73 36 60
73 37 40
73 38 60
73 39 40
73 40 30
73 41 60
73 42 30
73 43 60
73 44 60
73 45 60
73 46 80
73 47 60
73 48 60
73 49 30
73 50 40
73 51 60
73 52 40
73 53 30
73 54 80
73 55 30
73 56 40
73 57 30
73 58 40
73 59 80
73 60 60
73 61 40
73 62 80
73 63 40
73 64 30
73 65 40
73 66 80
73 67 40
73 68 60
73 69 40
73 70 30
73 71 40
73 72 30
73 74 60
73 75 80
73 76 60
73 77 40
73 78 80
73 79 30
73 80 80
73 81 40
73 82 80
74 0 60
74 1 80
74 2 30
74 3 80
74 4 60
74 5 40
74 6 60
74 7 80
74 8 60
74 9 40
74 10 60
74 11 80
74 12 40
74 13 40
74 14 30
74 15 80
74 16 80
74 17 80
74 18 60
74 19 80
74 20 60
74 21 60
74 22 40
74 23 60
74 24 40
74 25 80
74 26 30
74 27 40
74 28 60
74 29 60
74 30 80
74 31 80
74 32 60
74 33 30
74 34 30
74 35 60
74 36 30
74 37 40
74 38 40
74 39 40
74 40 40
74 41 80
74 42 30
74 43 40
74 44 30
74 45 30
74 46 80
74 47 40
74 48 40
74 49 30
74 50 40
74 51 80
74 52 60
74 53 30
74 54 30
74 55 40
74 56 80
74 57 30
74 58 80
74 59 40
74 60 40
74 61 40
74 62 40
74 63 60
74 64 60
74 65 60
74 66 60
74 67 80
74 68 40
74 69 80
74 70 80
74 71 80
74 72 60
74 73 30
74 75 40
74 76 80
74 77 40
74 78 80
74 79 40
74 80 60
74 81 60
74 82 30
75 0 80
75 1 80
75 2 30
75 3 60
75 4 80
75 5 30
75 6 30
75 7 30
75 8 40
75 9 60
75 10 60
75 11 40
75 12 60
75 13 60
75 14 30
75 15 80
75 16 40
75 17 60
75 18 30
75 19 30
75 20 30
75 21 40
75 22 30
75 23 80
75 24 40
75 25 40
75 26 30
75 27 40
75 28 30
75 29 40
75 30 30
75 31 60
75 32 80
75 33 60
75 34 60
75 35 40
75 36 40
75 37 30
75 38 30
75 39 40
75 40 40
75 41 80
75 42 30
75 43 80
75 44 30
75 45 80
75 46 60
75 47 60
75 48 80
75 49 60
75 50 40
75 51 80
75 52 30
75 53 80
75 54 80
75 55 40
75 56 40
75 57 80
75 58 80
75 59 30
75 60 30
75 61 80
75 62 30
75 63 30
75 64 30
75 65 40
75 66 40
75 67 80
75 68 60
75 69 80
75 70 80
75 71 60
75 72 60
75 73 60
75 74 30
75 76 80
75 77 60
75 78 40
75 79 30
75 80 80
75 81 40
75 82 60
76 0 60
76 1 40
76 2 40
76 3 30
76 4 40
76 5 40
76 6 80
76 7 60
76 8 40
76 9 40
76 10 60
76 11 40
76 12 60
76 13 40
76 14 60
76 15 60
76 16 60
76 17 40
76 18 80
76 19 80
76 20 60
76 21 30
76 22 60
76 23 60
76 24 40
76 25 30
76 26 30
76 27 60
76 28 30
76 29 60
76 30 40
76 31 30
76 32 60
76 33 40
76 34 80
76 35 60
76 36 30
76 37 40
76 38 30
76 39 60
76 40 30
76 41 30
76 42 60
76 43 40
76 44 30
76 45 60
76 46 40
76 47 60
76 48 80
76 49 30
76 50 30
76 51 60
76 52 30
76 53 80
76 54 30
76 55 40
76 56 40
76 57 40
76 58 40
76 59 80
76 60 60
76 61 60
76 62 40
76 63 80
76 64 60
76 65 80
76 66 30
76 67 80
76 68 40
76 69 80
76 70 30
76 71 80
76 72 30
76 73 30
76 74 60
76 75 60
76 77 60
76 78 40
76 79 60
76 80 60
76 81 80
76 82 40
77 0 60
77 1 30
77 2 60
77 3 30
77 4 60
77 5 60
77 6 30
77 7 30
77 8 80
77 9 30
77 10 30
77 11 60
77 12 80
77 13 60
77 14 40
77 15 40
77 16 60
77 17 40
77 18 80
77 19 80
77 20 60
77 21 60
77 22 30
77 23 80
77 24 30
77 25 40
77 26 60
77 27 80
77 28 80
77 29 40
77 30 40
77 31 60
77 32 60
77 33 30
77 34 80
77 35 30
77 36 80
77 37 80
77 38 60
77 39 30
77 40 60
77 41 60
77 42 80
77 43 60
77 44 30
77 45 80
77 46 30
77 47 80
77 48 30
77 49 40
77 50 30
77 51 60
77 52 40
77 53 60
77 54 40
77 55 30
77 56 60
77 57 40
77 58 30
77 59 30
77 60 60
77 61 80
77 62 80
77 63 60
77 64 30
77 65 60
77 66 60
77 67 80
77 68 80
77 69 60
77 70 60
77 71 30
77 72 40
77 73 60
77 74 80
77 75 80
77 76 80
77 78 80
77 79 80
77 80 60
77 81 30
77 82 30
78 0 30
78 1 60
78 2 80
78 3 40
78 4 40
78 5 80
78 6 40
78 7 30
78 8 80
78 9 30
78 10 80
78 11 80
78 12 40
78 13 80
78 14 40
78 15 40
78 16 40
78 17 80
78 18 60
78 19 80
78 20 60
78 21 60
78 22 30
78 23 30
78 24 30
78 25 30
78 26 30
78 27 60
78 28 40
78 29 40
78 30 40
78 31 80
78 32 60
78 33 40
78 34 60
78 35 80
78 36 40
78 37 30
78 38 80
78 39 40
78 40 30
78 41 80
78 42 30
78 43 30
78 44 80
78 45 80
78 46 60
78 47 30
78 48 40
78 49 80
78 50 40
78 51 40
78 52 80
78 53 60
78 54 40
78 55 30
78 56 80
78 57 60
78 58 40
78 59 60
78 60 60
78 61 60
78 62 40
78 63 80
78 64 40
78 65 60
78 66 60
78 67 40
78 68 40
78 69 40
78 70 40
78 71 60
78 72 80
78 73 30
78 74 80
78 75 40
78 76 40
78 77 40
78 79 80
78 80 80
78 81 40
78 82 80
79 0 40
79 1 40
79 2 30
79 3 80
79 4 60
79 5 80
79 6 80
79 7 60
79 8 80
79 9 40
79 10 40
79 11 60
79 12 60
79 13 30
79 14 80
79 15 40
79 16 80
79 17 40
79 18 80
79 19 40
79 20 80
79 21 60
79 22 60
79 23 40
79 24 80
79 25 30
79 26 40
79 27 80
79 28 60
79 29 40
79 30 80
79 31 80
79 32 40
79 33 30
79 34 80
79 35 60
79 36 60
79 37 40
79 38 80
79 39 30
79 40 40
79 41 30
79 42 30
79 43 80
79 44 30
79 45 40
79 46 40
79 47 40
79 48 60
79 49 30
79 50 80
79 51 40
79 52 30
79 53 30
79 54 60
79 55 40
79 56 60
79 57 40
79 58 60
79 59 30
79 60 80
79 61 30
79 62 60
79 63 40
79 64 40
79 65 40
79 66 30
79 67 80
79 68 30
79 69 30
79 70 30
79 71 80
79 72 80
79 73 30
79 74 30
79 75 30
79 76 80
79 77 40
79 78 30
79 80 30
79 81 80
79 82 60
80 0 80
80 1 60
80 2 40
80 3 60
80 4 80
80 5 30
80 6 60
80 7 60
80 8 30
80 9 80
80 10 40
80 11 40
80 12 60
80 13 40
80 14 60
80 15 30
80 16 80
80 17 30
80 18 30
80 19 30
80 20 60
80 21 80
80 22 40
80 23 40
80 24 80
80 25 80
80 26 30
80 27 60
80 28 80
80 29 40
80 30 40
80 31 60
80 32 60
80 33 30
80 34 60
80 35 30
80 36 30
80 37 30
80 38 40
80 39 80
80 40 40
80 41 80
80 42 40
80 43 60
80 44 80
80 45 60
80 46 30
80 47 30
80 48 40
80 49 60
80 50 30
80 51 60
80 52 40
80 53 80
80 54 40
80 55 80
80 56 60
80 57 60
80 58 40
80 59 60
80 60 60
80 61 80
80 62 60
80 63 60
80 64 80
80 65 80
80 66 30
80 67 80
80 68 40
80 69 40
80 70 60
80 71 40
80 72 80
80 73 40
80 74 30
80 75 60
80 76 80
80 77 30
80 78 80
80 79 30
80 81 40
80 82 40
81 0 40
81 1 60
81 2 40
81 3 60
81 4 40
81 5 30
81 6 40
81 7 60
81 8 80
81 9 30
81 10 40
81 11 30
81 12 60
81 13 30
81 14 30
81 15 30
81 16 60
81 17 60
81 18 30
81 19 60
81 20 40
81 21 80
81 22 80
81 23 40
81 24 30
81 25 30
81 26 80
81 27 30
81 28 40
81 29 30
81 30 40
81 31 40
81 32 80
81 33 30
81 34 80
81 35 30
81 36 60
81 37 40
81 38 30
81 39 80
81 40 30
81 41 60
81 42 60
81 43 40
81 44 30
81 45 30
81 46 60
81 47 60
81 48 80
81 49 60
81 50 80
81 51 80
81 52 80
81 53 60
81 54 60
81 55 80
81 56 40
81 57 30
81 58 60
81 59 40
81 60 60
81 61 40
81 62 80
81 63 60
81 64 60
81 65 60
81 66 40
81 67 40
81 68 60
81 69 80
81 70 60
81 71 30
81 72 60
81 73 30
81 74 30
81 75 80
81 76 30
81 77 40
81 78 30
81 79 80
81 80 80
81 82 60
82 0 30
82 1 60
82 2 40
82 3 60
82 4 40
82 5 60
82 6 80
82 7 60
82 8 60
82 9 40
82 10 30
82 11 60
82 12 60
82 13 40
82 14 60
82 15 40
82 16 40
82 17 60
82 18 30
82 19 80
82 20 30
82 21 60
82 22 40
82 23 30
82 24 30
82 25 60
82 26 40
82 27 60
82 28 40
82 29 80
82 30 40
82 31 80
82 32 80
82 33 80
82 34 40
82 35 40
82 36 30
82 37 30
82 38 60
82 39 80
82 40 80
82 41 60
82 42 40
82 43 30
82 44 30
82 45 80
82 46 60
82 47 60
82 48 30
82 49 40
82 50 80
82 51 60
82 52 40
82 53 30
82 54 60
82 55 60
82 56 40
82 57 40
82 58 30
82 59 60
82 60 60
82 61 80
82 62 60
82 63 40
82 64 80
82 65 40
82 66 60
82 67 80
82 68 30
82 69 40
82 70 30
82 71 30
82 72 80
82 73 30
82 74 30
82 75 60
82 76 40
82 77 40
82 78 40
82 79 30
82 80 40
82 81 30
