NAME C75R6-2
SOURCE Zhang et al. (2018) methodology — reproducible synthetic benchmark
N_CUSTOMERS 75
N_STATIONS 6
VARIANT 2
GRID_MILES 200.0
VEHICLE_CAPACITY 3.0
BATTERY_KWH 110.0
CURB_WEIGHT_KG 2000.0
ALPHA_ARC 0.0981
BETA_VEH 2.11
EFF_D 1.11
EFF_M 1.25
SPEED_SEED 26056794
CUSTOMER_SEED 84775
STATION_SEED 95181

NODES
0 160934.400000 160934.400000 0.000000 depot_start
1 4166.777309 112446.408097 0.065939 customer
2 160201.125722 220015.030210 0.099294 customer
3 113715.269829 259656.071873 0.057959 customer
4 181723.897430 177879.048946 0.101338 customer
5 304607.858454 162739.845983 0.149470 customer
6 313225.365828 247373.594695 0.119500 customer
7 140490.223852 169117.603149 0.069407 customer
8 40525.271997 104997.463967 0.123212 customer
9 239561.275752 194483.897893 0.117872 customer
10 305107.895036 261627.707619 0.143360 customer
11 265040.477963 288573.247680 0.059169 customer
12 52232.902779 10012.648536 0.117693 customer
13 278653.859910 12179.929637 0.103971 customer
14 262305.078952 253253.010725 0.062847 customer
15 80090.331992 259688.908345 0.081407 customer
16 182729.127829 80069.871255 0.071073 customer
17 181256.967090 156868.427264 0.086575 customer
18 276085.673283 93348.218797 0.120788 customer
19 186182.031700 279947.123149 0.135162 customer
20 225275.912606 274204.852617 0.067994 customer
21 206822.700208 202514.580516 0.057529 customer
22 167279.666733 214454.329315 0.127533 customer
23 9346.178280 252262.115648 0.076428 customer
24 30783.875806 127664.383336 0.110586 customer
25 168683.591165 317060.868864 0.138301 customer
26 230940.200190 130615.945218 0.081651 customer
27 145659.918941 148877.545368 0.060138 customer
28 312979.259584 264079.636684 0.120565 customer
29 207948.122834 262321.120370 0.050855 customer
30 79748.776776 218516.683899 0.138973 customer
31 218002.612138 129679.613759 0.131294 customer
32 232642.591491 276024.814661 0.074728 customer
33 198826.219632 8982.201744 0.148221 customer
34 141007.047235 72157.331957 0.107147 customer
35 216302.900600 290644.114474 0.149527 customer
36 8187.407633 209388.625368 0.051916 customer
37 76592.837097 103798.790854 0.132574 customer
38 168502.933207 2609.713305 0.113783 customer
39 123778.380196 139117.001630 0.055457 customer
40 174949.141486 61845.118731 0.117836 customer
41 233639.441824 208164.234116 0.111161 customer
42 126579.122027 121882.375273 0.079315 customer
43 161449.279976 61550.869904 0.088292 customer
44 59365.485103 171423.633432 0.074188 customer
45 117721.540752 99214.301000 0.122642 customer
46 212843.819990 266218.671297 0.080241 customer
47 218007.439805 20860.487837 0.090464 customer
48 220694.311264 49107.635674 0.095756 customer
49 286457.207734 159112.831645 0.059892 customer
50 209392.417290 310882.218450 0.135349 customer
51 131991.251670 270860.202387 0.129195 customer
52 63152.447464 171939.682565 0.111942 customer
53 251673.417013 167944.181369 0.108772 customer
54 128271.872108 41267.218659 0.090678 customer
55 64407.459876 55492.786748 0.073723 customer
56 257421.518692 210963.859932 0.067221 customer
57 255929.257493 274009.616117 0.143267 customer
58 203764.607943 30677.243336 0.099962 customer
59 195456.321755 21327.121930 0.100448 customer
60 231152.798084 161464.545312 0.109604 customer
61 20389.217437 84188.955809 0.140641 customer
62 120963.286764 216155.250590 0.097996 customer
63 96330.937482 159636.037521 0.094353 customer
64 21083.148414 306551.917878 0.082487 customer
65 98250.036218 100057.574783 0.078551 customer
66 1057.211672 150382.876802 0.097043 customer
67 109179.329280 293966.386576 0.125660 customer
68 218346.277083 60843.119035 0.138139 customer
69 20559.541351 1462.260606 0.143168 customer
70 239266.405891 286734.679977 0.143060 customer
71 117213.633846 187018.188653 0.064346 customer
72 109922.647897 182247.497104 0.095573 customer
73 140292.353652 186466.549766 0.123795 customer
74 103406.421827 20741.635206 0.093087 customer
75 84025.391324 245379.896484 0.131752 customer
76 46187.502639 130954.764263 0.000000 station
77 113566.286566 104312.130302 0.000000 station
78 110341.160121 20483.116338 0.000000 station
79 237098.541597 33407.194621 0.000000 station
80 302442.682074 234519.200816 0.000000 station
81 37768.963006 317313.586389 0.000000 station
82 160934.400000 160934.400000 0.000000 depot_end

SPEEDS
0 1 30
0 2 60
0 3 40
0 4 40
0 5 30
0 6 40
0 7 60
0 8 40
0 9 40
0 10 80
0 11 30
0 12 30
0 13 30
0 14 30
0 15 60
0 16 30
0 17 40
0 18 30
0 19 30
0 20 40
0 21 80
0 22 30
0 23 60
0 24 40
0 25 40
0 26 60
0 27 40
0 28 80
0 29 40
0 30 60
0 31 40
0 32 30
0 33 40
0 34 60
0 35 40
0 36 80
0 37 30
0 38 40
0 39 80
0 40 60
0 41 80
0 42 30
0 43 30
0 44 30
0 45 60
0 46 80
0 47 30
0 48 30
0 49 30
0 50 40
0 51 40
0 52 40
0 53 60
0 54 30
0 55 60
0 56 30
0 57 80
0 58 30
0 59 80
0 60 80
0 61 80
0 62 40
0 63 80
0 64 30
0 65 40
0 66 40
0 67 80
0 68 60
0 69 60
0 70 30
0 71 60
0 72 40
0 73 40
0 74 60
0 75 30
0 76 60
0 77 40
0 78 60
0 79 30
0 80 40
0 81 60
0 82 40
1 0 80
1 2 40
1 3 30
1 4 80
1 5 40
1 6 30
1 7 60
1 8 40
1 9 60
1 10 40
1 11 80
1 12 60
1 13 60
1 14 30
1 15 60
1 16 30
1 17 40
1 18 80
1 19 80
1 20 40
1 21 40
1 22 60
1 23 80
1 24 80
1 25 80
1 26 30
1 27 60
1 28 40
1 29 30
1 30 30
1 31 80
1 32 60
1 33 30
1 34 30
1 35 30
1 36 60
1 37 60
1 38 30
1 39 30
1 40 30
1 41 40
1 42 40
1 43 80
1 44 40
1 45 80
1 46 60
1 47 80
1 48 80
1 49 40
1 50 30
1 51 40
1 52 80
1 53 40
1 54 30
1 55 80
1 56 80
1 57 60
1 58 30
1 59 30
1 60 40
1 61 60
1 62 60
1 63 60
1 64 30
1 65 30
1 66 60
1 67 30
1 68 30
1 69 40
1 70 30
1 71 80
1 72 30
1 73 60
1 74 30
1 75 80
1 76 60
1 77 80
1 78 60
1 79 30
1 80 60
1 81 80
1 82 80
2 0 60
2 1 80
2 3 80
2 4 30
2 5 30
2 6 80
2 7 60
2 8 40
2 9 60
2 10 40
2 11 60
2 12 40
2 13 40
2 14 30
2 15 30
2 16 30
2 17 40
2 18 30
2 19 80
2 20 80
2 21 60
2 22 80
2 23 60
2 24 30
2 25 60
2 26 30
2 27 30
2 28 30
2 29 80
2 30 60
2 31 40
2 32 80
2 33 60
2 34 60
2 35 80
2 36 80
2 37 40
2 38 60
2 39 80
2 40 30
2 41 40
2 42 40
2 43 80
2 44 80
2 45 60
2 46 80
2 47 40
2 48 40
2 49 30
2 50 30
2 51 40
2 52 40
2 53 30
2 54 60
2 55 60
2 56 60
2 57 30
2 58 30
2 59 80
2 60 60
2 61 40
2 62 40
2 63 30
2 64 30
2 65 30
2 66 40
2 67 80
2 68 30
2 69 80
2 70 80
2 71 40
2 72 60
2 73 30
2 74 80
2 75 40
2 76 80
2 77 40
2 78 40
2 79 80
2 80 60
2 81 40
2 82 60
3 0 80
3 1 80
3 2 30
3 4 80
3 5 30
3 6 30
3 7 60
3 8 60
3 9 30
3 10 60
3 11 80
3 12 80
3 13 30
3 14 60
3 15 80
3 16 60
3 17 60
3 18 30
3 19 60
3 20 30
3 21 40
3 22 60
3 23 40
3 24 40
3 25 60
3 26 60
3 27 60
3 28 40
3 29 30
3 30 30
3 31 60
3 32 60
3 33 80
3 34 40
3 35 60
3 36 80
3 37 30
3 38 80
3 39 80
3 40 30
3 41 80
3 42 40
3 43 40
3 44 40
3 45 40
3 46 80
3 47 40
3 48 80
3 49 30
3 50 40
3 51 60
3 52 30
3 53 30
3 54 60
3 55 60
3 56 60
3 57 80
3 58 40
3 59 30
3 60 30
3 61 60
3 62 80
3 63 60
3 64 80
3 65 30
3 66 60
3 67 40
3 68 80
3 69 30
3 70 60
3 71 40
3 72 30
3 73 30
3 74 40
3 75 30
3 76 30
3 77 60
3 78 80
3 79 30
3 80 30
3 81 40
3 82 30
4 0 40
4 1 80
4 2 30
4 3 80
4 5 40
4 6 60
4 7 30
4 8 40
4 9 30
4 10 30
4 11 40
4 12 30
4 13 80
4 14 60
4 15 40
4 16 80
4 17 30
4 18 40
4 19 60
4 20 40
4 21 60
4 22 60
4 23 40
4 24 80
4 25 60
4 26 40
4 27 80
4 28 80
4 29 30
4 30 40
4 31 40
4 32 80
4 33 80
4 34 30
4 35 60
4 36 40
4 37 80
4 38 60
4 39 80
4 40 60
4 41 80
4 42 40
4 43 60
4 44 80
4 45 80
4 46 30
4 47 30
4 48 60
4 49 30
4 50 40
4 51 60
4 52 60
4 53 30
4 54 80
4 55 60
4 56 60
4 57 40
4 58 30
4 59 40
4 60 40
4 61 80
4 62 30
4 63 30
4 64 80
4 65 40
4 66 30
4 67 40
4 68 30
4 69 40
4 70 40
4 71 40
4 72 30
4 73 60
4 74 60
4 75 30
4 76 30
4 77 60
4 78 30
4 79 60
4 80 30
4 81 80
4 82 80
5 0 30
5 1 80
5 2 80
5 3 40
5 4 80
5 6 40
5 7 60
5 8 80
5 9 40
5 10 40
5 11 30
5 12 80
5 13 30
5 14 80
5 15 30
5 16 60
5 17 30
5 18 60
5 19 30
5 20 80
5 21 60
5 22 60
5 23 80
5 24 60
5 25 80
5 26 60
5 27 80
5 28 80
5 29 30
5 30 60
5 31 30
5 32 80
5 33 80
5 34 80
5 35 30
5 36 30
5 37 30
5 38 30
5 39 60
5 40 40
5 41 60
5 42 30
5 43 80
5 44 40
5 45 30
5 46 30
5 47 80
5 48 40
5 49 30
5 50 60
5 51 60
5 52 80
5 53 60
5 54 80
5 55 80
5 56 80
5 57 40
5 58 60
5 59 40
5 60 40
5 61 80
5 62 60
5 63 60
5 64 80
5 65 30
5 66 60
5 67 40
5 68 80
5 69 60
5 70 80
5 71 60
5 72 40
5 73 30
5 74 80
5 75 60
5 76 40
5 77 40
5 78 80
5 79 80
5 80 30
5 81 60
5 82 40
6 0 80
6 1 30
6 2 60
6 3 80
6 4 80
6 5 30
6 7 40
6 8 60
6 9 80
6 10 60
6 11 60
6 12 40
6 13 60
6 14 30
6 15 40
6 16 80
6 17 30
6 18 40
6 19 80
6 20 40
6 21 40
6 22 40
6 23 80
6 24 60
6 25 40
6 26 30
6 27 30
6 28 40
6 29 80
6 30 40
6 31 60
6 32 80
6 33 30
6 34 40
6 35 60
6 36 40
6 37 80
6 38 40
6 39 40
6 40 60
6 41 60
6 42 40
6 43 40
6 44 40
6 45 30
6 46 40
6 47 60
6 48 30
6 49 80
6 50 40
6 51 40
6 52 60
6 53 40
6 54 30
6 55 80
6 56 40
6 57 60
6 58 40
6 59 40
6 60 60
6 61 60
6 62 30
6 63 60
6 64 30
6 65 80
6 66 40
6 67 30
6 68 80
6 69 40
6 70 30
6 71 80
6 72 40
6 73 30
6 74 80
6 75 60
6 76 80
6 77 60
6 78 40
6 79 80
6 80 30
6 81 80
6 82 40
7 0 80
7 1 60
7 2 60
7 3 40
7 4 80
7 5 30
7 6 40
7 8 30
7 9 30
7 10 80
7 11 40
7 12 60
7 13 40
7 14 60
7 15 60
7 16 30
7 17 80
7 18 30
7 19 40
7 20 60
7 21 60
7 22 80
7 23 30
7 24 80
7 25 40
7 26 80
7 27 40
7 28 60
7 29 30
7 30 30
7 31 60
7 32 80
7 33 80
7 34 30
7 35 80
7 36 30
7 37 30
7 38 30
7 39 30
7 40 80
7 41 40
7 42 40
7 43 60
7 44 30
7 45 60
7 46 80
7 47 40
7 48 60
7 49 30
7 50 30
7 51 30
7 52 60
7 53 80
7 54 40
7 55 80
7 56 30
7 57 40
7 58 80
7 59 30
7 60 30
7 61 60
7 62 80
7 63 60
7 64 60
7 65 30
7 66 80
7 67 30
7 68 30
7 69 80
7 70 60
7 71 30
7 72 40
7 73 30
7 74 40
7 75 60
7 76 40
7 77 60
7 78 80
7 79 30
7 80 80
7 81 60
7 82 40
8 0 60
8 1 60
8 2 30
8 3 30
8 4 40
8 5 80
8 6 40
8 7 80
8 9 60
8 10 40
8 11 40
8 12 80
8 13 30
8 14 80
8 15 40
8 16 80
8 17 30
8 18 40
8 19 30
8 20 60
8 21 80
8 22 40
8 23 30
8 24 80
8 25 60
8 26 60
8 27 80
8 28 80
8 29 40
8 30 60
8 31 40
8 32 40
8 33 40
8 34 30
8 35 80
8 36 30
8 37 80
8 38 40
8 39 80
8 40 30
8 41 80
8 42 40
8 43 80
8 44 60
8 45 40
8 46 60
8 47 30
8 48 60
8 49 80
8 50 60
8 51 60
8 52 60
8 53 60
8 54 30
8 55 30
8 56 80
8 57 40
8 58 80
8 59 80
8 60 60
8 61 80
8 62 40
8 63 80
8 64 80
8 65 40
8 66 30
8 67 30
8 68 80
8 69 60
8 70 40
8 71 60
8 72 40
8 73 40
8 74 40
8 75 40
8 76 30
8 77 30
8 78 60
8 79 40
8 80 80
8 81 60
8 82 60
9 0 60
9 1 60
9 2 40
9 3 60
9 4 40
9 5 60
9 6 30
9 7 80
9 8 40
9 10 30
9 11 30
9 12 60
9 13 30
9 14 30
9 15 30
9 16 60
9 17 60
9 18 30
9 19 60
9 20 60
9 21 60
9 22 60
9 23 30
9 24 30
9 25 30
9 26 60
9 27 60
9 28 60
9 29 60
9 30 60
9 31 40
9 32 80
9 33 30
9 34 30
9 35 80
9 36 40
9 37 30
9 38 30
9 39 40
9 40 60
9 41 60
9 42 30
9 43 80
9 44 80
9 45 30
9 46 40
9 47 40
9 48 40
9 49 60
9 50 60
9 51 80
9 52 30
9 53 80
9 54 80
9 55 40
9 56 80
9 57 60
9 58 60
9 59 80
9 60 80
9 61 80
9 62 60
9 63 40
9 64 30
9 65 60
9 66 40
9 67 30
9 68 30
9 69 30
9 70 60
9 71 40
9 72 40
9 73 40
9 74 40
9 75 80
9 76 80
9 77 80
9 78 60
9 79 30
9 80 80
9 81 60
9 82 40
10 0 60
10 1 40
10 2 80
10 3 40
10 4 80
10 5 80
10 6 40
10 7 30
10 8 30
10 9 60
10 11 30
10 12 80
10 13 40
10 14 40
10 15 30
10 16 40
10 17 40
10 18 30
10 19 60
10 20 30
10 21 60
10 22 60
10 23 40
10 24 60
10 25 80
10 26 40
10 27 80
10 28 80
10 29 30
10 30 60
10 31 60
10 32 60
10 33 40
10 34 40
10 35 80
10 36 40
10 37 60
10 38 60
10 39 80
10 40 40
10 41 80
10 42 40
10 43 60
10 44 80
10 45 40
10 46 40
10 47 30
10 48 30
10 49 30
10 50 40
10 51 30
10 52 30
10 53 40
10 54 60
10 55 30
10 56 40
10 57 40
10 58 30
10 59 30
10 60 60
10 61 40
10 62 60
10 63 80
10 64 80
10 65 80
10 66 40
10 67 60
10 68 80
10 69 80
10 70 30
10 71 80
10 72 30
10 73 60
10 74 30
10 75 30
10 76 80
10 77 30
10 78 30
10 79 30
10 80 60
10 81 40
10 82 40
11 0 30
11 1 80
11 2 80
11 3 30
11 4 40
11 5 60
11 6 60
11 7 30
11 8 80
11 9 60
11 10 80
11 12 30
11 13 30
11 14 60
11 15 80
11 16 40
11 17 80
11 18 30
11 19 80
11 20 30
11 21 80
11 22 60
11 23 80
11 24 30
11 25 40
11 26 80
11 27 60
11 28 80
11 29 60
11 30 30
11 31 40
11 32 60
11 33 40
11 34 40
11 35 80
11 36 60
11 37 60
11 38 30
11 39 30
11 40 40
11 41 80
11 42 40
11 43 60
11 44 30
11 45 30
11 46 40
11 47 80
11 48 40
11 49 60
11 50 80
11 51 30
11 52 80
11 53 60
11 54 80
11 55 80
11 56 40
11 57 60
11 58 60
11 59 40
11 60 80
11 61 80
11 62 40
11 63 80
11 64 30
11 65 60
11 66 60
11 67 80
11 68 80
11 69 30
11 70 80
11 71 30
11 72 30
11 73 40
11 74 80
11 75 60
11 76 40
11 77 30
11 78 60
11 79 80
11 80 40
11 81 30
11 82 60
12 0 40
12 1 80
12 2 40
12 3 30
12 4 60
12 5 40
12 6 60
12 7 80
12 8 80
12 9 30
12 10 40
12 11 30
12 13 40
12 14 40
12 15 40
12 16 80
12 17 60
12 18 60
12 19 80
12 20 80
12 21 80
12 22 40
12 23 80
12 24 40
12 25 40
12 26 80
12 27 40
12 28 60
12 29 40
12 30 80
12 31 30
12 32 80
12 33 80
12 34 30
12 35 60
12 36 80
12 37 40
12 38 80
12 39 40
12 40 30
12 41 40
12 42 60
12 43 80
12 44 60
12 45 30
12 46 30
12 47 40
12 48 40
12 49 60
12 50 60
12 51 80
12 52 80
12 53 40
12 54 60
12 55 60
12 56 30
12 57 30
12 58 40
12 59 80
12 60 40
12 61 80
12 62 30
12 63 80
12 64 30
12 65 60
12 66 60
12 67 40
12 68 80
12 69 30
12 70 40
12 71 40
12 72 80
12 73 80
12 74 80
12 75 80
12 76 60
12 77 30
12 78 40
12 79 40
12 80 80
12 81 30
12 82 40
13 0 60
13 1 80
13 2 30
13 3 40
13 4 40
13 5 30
13 6 40
13 7 80
13 8 40
13 9 30
13 10 60
13 11 80
13 12 30
13 14 60
13 15 30
13 16 40
13 17 60
13 18 80
13 19 80
13 20 60
13 21 30
13 22 40
13 23 30
13 24 30
13 25 60
13 26 80
13 27 60
13 28 40
13 29 60
13 30 30
13 31 60
13 32 40
13 33 40
13 34 40
13 35 30
13 36 80
13 37 80
13 38 60
13 39 60
13 40 40
13 41 80
13 42 40
13 43 40
13 44 40
13 45 30
13 46 80
13 47 40
13 48 30
13 49 40
13 50 80
13 51 40
13 52 30
13 53 40
13 54 40
13 55 80
13 56 80
13 57 40
13 58 60
13 59 60
13 60 60
13 61 30
13 62 40
13 63 30
13 64 60
13 65 30
13 66 40
13 67 40
13 68 80
13 69 80
13 70 60
13 71 40
13 72 40
13 73 30
13 74 80
13 75 30
13 76 60
13 77 60
13 78 80
13 79 80
13 80 80
13 81 60
13 82 80
14 0 80
14 1 40
14 2 40
14 3 30
14 4 40
14 5 80
14 6 30
14 7 30
14 8 60
14 9 60
14 10 30
14 11 40
14 12 40
14 13 60
14 15 80
14 16 40
14 17 60
14 18 80
14 19 40
14 20 30
14 21 80
14 22 60
14 23 60
14 24 80
14 25 60
14 26 30
14 27 30
14 28 60
14 29 30
14 30 60
14 31 40
14 32 60
14 33 60
14 34 80
14 35 60
14 36 30
14 37 60
14 38 40
14 39 60
14 40 40
14 41 80
14 42 80
14 43 40
14 44 30
14 45 60
14 46 80
14 47 80
14 48 80
14 49 30
14 50 30
14 51 80
14 52 40
14 53 80
14 54 30
14 55 60
14 56 60
14 57 30
14 58 60
14 59 40
14 60 80
14 61 30
14 62 40
14 63 60
14 64 80
14 65 80
14 66 60
14 67 80
14 68 80
14 69 30
14 70 40
14 71 80
14 72 80
14 73 40
14 74 40
14 75 40
14 76 30
14 77 40
14 78 30
14 79 30
14 80 40
14 81 80
14 82 60
15 0 40
15 1 40
15 2 30
15 3 60
15 4 30
15 5 60
15 6 40
15 7 30
15 8 80
15 9 40
15 10 60
15 11 30
15 12 40
15 13 60
15 14 40
15 16 40
15 17 60
15 18 80
15 19 60
15 20 40
15 21 30
15 22 60
15 23 30
15 24 30
15 25 40
15 26 40
15 27 80
15 28 30
15 29 80
15 30 80
15 31 40
15 32 40
15 33 40
15 34 60
15 35 60
15 36 80
15 37 40
15 38 80
15 39 40
15 40 40
15 41 30
15 42 40
15 43 80
15 44 80
15 45 30
15 46 40
15 47 30
15 48 80
15 49 30
15 50 40
15 51 40
15 52 60
15 53 80
15 54 80
15 55 60
15 56 40
15 57 40
15 58 30
15 59 30
15 60 80
15 61 30
15 62 30
15 63 30
15 64 40
15 65 60
15 66 80
15 67 40
15 68 60
15 69 30
15 70 80
15 71 30
15 72 40
15 73 30
15 74 80
15 75 80
15 76 60
15 77 80
15 78 40
15 79 60
15 80 80
15 81 30
15 82 40
16 0 60
16 1 80
16 2 60
16 3 40
16 4 80
16 5 30
16 6 60
16 7 60
16 8 80
16 9 60
16 10 60
16 11 80
16 12 30
16 13 60
16 14 40
16 15 30
16 17 60
16 18 40
16 19 40
16 20 80
16 21 60
16 22 30
16 23 40
16 24 60
16 25 40
16 26 60
16 27 60
16 28 30
16 29 30
16 30 40
16 31 30
16 32 30
16 33 30
16 34 80
16 35 80
16 36 40
16 37 80
16 38 60
16 39 40
16 40 80
16 41 30
16 42 40
16 43 40
16 44 80
16 45 80
16 46 30
16 47 80
16 48 60
16 49 80
16 50 30
16 51 40
16 52 80
16 53 80
16 54 30
16 55 60
16 56 30
16 57 80
16 58 30
16 59 60
16 60 40
16 61 60
16 62 60
16 63 40
16 64 40
16 65 80
16 66 30
16 67 60
16 68 40
16 69 60
16 70 30
16 71 40
16 72 40
16 73 40
16 74 30
16 75 40
16 76 60
16 77 80
16 78 60
16 79 80
16 80 30
16 81 30
16 82 60
17 0 60
17 1 80
17 2 40
17 3 60
17 4 40
17 5 30
17 6 80
17 7 30
17 8 60
17 9 80
17 10 80
17 11 60
17 12 80
17 13 30
17 14 40
17 15 30
17 16 30
17 18 30
17 19 80
17 20 60
17 21 80
17 22 40
17 23 60
17 24 30
17 25 40
17 26 40
17 27 80
17 28 60
17 29 80
17 30 60
17 31 80
17 32 60
17 33 40
17 34 30
17 35 60
17 36 40
17 37 80
17 38 80
17 39 30
17 40 80
17 41 80
17 42 60
17 43 30
17 44 40
17 45 30
17 46 40
17 47 30
17 48 30
17 49 60
17 50 80
17 51 40
17 52 30
17 53 40
17 54 60
17 55 60
17 56 80
17 57 40
17 58 30
17 59 60
17 60 80
17 61 80
17 62 80
17 63 60
17 64 40
17 65 40
17 66 30
17 67 30
17 68 80
17 69 80
17 70 30
17 71 80
17 72 40
17 73 30
17 74 80
17 75 80
17 76 60
17 77 30
17 78 40
17 79 40
17 80 60
17 81 30
17 82 60
18 0 60
18 1 40
18 2 30
18 3 40
18 4 30
18 5 40
18 6 80
18 7 40
18 8 80
18 9 40
18 10 60
18 11 80
18 12 40
18 13 80
18 14 60
18 15 80
18 16 30
18 17 30
18 19 40
18 20 80
18 21 60
18 22 60
18 23 60
18 24 40
18 25 30
18 26 80
18 27 30
18 28 40
18 29 30
18 30 80
18 31 30
18 32 40
18 33 40
18 34 30
18 35 80
18 36 30
18 37 40
18 38 60
18 39 80
18 40 60
18 41 80
18 42 80
18 43 80
18 44 60
18 45 40
18 46 40
18 47 80
18 48 40
18 49 30
18 50 30
18 51 40
18 52 30
18 53 80
18 54 40
18 55 30
18 56 40
18 57 40
18 58 80
18 59 80
18 60 60
18 61 60
18 62 40
18 63 80
18 64 40
18 65 40
18 66 40
18 67 80
18 68 30
18 69 60
18 70 60
18 71 40
18 72 60
18 73 30
18 74 80
18 75 60
18 76 40
18 77 40
18 78 40
18 79 60
18 80 40
18 81 80
18 82 60
19 0 60
19 1 30
19 2 30
19 3 30
19 4 60
19 5 30
19 6 40
19 7 80
19 8 40
19 9 60
19 10 60
19 11 60
19 12 60
19 13 30
19 14 30
19 15 80
19 16 30
19 17 30
19 18 40
19 20 40
19 21 30
19 22 80
19 23 60
19 24 30
19 25 40
19 26 80
19 27 30
19 28 30
19 29 80
19 30 80
19 31 30
19 32 30
19 33 80
19 34 80
19 35 40
19 36 60
19 37 30
19 38 30
19 39 80
19 40 40
19 41 80
19 42 40
19 43 80
19 44 40
19 45 80
19 46 80
19 47 30
19 48 60
19 49 40
19 50 60
19 51 30
19 52 80
19 53 30
19 54 40
19 55 40
19 56 40
19 57 30
19 58 40
19 59 40
19 60 60
19 61 30
19 62 60
19 63 30
19 64 40
19 65 30
19 66 30
19 67 60
19 68 40
19 69 40
19 70 60
19 71 80
19 72 80
19 73 40
19 74 60
19 75 40
19 76 40
19 77 40
19 78 60
19 79 40
19 80 30
19 81 40
19 82 80
20 0 80
20 1 30
20 2 80
20 3 40
20 4 80
20 5 80
20 6 60
20 7 30
20 8 80
20 9 30
20 10 30
20 11 30
20 12 40
20 13 30
20 14 80
20 15 60
20 16 40
20 17 60
20 18 30
20 19 60
20 21 80
20 22 80
20 23 80
20 24 60
20 25 40
20 26 40
20 27 80
20 28 40
20 29 40
20 30 40
20 31 80
20 32 30
20 33 30
20 34 30
20 35 40
20 36 30
20 37 30
20 38 30
20 39 80
20 40 40
20 41 40
20 42 60
20 43 60
20 44 60
20 45 40
20 46 30
20 47 60
20 48 40
20 49 30
20 50 40
20 51 30
20 52 80
20 53 30
20 54 60
20 55 80
20 56 30
20 57 80
20 58 80
20 59 40
20 60 80
20 61 30
20 62 60
20 63 30
20 64 40
20 65 60
20 66 60
20 67 40
20 68 40
20 69 30
20 70 80
20 71 40
20 72 80
20 73 30
20 74 30
20 75 60
20 76 80
20 77 40
20 78 80
20 79 60
20 80 80
20 81 30
20 82 40
21 0 30
21 1 30
21 2 30
21 3 60
21 4 30
21 5 40
21 6 60
21 7 80
21 8 80
21 9 80
21 10 40
21 11 60
21 12 80
21 13 80
21 14 80
21 15 80
21 16 80
21 17 80
21 18 60
21 19 80
21 20 40
21 22 40
21 23 80
21 24 60
21 25 80
21 26 40
21 27 80
21 28 40
21 29 40
21 30 40
21 31 60
21 32 30
21 33 80
21 34 30
21 35 40
21 36 80
21 37 30
21 38 60
21 39 80
21 40 30
21 41 80
21 42 80
21 43 30
21 44 80
21 45 60
21 46 30
21 47 40
21 48 40
21 49 60
21 50 60
21 51 40
21 52 60
21 53 60
21 54 40
21 55 80
21 56 80
21 57 80
21 58 40
21 59 80
21 60 80
21 61 80
21 62 40
21 63 30
21 64 30
21 65 30
21 66 30
21 67 80
21 68 30
21 69 80
21 70 40
21 71 60
21 72 60
21 73 40
21 74 80
21 75 60
21 76 80
21 77 30
21 78 40
21 79 30
21 80 30
21 81 80
21 82 40
22 0 80
22 1 80
22 2 30
22 3 40
22 4 30
22 5 30
22 6 30
22 7 80
22 8 80
22 9 30
22 10 80
22 11 60
22 12 40
22 13 60
22 14 80
22 15 60
22 16 40
22 17 60
22 18 30
22 19 30
22 20 30
22 21 40
22 23 30
22 24 40
22 25 60
22 26 60
22 27 30
22 28 40
22 29 80
22 30 30
22 31 40
22 32 30
22 33 30
22 34 30
22 35 60
22 36 40
22 37 80
22 38 40
22 39 80
22 40 60
22 41 30
22 42 80
22 43 80
22 44 80
22 45 40
22 46 40
22 47 30
22 48 40
22 49 80
22 50 60
22 51 40
22 52 80
22 53 30
22 54 60
22 55 40
22 56 60
22 57 80
22 58 80
22 59 80
22 60 60
22 61 30
22 62 60
22 63 80
22 64 30
22 65 40
22 66 30
22 67 60
22 68 80
22 69 60
22 70 30
22 71 80
22 72 80
22 73 30
22 74 60
22 75 60
22 76 30
22 77 30
22 78 40
22 79 60
22 80 80
22 81 60
22 82 30
23 0 40
23 1 80
23 2 30
23 3 40
23 4 30
23 5 60
23 6 60
23 7 60
23 8 80
23 9 40
23 10 30
23 11 60
23 12 60
23 13 30
23 14 40
23 15 60
23 16 30
23 17 60
23 18 40
23 19 60
23 20 60
23 21 40
23 22 30
23 24 30
23 25 80
23 26 30
23 27 60
23 28 60
23 29 80
23 30 80
23 31 80
23 32 80
23 33 40
23 34 40
23 35 60
23 36 30
23 37 80
23 38 40
23 39 30
23 40 30
23 41 40
23 42 80
23 43 60
23 44 60
23 45 30
23 46 80
23 47 80
23 48 40
23 49 80
23 50 80
23 51 80
23 52 30
23 53 30
23 54 30
23 55 30
23 56 40
23 57 40
23 58 30
23 59 30
23 60 60
23 61 30
23 62 40
23 63 60
23 64 60
23 65 80
23 66 80
23 67 60
23 68 30
23 69 40
23 70 80
23 71 60
23 72 60
23 73 60
23 74 60
23 75 80
23 76 80
23 77 80
23 78 60
23 79 80
23 80 40
23 81 80
23 82 60
24 0 80
24 1 40
24 2 60
24 3 60
24 4 60
24 5 30
24 6 60
24 7 40
24 8 60
24 9 30
24 10 60
24 11 40
24 12 30
24 13 30
24 14 40
24 15 60
24 16 60
24 17 60
24 18 30
24 19 80
24 20 40
24 21 40
24 22 40
24 23 60
24 25 40
24 26 80
24 27 80
24 28 30
24 29 60
24 30 80
24 31 60
24 32 80
24 33 60
24 34 30
24 35 40
24 36 60
24 37 80
24 38 30
24 39 40
24 40 80
24 41 60
24 42 30
24 43 40
24 44 80
24 45 30
24 46 60
24 47 80
24 48 30
24 49 60
24 50 60
24 51 40
24 52 80
24 53 80
24 54 80
24 55 80
24 56 60
24 57 80
24 58 40
24 59 60
24 60 80
24 61 80
24 62 80
24 63 30
24 64 30
24 65 60
24 66 30
24 67 40
24 68 80
24 69 80
24 70 40
24 71 80
24 72 60
24 73 60
24 74 80
24 75 30
24 76 60
24 77 60
24 78 30
24 79 40
24 80 60
24 81 80
24 82 80
25 0 60
25 1 40
25 2 40
25 3 30
25 4 80
25 5 40
25 6 80
25 7 80
25 8 30
25 9 30
25 10 30
25 11 40
25 12 40
25 13 40
25 14 60
25 15 80
25 16 40
25 17 40
25 18 80
25 19 60
25 20 30
25 21 60
25 22 30
25 23 80
25 24 30
25 26 60
25 27 60
25 28 60
25 29 60
25 30 40
25 31 30
25 32 40
25 33 80
25 34 60
25 35 80
25 36 30
25 37 60
25 38 40
25 39 60
25 40 80
25 41 30
25 42 80
25 43 40
25 44 80
25 45 40
25 46 60
25 47 30
25 48 40
25 49 30
25 50 30
25 51 60
25 52 80
25 53 40
25 54 30
25 55 60
25 56 60
25 57 40
25 58 80
25 59 40
25 60 40
25 61 80
25 62 60
25 63 30
25 64 40
25 65 40
25 66 30
25 67 80
25 68 40
25 69 60
25 70 30
25 71 40
25 72 80
25 73 40
25 74 40
25 75 30
25 76 60
25 77 40
25 78 40
25 79 60
25 80 40
25 81 40
25 82 60
26 0 40
26 1 40
26 2 60
26 3 40
26 4 60
26 5 80
26 6 60
26 7 80
26 8 40
26 9 60
26 10 80
26 11 80
26 12 80
26 13 60
26 14 40
26 15 30
26 16 80
26 17 30
26 18 30
26 19 30
26 20 40
26 21 30
26 22 80
26 23 30
26 24 40
26 25 80
26 27 80
26 28 30
26 29 30
26 30 30
26 31 80
26 32 40
26 33 60
26 34 30
26 35 60
26 36 30
26 37 80
26 38 80
26 39 40
26 40 60
26 41 40
26 42 40
26 43 40
26 44 60
26 45 60
26 46 80
26 47 60
26 48 60
26 49 60
26 50 80
26 51 80
26 52 30
26 53 30
26 54 80
26 55 80
26 56 30
26 57 80
26 58 80
26 59 60
26 60 30
26 61 30
26 62 80
26 63 80
26 64 60
26 65 60
26 66 40
26 67 40
26 68 80
26 69 40
26 70 30
26 71 80
26 72 40
26 73 30
26 74 40
26 75 40
26 76 80
26 77 80
26 78 30
26 79 40
26 80 30
26 81 40
26 82 80
27 0 40
27 1 40
27 2 80
27 3 80
27 4 40
27 5 40
27 6 80
27 7 60
27 8 40
27 9 80
27 10 40
27 11 80
27 12 40
27 13 40
27 14 30
27 15 60
27 16 40
27 17 40
27 18 40
27 19 30
27 20 40
27 21 60
27 22 80
27 23 40
27 24 80
27 25 60
27 26 80
27 28 30
27 29 30
27 30 80
27 31 30
27 32 40
27 33 30
27 34 30
27 35 60
27 36 80
27 37 40
27 38 40
27 39 60
27 40 30
27 41 40
27 42 80
27 43 40
27 44 40
27 45 80
27 46 30
27 47 30
27 48 80
27 49 30
27 50 80
27 51 40
27 52 30
27 53 30
27 54 40
27 55 60
27 56 60
27 57 60
27 58 60
27 59 60
27 60 40
27 61 80
27 62 60
27 63 40
27 64 60
27 65 40
27 66 40
27 67 40
27 68 80
27 69 80
27 70 80
27 71 40
27 72 80
27 73 80
27 74 60
27 75 80
27 76 80
27 77 80
27 78 80
27 79 60
27 80 80
27 81 60
27 82 30
28 0 30
28 1 40
28 2 30
28 3 30
28 4 80
28 5 30
28 6 40
28 7 60
28 8 40
28 9 80
28 10 40
28 11 30
28 12 60
28 13 80
28 14 60
28 15 80
28 16 60
28 17 40
28 18 60
28 19 60
28 20 60
28 21 80
28 22 40
28 23 30
28 24 40
28 25 40
28 26 30
28 27 40
28 29 30
28 30 40
28 31 60
28 32 30
28 33 40
28 34 80
28 35 60
28 36 80
28 37 60
28 38 80
28 39 60
28 40 60
28 41 30
28 42 80
28 43 40
28 44 30
28 45 80
28 46 60
28 47 30
28 48 30
28 49 80
28 50 80
28 51 80
28 52 60
28 53 60
28 54 60
28 55 40
28 56 60
28 57 60
28 58 60
28 59 80
28 60 60
28 61 30
28 62 30
28 63 80
28 64 30
28 65 30
28 66 80
28 67 30
28 68 30
28 69 80
28 70 80
28 71 30
28 72 60
28 73 80
28 74 60
28 75 80
28 76 80
28 77 40
28 78 60
28 79 80
28 80 60
28 81 40
28 82 80
29 0 30
29 1 30
29 2 60
29 3 30
29 4 80
29 5 30
29 6 40
29 7 80
29 8 80
29 9 60
29 10 40
29 11 30
29 12 40
29 13 40
29 14 30
29 15 30
29 16 40
29 17 60
29 18 40
29 19 80
29 20 60
29 21 80
29 22 30
29 23 40
29 24 80
29 25 30
29 26 60
29 27 60
29 28 30
29 30 80
29 31 40
29 32 80
29 33 40
29 34 30
29 35 30
29 36 30
29 37 40
29 38 40
29 39 30
29 40 80
29 41 80
29 42 40
29 43 30
29 44 80
29 45 60
29 46 40
29 47 60
29 48 80
29 49 30
29 50 60
29 51 80
29 52 30
29 53 60
29 54 80
29 55 80
29 56 40
29 57 30
29 58 40
29 59 30
29 60 80
29 61 40
29 62 30
29 63 60
29 64 80
29 65 80
29 66 30
29 67 80
29 68 30
29 69 40
29 70 60
29 71 80
29 72 80
29 73 60
29 74 40
29 75 40
29 76 30
29 77 30
29 78 30
29 79 80
29 80 40
29 81 30
29 82 30
30 0 30
30 1 60
30 2 80
30 3 30
30 4 40
30 5 30
30 6 80
30 7 40
30 8 60
30 9 40
30 10 30
30 11 40
30 12 60
30 13 30
30 14 30
30 15 60
30 16 60
30 17 80
30 18 40
30 19 80
30 20 60
30 21 40
30 22 60
30 23 80
30 24 40
30 25 60
30 26 40
30 27 30
30 28 80
30 29 80
30 31 80
30 32 80
30 33 80
30 34 40
30 35 80
30 36 30
30 37 60
30 38 60
30 39 80
30 40 40
30 41 60
30 42 80
30 43 40
30 44 40
30 45 80
30 46 80
30 47 80
30 48 40
30 49 80
30 50 40
30 51 40
30 52 30
30 53 60
30 54 30
30 55 80
30 56 80
30 57 80
30 58 40
30 59 40
30 60 30
30 61 30
30 62 80
30 63 30
30 64 60
30 65 60
30 66 60
30 67 80
30 68 40
30 69 60
30 70 80
30 71 30
30 72 60
30 73 80
30 74 60
30 75 80
30 76 60
30 77 60
30 78 60
30 79 80
30 80 30
30 81 60
30 82 80
31 0 30
31 1 60
31 2 40
31 3 80
31 4 60
31 5 30
31 6 60
31 7 60
31 8 60
31 9 80
31 10 60
31 11 30
31 12 30
31 13 80
31 14 60
31 15 60
31 16 80
31 17 40
31 18 60
31 19 30
31 20 30
31 21 80
31 22 80
31 23 60
31 24 30
31 25 40
31 26 30
31 27 80
31 28 60
31 29 30
31 30 60
31 32 60
31 33 30
31 34 60
31 35 30
31 36 30
31 37 80
31 38 60
31 39 30
31 40 30
31 41 40
31 42 80
31 43 60
31 44 40
31 45 60
31 46 80
31 47 40
31 48 60
31 49 60
31 50 80
31 51 40
31 52 60
31 53 40
31 54 30
31 55 80
31 56 60
31 57 40
31 58 40
31 59 80
31 60 60
31 61 80
31 62 40
31 63 60
31 64 60
31 65 40
31 66 60
31 67 40
31 68 80
31 69 30
31 70 60
31 71 30
31 72 40
31 73 30
31 74 40
31 75 30
31 76 40
31 77 80
31 78 30
31 79 40
31 80 80
31 81 40
31 82 30
32 0 60
32 1 30
32 2 30
32 3 80
32 4 40
32 5 30
32 6 40
32 7 40
32 8 80
32 9 30
32 10 80
32 11 80
32 12 60
32 13 80
32 14 30
32 15 30
32 16 30
32 17 30
32 18 40
32 19 40
32 20 40
32 21 40
32 22 60
32 23 80
32 24 60
32 25 40
32 26 60
32 27 40
32 28 40
32 29 30
32 30 40
32 31 30
32 33 80
32 34 40
32 35 30
32 36 60
32 37 60
32 38 30
32 39 30
32 40 60
32 41 40
32 42 40
32 43 30
32 44 60
32 45 80
32 46 80
32 47 30
32 48 60
32 49 80
32 50 30
32 51 40
32 52 80
32 53 80
32 54 60
32 55 60
32 56 40
32 57 40
32 58 30
32 59 80
32 60 30
32 61 80
32 62 80
32 63 30
32 64 40
32 65 30
32 66 40
32 67 60
32 68 60
32 69 80
32 70 40
32 71 30
32 72 60
32 73 60
32 74 30
32 75 40
32 76 60
32 77 60
32 78 60
32 79 60
32 80 60
32 81 60
32 82 60
33 0 40
33 1 60
33 2 40
33 3 80
33 4 40
33 5 60
33 6 40
33 7 40
33 8 60
33 9 80
33 10 40
33 11 80
33 12 60
33 13 80
33 14 30
33 15 80
33 16 60
33 17 60
33 18 60
33 19 40
33 20 30
33 21 30
33 22 60
33 23 40
33 24 30
33 25 40
33 26 40
33 27 30
33 28 40
33 29 60
33 30 60
33 31 60
33 32 80
33 34 80
33 35 40
33 36 60
33 37 60
33 38 60
33 39 60
33 40 60
33 41 80
33 42 40
33 43 30
33 44 60
33 45 30
33 46 80
33 47 60
33 48 80
33 49 30
33 50 80
33 51 60
33 52 30
33 53 30
33 54 30
33 55 30
33 56 60
33 57 30
33 58 80
33 59 60
33 60 30
33 61 80
33 62 30
33 63 30
33 64 60
33 65 80
33 66 30
33 67 30
33 68 30
33 69 80
33 70 60
33 71 60
33 72 60
33 73 30
33 74 80
33 75 80
33 76 40
33 77 30
33 78 40
33 79 60
33 80 40
33 81 30
33 82 80
34 0 30
34 1 30
34 2 30
34 3 60
34 4 60
34 5 80
34 6 40
34 7 60
34 8 60
34 9 80
34 10 80
34 11 60
34 12 60
34 13 80
34 14 80
34 15 40
34 16 60
34 17 80
34 18 80
34 19 40
34 20 30
34 21 40
34 22 40
34 23 30
34 24 40
34 25 40
34 26 30
34 27 40
34 28 60
34 29 60
34 30 60
34 31 60
34 32 60
34 33 80
34 35 40
34 36 40
34 37 60
34 38 60
34 39 40
34 40 40
34 41 60
34 42 30
34 43 60
34 44 40
34 45 80
34 46 80
34 47 80
34 48 30
34 49 30
34 50 40
34 51 60
34 52 60
34 53 60
34 54 30
34 55 60
34 56 60
34 57 40
34 58 40
34 59 60
34 60 80
34 61 80
34 62 40
34 63 60
34 64 60
34 65 40
34 66 80
34 67 60
34 68 60
34 69 40
34 70 30
34 71 80
34 72 30
34 73 60
34 74 30
34 75 80
34 76 80
34 77 60
34 78 60
34 79 30
34 80 60
34 81 30
34 82 80
35 0 60
35 1 30
35 2 40
35 3 40
35 4 80
35 5 30
35 6 80
35 7 30
35 8 30
35 9 80
35 10 60
35 11 60
35 12 40
35 13 80
35 14 60
35 15 30
35 16 40
35 17 40
35 18 30
35 19 40
35 20 40
35 21 60
35 22 30
35 23 30
35 24 40
35 25 30
35 26 30
35 27 30
35 28 30
35 29 60
35 30 80
35 31 60
35 32 80
35 33 30
35 34 80
35 36 80
35 37 60
35 38 30
35 39 80
35 40 30
35 41 60
35 42 80
35 43 40
35 44 60
35 45 60
35 46 30
35 47 60
35 48 60
35 49 60
35 50 60
35 51 30
35 52 80
35 53 30
35 54 30
35 55 80
35 56 80
35 57 80
35 58 80
35 59 80
35 60 40
35 61 80
35 62 60
35 63 60
35 64 30
35 65 80
35 66 30
35 67 40
35 68 40
35 69 30
35 70 30
35 71 40
35 72 60
35 73 80
35 74 60
35 75 60
35 76 40
35 77 30
35 78 40
35 79 30
35 80 40
35 81 30
35 82 60
36 0 60
36 1 80
36 2 40
36 3 60
36 4 30
36 5 60
36 6 80
36 7 60
36 8 30
36 9 40
36 10 30
36 11 30
36 12 40
36 13 80
36 14 30
36 15 40
36 16 30
36 17 30
36 18 60
36 19 30
36 20 80
36 21 60
36 22 80
36 23 60
36 24 80
36 25 80
36 26 30
36 27 30
36 28 80
36 29 80
36 30 60
36 31 60
36 32 80
36 33 40
36 34 40
36 35 60
36 37 60
36 38 60
36 39 60
36 40 80
36 41 80
36 42 40
36 43 30
36 44 80
36 45 40
36 46 30
36 47 30
36 48 30
36 49 40
36 50 80
36 51 80
36 52 60
36 53 30
36 54 80
36 55 60
36 56 30
36 57 40
36 58 80
36 59 60
36 60 60
36 61 60
36 62 60
36 63 40
36 64 40
36 65 40
36 66 30
36 67 40
36 68 60
36 69 60
36 70 80
36 71 30
36 72 30
36 73 60
36 74 40
36 75 40
36 76 60
36 77 80
36 78 60
36 79 80
36 80 40
36 81 40
36 82 40
37 0 80
37 1 40
37 2 60
37 3 30
37 4 80
37 5 40
37 6 30
37 7 60
37 8 40
37 9 80
37 10 30
37 11 30
37 12 30
37 13 80
37 14 80
37 15 30
37 16 40
37 17 80
37 18 30
37 19 80
37 20 40
37 21 40
37 22 80
37 23 80
37 24 60
37 25 80
37 26 40
37 27 80
37 28 80
37 29 30
37 30 30
37 31 60
37 32 80
37 33 80
37 34 30
37 35 80
37 36 60
37 38 40
37 39 80
37 40 60
37 41 30
37 42 30
37 43 40
37 44 40
37 45 80
37 46 60
37 47 80
37 48 80
37 49 40
37 50 30
37 51 30
37 52 40
37 53 30
37 54 80
37 55 80
37 56 80
37 57 30
37 58 40
37 59 60
37 60 30
37 61 40
37 62 40
37 63 60
37 64 30
37 65 60
37 66 30
37 67 40
37 68 80
37 69 30
37 70 30
37 71 80
37 72 30
37 73 60
37 74 40
37 75 80
37 76 80
37 77 60
37 78 80
37 79 60
37 80 30
37 81 30
37 82 40
38 0 30
38 1 40
38 2 30
38 3 40
38 4 80
38 5 60
38 6 30
38 7 80
38 8 30
38 9 80
38 10 30
38 11 60
38 12 40
38 13 30
38 14 80
38 15 30
38 16 40
38 17 40
38 18 80
38 19 30
38 20 60
38 21 40
38 22 80
38 23 60
38 24 30
38 25 60
38 26 30
38 27 80
38 28 60
38 29 30
38 30 80
38 31 30
38 32 30
38 33 80
38 34 40
38 35 60
38 36 80
38 37 30
38 39 60
38 40 40
38 41 30
38 42 60
38 43 80
38 44 80
38 45 60
38 46 80
38 47 60
38 48 30
38 49 30
38 50 30
38 51 40
38 52 80
38 53 60
38 54 60
38 55 40
38 56 30
38 57 40
38 58 30
38 59 30
38 60 80
38 61 80
38 62 60
38 63 40
38 64 60
38 65 60
38 66 40
38 67 80
38 68 30
38 69 80
38 70 60
38 71 80
38 72 30
38 73 60
38 74 80
38 75 30
38 76 30
38 77 80
38 78 40
38 79 30
38 80 30
38 81 30
38 82 30
39 0 80
39 1 60
39 2 60
39 3 30
39 4 80
39 5 40
39 6 40
39 7 60
39 8 60
39 9 40
39 10 40
39 11 40
39 12 60
39 13 60
39 14 30
39 15 40
39 16 40
39 17 40
39 18 30
39 19 60
39 20 60
39 21 40
39 22 30
39 23 80
39 24 40
39 25 40
39 26 40
39 27 60
39 28 30
39 29 60
39 30 40
39 31 80
39 32 40
39 33 60
39 34 40
39 35 40
39 36 60
39 37 80
39 38 60
39 40 80
39 41 40
39 42 40
39 43 40
39 44 30
39 45 60
39 46 60
39 47 60
39 48 60
39 49 30
39 50 40
39 51 60
39 52 30
39 53 30
39 54 80
39 55 40
39 56 80
39 57 60
39 58 80
39 59 30
39 60 30
39 61 40
39 62 30
39 63 40
39 64 60
39 65 40
39 66 30
39 67 30
39 68 60
39 69 80
39 70 40
39 71 60
39 72 80
39 73 60
39 74 30
39 75 30
39 76 60
39 77 30
39 78 40
39 79 30
39 80 40
39 81 40
39 82 40
40 0 30
40 1 30
40 2 80
40 3 40
40 4 60
40 5 80
40 6 60
40 7 40
40 8 80
40 9 30
40 10 40
40 11 60
40 12 40
40 13 40
40 14 30
40 15 80
40 16 60
40 17 60
40 18 30
40 19 60
40 20 30
40 21 30
40 22 80
40 23 30
40 24 80
40 25 60
40 26 60
40 27 80
40 28 30
40 29 30
40 30 40
40 31 30
40 32 40
40 33 80
40 34 30
40 35 80
40 36 80
40 37 40
40 38 60
40 39 40
40 41 60
40 42 60
40 43 30
40 44 60
40 45 60
40 46 60
40 47 40
40 48 30
40 49 40
40 50 80
40 51 30
40 52 80
40 53 30
40 54 60
40 55 80
40 56 40
40 57 60
40 58 80
40 59 80
40 60 60
40 61 40
40 62 60
40 63 80
40 64 60
40 65 80
40 66 40
40 67 80
40 68 80
40 69 60
40 70 40
40 71 60
40 72 40
40 73 80
40 74 40
40 75 80
40 76 40
40 77 60
40 78 40
40 79 40
40 80 80
40 81 30
40 82 80
41 0 80
41 1 80
41 2 80
41 3 30
41 4 60
41 5 30
41 6 80
41 7 60
41 8 60
41 9 40
41 10 80
41 11 40
41 12 30
41 13 60
41 14 80
41 15 40
41 16 60
41 17 30
41 18 40
41 19 60
41 20 30
41 21 60
41 22 60
41 23 40
41 24 30
41 25 40
41 26 80
41 27 80
41 28 30
41 29 60
41 30 30
41 31 80
41 32 80
41 33 30
41 34 30
41 35 30
41 36 80
41 37 30
41 38 40
41 39 30
41 40 40
41 42 40
41 43 60
41 44 80
41 45 30
41 46 40
41 47 40
41 48 80
41 49 30
41 50 30
41 51 60
41 52 30
41 53 60
41 54 60
41 55 30
41 56 80
41 57 80
41 58 40
41 59 30
41 60 80
41 61 60
41 62 80
41 63 80
41 64 30
41 65 30
41 66 30
41 67 80
41 68 80
41 69 60
41 70 30
41 71 40
41 72 40
41 73 40
41 74 40
41 75 30
41 76 60
41 77 30
41 78 60
41 79 30
41 80 40
41 81 40
41 82 80
42 0 30
42 1 40
42 2 80
42 3 80
42 4 80
42 5 80
42 6 30
42 7 80
42 8 30
42 9 30
42 10 60
42 11 60
42 12 80
42 13 30
42 14 40
42 15 60
42 16 30
42 17 30
42 18 30
42 19 40
42 20 40
42 21 40
42 22 60
42 23 60
42 24 30
42 25 40
42 26 60
42 27 30
42 28 80
42 29 60
42 30 40
42 31 60
42 32 30
42 33 30
42 34 80
42 35 30
42 36 40
42 37 60
42 38 40
42 39 40
42 40 80
42 41 80
42 43 80
42 44 60
42 45 80
42 46 40
42 47 60
42 48 60
42 49 40
42 50 80
42 51 30
42 52 30
42 53 40
42 54 80
42 55 60
42 56 80
42 57 80
42 58 40
42 59 60
42 60 30
42 61 80
42 62 40
42 63 60
42 64 80
42 65 80
42 66 80
42 67 60
42 68 40
42 69 80
42 70 40
42 71 80
42 72 30
42 73 80
42 74 30
42 75 80
42 76 40
42 77 30
42 78 80
42 79 40
42 80 60
42 81 30
42 82 80
43 0 30
43 1 30
43 2 40
43 3 80
43 4 40
43 5 60
43 6 80
43 7 40
43 8 30
43 9 30
43 10 80
43 11 40
43 12 30
43 13 60
43 14 80
43 15 80
43 16 80
43 17 80
43 18 30
43 19 40
43 20 30
43 21 30
43 22 80
43 23 40
43 24 60
43 25 80
43 26 30
43 27 30
43 28 80
43 29 30
43 30 80
43 31 80
43 32 60
43 33 40
43 34 60
43 35 80
43 36 30
43 37 80
43 38 30
43 39 60
43 40 80
43 41 60
43 42 30
43 44 80
43 45 60
43 46 40
43 47 60
43 48 40
43 49 80
43 50 80
43 51 60
43 52 30
43 53 80
43 54 30
43 55 80
43 56 40
43 57 60
43 58 80
43 59 40
43 60 40
43 61 60
43 62 40
43 63 80
43 64 40
43 65 80
43 66 30
43 67 40
43 68 30
43 69 40
43 70 60
43 71 60
43 72 40
43 73 30
43 74 80
43 75 30
43 76 30
43 77 30
43 78 40
43 79 40
43 80 40
43 81 40
43 82 40
44 0 30
44 1 80
44 2 60
44 3 80
44 4 40
44 5 60
44 6 40
44 7 40
44 8 60
44 9 30
44 10 60
44 11 30
44 12 80
44 13 60
44 14 30
44 15 40
44 16 30
44 17 40
44 18 40
44 19 30
44 20 30
44 21 60
44 22 60
44 23 30
44 24 60
44 25 80
44 26 60
44 27 80
44 28 80
44 29 60
44 30 80
44 31 40
44 32 60
44 33 80
44 34 60
44 35 40
44 36 40
44 37 60
44 38 60
44 39 30
44 40 40
44 41 30
44 42 30
44 43 30
44 45 80
44 46 80
44 47 40
44 48 60
44 49 80
44 50 40
44 51 30
44 52 60
44 53 60
44 54 60
44 55 80
44 56 80
44 57 60
44 58 80
44 59 60
44 60 80
44 61 80
44 62 40
44 63 80
44 64 30
44 65 40
44 66 40
44 67 60
44 68 60
44 69 60
44 70 60
44 71 60
44 72 40
44 73 80
44 74 40
44 75 30
44 76 30
44 77 30
44 78 40
44 79 30
44 80 60
44 81 80
44 82 80
45 0 40
45 1 80
45 2 40
45 3 40
45 4 60
45 5 30
45 6 60
45 7 30
45 8 40
45 9 40
45 10 80
45 11 30
45 12 30
45 13 60
45 14 40
45 15 60
45 16 60
45 17 80
45 18 40
45 19 30
45 20 80
45 21 60
45 22 40
45 23 30
45 24 40
45 25 80
45 26 60
45 27 40
45 28 80
45 29 60
45 30 30
45 31 40
45 32 30
45 33 30
45 34 30
45 35 60
45 36 80
45 37 30
45 38 80
45 39 60
45 40 60
45 41 30
45 42 40
45 43 80
45 44 30
45 46 60
45 47 40
45 48 80
45 49 30
45 50 40
45 51 40
45 52 30
45 53 80
45 54 60
45 55 80
45 56 30
45 57 60
45 58 60
45 59 30
45 60 30
45 61 60
45 62 30
45 63 60
45 64 60
45 65 40
45 66 80
45 67 80
45 68 80
45 69 80
45 70 40
45 71 40
45 72 40
45 73 80
45 74 60
45 75 40
45 76 80
45 77 30
45 78 40
45 79 40
45 80 80
45 81 40
45 82 30
46 0 40
46 1 30
46 2 80
46 3 30
46 4 30
46 5 40
46 6 60
46 7 40
46 8 30
46 9 30
46 10 60
46 11 80
46 12 60
46 13 60
46 14 80
46 15 30
46 16 60
46 17 30
46 18 60
46 19 80
46 20 40
46 21 40
46 22 30
46 23 60
46 24 40
46 25 60
46 26 60
46 27 40
46 28 30
46 29 80
46 30 30
46 31 30
46 32 80
46 33 30
46 34 80
46 35 80
46 36 80
46 37 40
46 38 60
46 39 80
46 40 80
46 41 60
46 42 60
46 43 30
46 44 80
46 45 80
46 47 30
46 48 40
46 49 30
46 50 40
46 51 60
46 52 40
46 53 30
46 54 40
46 55 60
46 56 80
46 57 80
46 58 60
46 59 40
46 60 60
46 61 80
46 62 30
46 63 30
46 64 80
46 65 40
46 66 60
46 67 80
46 68 40
46 69 30
46 70 30
46 71 30
46 72 80
46 73 60
46 74 60
46 75 30
46 76 60
46 77 80
46 78 80
46 79 60
46 80 40
46 81 80
46 82 80
47 0 80
47 1 60
47 2 40
47 3 80
47 4 30
47 5 40
47 6 80
47 7 30
47 8 40
47 9 40
47 10 80
47 11 30
47 12 30
47 13 40
47 14 60
47 15 60
47 16 60
47 17 40
47 18 80
47 19 40
47 20 60
47 21 80
47 22 30
47 23 60
47 24 30
47 25 40
47 26 40
47 27 60
47 28 40
47 29 60
47 30 40
47 31 30
47 32 60
47 33 80
47 34 30
47 35 80
47 36 30
47 37 60
47 38 80
47 39 80
47 40 60
47 41 30
47 42 40
47 43 40
47 44 30
47 45 80
47 46 60
47 48 60
47 49 80
47 50 40
47 51 80
47 52 60
47 53 80
47 54 40
47 55 60
47 56 40
47 57 40
47 58 30
47 59 60
47 60 60
47 61 60
47 62 80
47 63 60
47 64 60
47 65 80
47 66 60
47 67 80
47 68 30
47 69 60
47 70 80
47 71 60
47 72 80
47 73 40
47 74 80
47 75 30
47 76 80
47 77 30
47 78 40
47 79 30
47 80 80
47 81 30
47 82 30
48 0 30
48 1 30
48 2 30
48 3 60
48 4 60
48 5 30
48 6 80
48 7 30
48 8 30
48 9 40
48 10 40
48 11 80
48 12 80
48 13 60
48 14 40
48 15 30
48 16 40
48 17 40
48 18 30
48 19 30
48 20 60
48 21 40
48 22 80
48 23 30
48 24 30
48 25 40
48 26 40
48 27 80
48 28 30
48 29 60
48 30 80
48 31 80
48 32 30
48 33 80
48 34 30
48 35 30
48 36 40
48 37 30
48 38 80
48 39 60
48 40 30
48 41 30
48 42 80
48 43 60
48 44 30
48 45 60
48 46 40
48 47 30
48 49 30
48 50 30
48 51 30
48 52 80
48 53 80
48 54 40
48 55 60
48 56 30
48 57 60
48 58 60
48 59 40
48 60 80
48 61 30
48 62 80
48 63 80
48 64 80
48 65 60
48 66 40
48 67 60
48 68 60
48 69 80
48 70 40
48 71 40
48 72 30
48 73 80
48 74 40
48 75 30
48 76 40
48 77 60
48 78 30
48 79 40
48 80 40
48 81 40
48 82 60
49 0 30
49 1 30
49 2 30
49 3 30
49 4 30
49 5 30
49 6 40
49 7 30
49 8 30
49 9 60
49 10 30
49 11 30
49 12 80
49 13 30
49 14 60
49 15 60
49 16 30
49 17 60
49 18 30
49 19 30
49 20 30
49 21 80
49 22 60
49 23 80
49 24 30
49 25 30
49 26 30
49 27 40
49 28 30
49 29 30
49 30 60
49 31 40
49 32 30
49 33 40
49 34 80
49 35 40
49 36 60
49 37 80
49 38 80
49 39 40
49 40 40
49 41 40
49 42 30
49 43 60
49 44 80
49 45 80
49 46 60
49 47 60
49 48 30
49 50 80
49 51 60
49 52 40
49 53 80
49 54 80
49 55 80
49 56 30
49 57 30
49 58 60
49 59 60
49 60 30
49 61 60
49 62 80
49 63 60
49 64 80
49 65 80
49 66 60
49 67 40
49 68 30
49 69 60
49 70 60
49 71 60
49 72 30
49 73 60
49 74 60
49 75 60
49 76 80
49 77 30
49 78 40
49 79 30
49 80 80
49 81 40
49 82 30
50 0 30
50 1 30
50 2 40
50 3 30
50 4 30
50 5 60
50 6 80
50 7 60
50 8 80
50 9 30
50 10 30
50 11 30
50 12 80
50 13 60
50 14 40
50 15 60
50 16 40
50 17 80
50 18 60
50 19 30
50 20 80
50 21 40
50 22 80
50 23 80
50 24 30
50 25 60
50 26 40
50 27 60
50 28 40
50 29 40
50 30 40
50 31 80
50 32 30
50 33 30
50 34 40
50 35 40
50 36 60
50 37 60
50 38 60
50 39 60
50 40 80
50 41 60
50 42 40
50 43 40
50 44 30
50 45 30
50 46 30
50 47 30
50 48 60
50 49 60
50 51 30
50 52 60
50 53 60
50 54 40
50 55 60
50 56 80
50 57 60
50 58 40
50 59 60
50 60 80
50 61 40
50 62 80
50 63 60
50 64 80
50 65 60
50 66 60
50 67 30
50 68 30
50 69 60
50 70 60
50 71 80
50 72 40
50 73 60
50 74 80
50 75 60
50 76 60
50 77 30
50 78 60
50 79 30
50 80 40
50 81 60
50 82 80
51 0 80
51 1 80
51 2 30
51 3 80
51 4 40
51 5 60
51 6 30
51 7 80
51 8 80
51 9 60
51 10 80
51 11 60
51 12 30
51 13 40
51 14 80
51 15 30
51 16 30
51 17 30
51 18 80
51 19 60
51 20 80
51 21 60
51 22 30
51 23 60
51 24 80
51 25 30
51 26 80
51 27 40
51 28 80
51 29 40
51 30 80
51 31 60
51 32 80
51 33 80
51 34 60
51 35 60
51 36 40
51 37 80
51 38 30
51 39 60
51 40 80
51 41 40
51 42 80
51 43 60
51 44 40
51 45 40
51 46 30
51 47 80
51 48 30
51 49 80
51 50 40
51 52 30
51 53 80
51 54 60
51 55 60
51 56 40
51 57 60
51 58 60
51 59 80
51 60 60
51 61 40
51 62 40
51 63 40
51 64 30
51 65 60
51 66 30
51 67 80
51 68 40
51 69 60
51 70 30
51 71 40
51 72 80
51 73 80
51 74 60
51 75 30
51 76 80
51 77 40
51 78 60
51 79 40
51 80 40
51 81 30
51 82 60
52 0 30
52 1 60
52 2 60
52 3 60
52 4 30
52 5 30
52 6 40
52 7 80
52 8 60
52 9 40
52 10 30
52 11 30
52 12 40
52 13 80
52 14 40
52 15 40
52 16 40
52 17 30
52 18 80
52 19 30
52 20 80
52 21 30
52 22 60
52 23 80
52 24 60
52 25 40
52 26 60
52 27 80
52 28 80
52 29 40
52 30 60
52 31 80
52 32 80
52 33 80
52 34 60
52 35 60
52 36 80
52 37 60
52 38 80
52 39 80
52 40 80
52 41 30
52 42 30
52 43 30
52 44 80
52 45 60
52 46 30
52 47 80
52 48 60
52 49 60
52 50 30
52 51 60
52 53 80
52 54 40
52 55 40
52 56 30
52 57 40
52 58 30
52 59 30
52 60 60
52 61 60
52 62 80
52 63 30
52 64 30
52 65 30
52 66 40
52 67 40
52 68 80
52 69 80
52 70 40
52 71 80
52 72 80
52 73 60
52 74 30
52 75 40
52 76 80
52 77 40
52 78 40
52 79 60
52 80 30
52 81 60
52 82 30
53 0 40
53 1 60
53 2 60
53 3 40
53 4 60
53 5 60
53 6 60
53 7 40
53 8 60
53 9 30
53 10 80
53 11 60
53 12 60
53 13 40
53 14 80
53 15 40
53 16 30
53 17 60
53 18 80
53 19 30
53 20 60
53 21 30
53 22 30
53 23 40
53 24 80
53 25 40
53 26 40
53 27 40
53 28 40
53 29 60
53 30 80
53 31 60
53 32 60
53 33 80
53 34 30
53 35 40
53 36 80
53 37 60
53 38 40
53 39 30
53 40 80
53 41 40
53 42 30
53 43 30
53 44 80
53 45 60
53 46 40
53 47 40
53 48 30
53 49 30
53 50 30
53 51 60
53 52 80
53 54 60
53 55 60
53 56 30
53 57 80
53 58 30
53 59 40
53 60 40
53 61 30
53 62 80
53 63 60
53 64 80
53 65 80
53 66 40
53 67 40
53 68 40
53 69 80
53 70 30
53 71 30
53 72 80
53 73 60
53 74 40
53 75 60
53 76 80
53 77 60
53 78 60
53 79 60
53 80 60
53 81 30
53 82 80
54 0 60
54 1 80
54 2 30
54 3 60
54 4 60
54 5 60
54 6 80
54 7 30
54 8 80
54 9 30
54 10 30
54 11 30
54 12 60
54 13 30
54 14 40
54 15 40
54 16 60
54 17 60
54 18 60
54 19 30
54 20 60
54 21 30
54 22 40
54 23 80
54 24 30
54 25 80
54 26 30
54 27 40
54 28 80
54 29 30
54 30 80
54 31 30
54 32 60
54 33 80
54 34 80
54 35 40
54 36 40
54 37 80
54 38 40
54 39 60
54 40 40
54 41 60
54 42 80
54 43 60
54 44 40
54 45 30
54 46 60
54 47 40
54 48 40
54 49 80
54 50 80
54 51 40
54 52 40
54 53 40
54 55 60
54 56 60
54 57 30
54 58 60
54 59 30
54 60 60
54 61 60
54 62 60
54 63 30
54 64 80
54 65 60
54 66 60
54 67 80
54 68 40
54 69 60
54 70 80
54 71 60
54 72 40
54 73 80
54 74 30
54 75 60
54 76 80
54 77 40
54 78 40
54 79 30
54 80 80
54 81 60
54 82 30
55 0 30
55 1 40
55 2 60
55 3 30
55 4 30
55 5 60
55 6 60
55 7 80
55 8 30
55 9 80
55 10 80
55 11 80
55 12 60
55 13 30
55 14 80
55 15 40
55 16 80
55 17 30
55 18 30
55 19 80
55 20 30
55 21 40
55 22 30
55 23 80
55 24 60
55 25 30
55 26 30
55 27 60
55 28 40
55 29 60
55 30 30
55 31 40
55 32 60
55 33 30
55 34 30
55 35 80
55 36 80
55 37 60
55 38 60
55 39 60
55 40 80
55 41 40
55 42 60
55 43 80
55 44 40
55 45 30
55 46 60
55 47 30
55 48 40
55 49 80
55 50 60
55 51 80
55 52 40
55 53 80
55 54 30
55 56 60
55 57 80
55 58 40
55 59 60
55 60 80
55 61 60
55 62 60
55 63 40
55 64 60
55 65 30
55 66 80
55 67 80
55 68 30
55 69 60
55 70 40
55 71 60
55 72 80
55 73 60
55 74 80
55 75 80
55 76 80
55 77 40
55 78 40
55 79 30
55 80 30
55 81 40
55 82 60
56 0 60
56 1 60
56 2 60
56 3 80
56 4 60
56 5 80
56 6 30
56 7 80
56 8 80
56 9 30
56 10 30
56 11 30
56 12 30
56 13 80
56 14 60
56 15 80
56 16 60
56 17 60
56 18 40
56 19 80
56 20 40
56 21 60
56 22 30
56 23 80
56 24 40
56 25 80
56 26 30
56 27 60
56 28 60
56 29 40
56 30 30
56 31 40
56 32 60
56 33 30
56 34 60
56 35 80
56 36 40
56 37 60
56 38 60
56 39 30
56 40 30
56 41 80
56 42 30
56 43 30
56 44 30
56 45 30
56 46 40
56 47 30
56 48 60
56 49 80
56 50 80
56 51 30
56 52 60
56 53 30
56 54 80
56 55 30
56 57 80
56 58 40
56 59 30
56 60 80
56 61 40
56 62 40
56 63 80
56 64 40
56 65 60
56 66 80
56 67 80
56 68 40
56 69 30
56 70 80
56 71 40
56 72 40
56 73 80
56 74 60
56 75 30
56 76 30
56 77 30
56 78 30
56 79 80
56 80 40
56 81 40
56 82 80
57 0 30
57 1 60
57 2 60
57 3 30
57 4 40
57 5 30
57 6 80
57 7 80
57 8 80
57 9 30
57 10 60
57 11 80
57 12 80
57 13 60
57 14 80
57 15 80
57 16 40
57 17 40
57 18 30
57 19 80
57 20 30
57 21 60
57 22 80
57 23 60
57 24 80
57 25 80
57 26 30
57 27 40
57 28 80
57 29 60
57 30 40
57 31 60
57 32 40
57 33 40
57 34 80
57 35 60
57 36 60
57 37 80
57 38 30
57 39 40
57 40 40
57 41 80
57 42 40
57 43 60
57 44 60
57 45 30
57 46 30
57 47 80
57 48 80
57 49 40
57 50 60
57 51 30
57 52 40
57 53 40
57 54 60
57 55 30
57 56 40
57 58 80
57 59 40
57 60 80
57 61 40
57 62 30
57 63 80
57 64 40
57 65 30
57 66 30
57 67 60
57 68 60
57 69 80
57 70 30
57 71 30
57 72 80
57 73 60
57 74 40
57 75 40
57 76 80
57 77 30
57 78 60
57 79 30
57 80 80
57 81 80
57 82 60
58 0 80
58 1 40
58 2 80
58 3 80
58 4 40
58 5 40
58 6 60
58 7 60
58 8 40
58 9 80
58 10 80
58 11 80
58 12 60
58 13 40
58 14 30
58 15 80
58 16 30
58 17 40
58 18 60
58 19 80
58 20 40
58 21 80
58 22 80
58 23 80
58 24 40
58 25 30
58 26 30
58 27 40
58 28 80
58 29 30
58 30 60
58 31 30
58 32 80
58 33 40
58 34 30
58 35 80
58 36 80
58 37 40
58 38 30
58 39 30
58 40 30
58 41 40
58 42 30
58 43 80
58 44 40
58 45 60
58 46 30
58 47 30
58 48 80
58 49 30
58 50 30
58 51 80
58 52 80
58 53 60
58 54 80
58 55 30
58 56 60
58 57 30
58 59 80
58 60 40
58 61 80
58 62 60
58 63 30
58 64 80
58 65 30
58 66 30
58 67 40
58 68 60
58 69 80
58 70 60
58 71 40
58 72 60
58 73 40
58 74 40
58 75 80
58 76 80
58 77 40
58 78 60
58 79 30
58 80 80
58 81 30
58 82 30
59 0 40
59 1 30
59 2 80
59 3 30
59 4 60
59 5 80
59 6 40
59 7 40
59 8 40
59 9 60
59 10 60
59 11 60
59 12 30
59 13 40
59 14 40
59 15 30
59 16 60
59 17 30
59 18 60
59 19 30
59 20 60
59 21 30
59 22 30
59 23 30
59 24 80
59 25 40
59 26 30
59 27 40
59 28 60
59 29 60
59 30 60
59 31 80
59 32 40
59 33 60
59 34 60
59 35 30
59 36 40
59 37 60
59 38 40
59 39 40
59 40 60
59 41 80
59 42 30
59 43 60
59 44 80
59 45 30
59 46 40
59 47 30
59 48 40
59 49 40
59 50 40
59 51 30
59 52 40
59 53 30
59 54 40
59 55 80
59 56 40
59 57 80
59 58 80
59 60 60
59 61 60
59 62 30
59 63 40
59 64 60
59 65 60
59 66 30
59 67 80
59 68 30
59 69 30
59 70 80
59 71 30
59 72 30
59 73 80
59 74 40
59 75 80
59 76 40
59 77 40
59 78 40
59 79 60
59 80 60
59 81 30
59 82 30
60 0 40
60 1 30
60 2 40
60 3 40
60 4 30
60 5 40
60 6 40
60 7 40
60 8 40
60 9 30
60 10 80
60 11 80
60 12 80
60 13 60
60 14 60
60 15 80
60 16 40
60 17 30
60 18 60
60 19 30
60 20 60
60 21 80
60 22 60
60 23 30
60 24 60
60 25 60
60 26 60
60 27 30
60 28 80
60 29 60
60 30 80
60 31 30
60 32 30
60 33 30
60 34 60
60 35 40
60 36 40
60 37 30
60 38 60
60 39 30
60 40 60
60 41 40
60 42 80
60 43 40
60 44 40
60 45 60
60 46 60
60 47 60
60 48 60
60 49 80
60 50 60
60 51 60
60 52 40
60 53 80
60 54 80
60 55 80
60 56 80
60 57 40
60 58 80
60 59 60
60 61 40
60 62 60
60 63 40
60 64 30
60 65 40
60 66 80
60 67 80
60 68 80
60 69 80
60 70 30
60 71 80
60 72 60
60 73 40
60 74 80
60 75 30
60 76 30
60 77 80
60 78 80
60 79 40
60 80 40
60 81 80
60 82 40
61 0 60
61 1 80
61 2 80
61 3 40
61 4 30
61 5 80
61 6 80
61 7 40
61 8 60
61 9 30
61 10 60
61 11 40
61 12 40
61 13 80
61 14 40
61 15 40
61 16 80
61 17 40
61 18 60
61 19 60
61 20 30
61 21 30
61 22 40
61 23 60
61 24 30
61 25 60
61 26 60
61 27 30
61 28 30
61 29 30
61 30 60
61 31 30
61 32 60
61 33 40
61 34 30
61 35 80
61 36 60
61 37 40
61 38 40
61 39 30
61 40 40
61 41 60
61 42 80
61 43 30
61 44 60
61 45 60
61 46 30
61 47 40
61 48 30
61 49 60
61 50 30
61 51 30
61 52 30
61 53 40
61 54 40
61 55 40
61 56 60
61 57 30
61 58 30
61 59 60
61 60 30
61 62 30
61 63 80
61 64 60
61 65 40
61 66 40
61 67 60
61 68 80
61 69 40
61 70 40
61 71 30
61 72 40
61 73 40
61 74 40
61 75 40
61 76 40
61 77 40
61 78 60
61 79 40
61 80 30
61 81 60
61 82 30
62 0 40
62 1 40
62 2 40
62 3 80
62 4 60
62 5 60
62 6 60
62 7 80
62 8 80
62 9 80
62 10 30
62 11 30
62 12 40
62 13 80
62 14 80
62 15 30
62 16 60
62 17 30
62 18 80
62 19 60
62 20 40
62 21 30
62 22 40
62 23 40
62 24 80
62 25 40
62 26 60
62 27 60
62 28 40
62 29 30
62 30 30
62 31 40
62 32 30
62 33 30
62 34 80
62 35 30
62 36 60
62 37 40
62 38 30
62 39 60
62 40 40
62 41 80
62 42 30
62 43 80
62 44 30
62 45 60
62 46 80
62 47 30
62 48 60
62 49 80
62 50 80
62 51 60
62 52 40
62 53 40
62 54 30
62 55 40
62 56 60
62 57 30
62 58 40
62 59 80
62 60 40
62 61 30
62 63 30
62 64 30
62 65 80
62 66 60
62 67 40
62 68 80
62 69 40
62 70 40
62 71 80
62 72 60
62 73 80
62 74 80
62 75 60
62 76 80
62 77 30
62 78 60
62 79 80
62 80 40
62 81 80
62 82 80
63 0 60
63 1 40
63 2 30
63 3 40
63 4 80
63 5 60
63 6 40
63 7 80
63 8 30
63 9 30
63 10 30
63 11 40
63 12 30
63 13 30
63 14 40
63 15 30
63 16 40
63 17 40
63 18 60
63 19 40
63 20 60
63 21 40
63 22 60
63 23 40
63 24 30
63 25 80
63 26 30
63 27 30
63 28 40
63 29 40
63 30 40
63 31 30
63 32 60
63 33 60
63 34 30
63 35 40
63 36 60
63 37 40
63 38 30
63 39 30
63 40 60
63 41 30
63 42 30
63 43 40
63 44 30
63 45 30
63 46 30
63 47 40
63 48 30
63 49 30
63 50 30
63 51 30
63 52 80
63 53 60
63 54 40
63 55 40
63 56 30
63 57 40
63 58 30
63 59 30
63 60 30
63 61 60
63 62 40
63 64 30
63 65 40
63 66 40
63 67 80
63 68 40
63 69 30
63 70 30
63 71 40
63 72 30
63 73 60
63 74 40
63 75 30
63 76 80
63 77 30
63 78 40
63 79 30
63 80 80
63 81 60
63 82 80
64 0 60
64 1 40
64 2 60
64 3 60
64 4 30
64 5 30
64 6 30
64 7 60
64 8 40
64 9 80
64 10 40
64 11 60
64 12 40
64 13 80
64 14 80
64 15 30
64 16 40
64 17 60
64 18 80
64 19 40
64 20 60
64 21 30
64 22 30
64 23 80
64 24 80
64 25 60
64 26 60
64 27 30
64 28 60
64 29 80
64 30 80
64 31 40
64 32 60
64 33 60
64 34 80
64 35 30
64 36 60
64 37 30
64 38 30
64 39 80
64 40 80
64 41 80
64 42 30
64 43 30
64 44 30
64 45 40
64 46 80
64 47 80
64 48 30
64 49 30
64 50 80
64 51 60
64 52 30
64 53 80
64 54 60
64 55 80
64 56 30
64 57 80
64 58 40
64 59 60
64 60 80
64 61 60
64 62 60
64 63 60
64 65 80
64 66 60
64 67 80
64 68 60
64 69 40
64 70 30
64 71 30
64 72 30
64 73 40
64 74 60
64 75 60
64 76 30
64 77 60
64 78 40
64 79 80
64 80 30
64 81 60
64 82 60
65 0 40
65 1 30
65 2 30
65 3 40
65 4 60
65 5 80
65 6 30
65 7 40
65 8 80
65 9 80
65 10 30
65 11 80
65 12 80
65 13 40
65 14 80
65 15 40
65 16 40
65 17 30
65 18 60
65 19 80
65 20 40
65 21 80
65 22 60
65 23 80
65 24 30
65 25 30
65 26 80
65 27 60
65 28 80
65 29 30
65 30 30
65 31 30
65 32 40
65 33 80
65 34 80
65 35 80
65 36 60
65 37 30
65 38 80
65 39 30
65 40 30
65 41 30
65 42 40
65 43 80
65 44 80
65 45 80
65 46 30
65 47 80
65 48 40
65 49 80
65 50 30
65 51 30
65 52 80
65 53 30
65 54 30
65 55 60
65 56 80
65 57 40
65 58 80
65 59 80
65 60 60
65 61 30
65 62 30
65 63 40
65 64 80
65 66 80
65 67 40
65 68 60
65 69 40
65 70 40
65 71 60
65 72 30
65 73 80
65 74 80
65 75 60
65 76 60
65 77 60
65 78 30
65 79 80
65 80 30
65 81 60
65 82 30
66 0 80
66 1 60
66 2 40
66 3 30
66 4 30
66 5 40
66 6 80
66 7 60
66 8 30
66 9 40
66 10 40
66 11 30
66 12 80
66 13 80
66 14 80
66 15 40
66 16 40
66 17 60
66 18 40
66 19 40
66 20 30
66 21 60
66 22 60
66 23 80
66 24 40
66 25 40
66 26 40
66 27 60
66 28 80
66 29 80
66 30 80
66 31 60
66 32 40
66 33 80
66 34 30
66 35 30
66 36 60
66 37 30
66 38 80
66 39 80
66 40 80
66 41 30
66 42 30
66 43 30
66 44 40
66 45 80
66 46 80
66 47 80
66 48 60
66 49 80
66 50 60
66 51 60
66 52 60
66 53 40
66 54 80
66 55 80
66 56 40
66 57 60
66 58 40
66 59 60
66 60 60
66 61 80
66 62 80
66 63 80
66 64 30
66 65 30
66 67 80
66 68 60
66 69 80
66 70 40
66 71 80
66 72 30
66 73 60
66 74 80
66 75 60
66 76 30
66 77 30
66 78 30
66 79 80
66 80 40
66 81 60
66 82 80
67 0 30
67 1 40
67 2 60
67 3 80
67 4 60
67 5 40
67 6 80
67 7 30
67 8 80
67 9 40
67 10 40
67 11 60
67 12 60
67 13 30
67 14 60
67 15 30
67 16 30
67 17 80
67 18 40
67 19 30
67 20 60
67 21 40
67 22 30
67 23 80
67 24 40
67 25 40
67 26 40
67 27 30
67 28 60
67 29 30
67 30 60
67 31 80
67 32 30
67 33 80
67 34 30
67 35 60
67 36 60
67 37 80
67 38 30
67 39 80
67 40 30
67 41 60
67 42 80
67 43 80
67 44 80
67 45 80
67 46 40
67 47 40
67 48 40
67 49 60
67 50 30
67 51 80
67 52 40
67 53 80
67 54 30
67 55 30
67 56 80
67 57 30
67 58 60
67 59 60
67 60 80
67 61 80
67 62 30
67 63 30
67 64 60
67 65 60
67 66 60
67 68 30
67 69 40
67 70 40
67 71 60
67 72 30
67 73 30
67 74 30
67 75 30
67 76 80
67 77 40
67 78 60
67 79 80
67 80 60
67 81 60
67 82 60
68 0 80
68 1 60
68 2 60
68 3 80
68 4 40
68 5 40
68 6 30
68 7 80
68 8 80
68 9 60
68 10 60
68 11 30
68 12 80
68 13 40
68 14 60
68 15 60
68 16 60
68 17 80
68 18 80
68 19 80
68 20 40
68 21 40
68 22 60
68 23 40
68 24 40
68 25 30
68 26 30
68 27 60
68 28 30
68 29 40
68 30 30
68 31 40
68 32 30
68 33 60
68 34 40
68 35 40
68 36 30
68 37 60
68 38 60
68 39 40
68 40 40
68 41 40
68 42 60
68 43 80
68 44 60
68 45 30
68 46 40
68 47 60
68 48 80
68 49 40
68 50 80
68 51 30
68 52 60
68 53 30
68 54 60
68 55 30
68 56 60
68 57 60
68 58 40
68 59 40
68 60 30
68 61 40
68 62 80
68 63 40
68 64 80
68 65 40
68 66 30
68 67 60
68 69 60
68 70 80
68 71 60
68 72 60
68 73 80
68 74 30
68 75 30
68 76 40
68 77 40
68 78 80
68 79 80
68 80 30
68 81 60
68 82 60
69 0 30
69 1 60
69 2 80
69 3 80
69 4 30
69 5 30
69 6 30
69 7 80
69 8 30
69 9 30
69 10 60
69 11 30
69 12 40
69 13 40
69 14 80
69 15 30
69 16 80
69 17 60
69 18 40
69 19 80
69 20 80
69 21 80
69 22 30
69 23 30
69 24 60
69 25 60
69 26 30
69 27 40
69 28 40
69 29 40
69 30 40
69 31 30
69 32 40
69 33 30
69 34 30
69 35 40
69 36 40
69 37 40
69 38 60
69 39 60
69 40 30
69 41 40
69 42 80
69 43 40
69 44 60
69 45 30
69 46 80
69 47 60
69 48 40
69 49 40
69 50 30
69 51 60
69 52 60
69 53 30
69 54 40
69 55 60
69 56 60
69 57 30
69 58 80
69 59 40
69 60 60
69 61 60
69 62 60
69 63 40
69 64 40
69 65 30
69 66 30
69 67 40
69 68 60
69 70 30
69 71 40
69 72 40
69 73 30
69 74 80
69 75 60
69 76 60
69 77 30
69 78 60
69 79 80
69 80 80
69 81 60
69 82 60
70 0 30
70 1 30
70 2 30
70 3 60
70 4 80
70 5 60
70 6 30
70 7 40
70 8 30
70 9 40
70 10 80
70 11 60
70 12 80
70 13 30
70 14 60
70 15 30
70 16 30
70 17 60
70 18 60
70 19 60
70 20 40
70 21 30
70 22 80
70 23 60
70 24 30
70 25 40
70 26 30
70 27 40
70 28 60
70 29 80
70 30 40
70 31 30
70 32 30
70 33 60
70 34 80
70 35 80
70 36 80
70 37 60
70 38 80
70 39 30
70 40 60
70 41 80
70 42 30
70 43 30
70 44 40
70 45 60
70 46 30
70 47 30
70 48 80
70 49 80
70 50 40
70 51 30
70 52 60
70 53 30
70 54 80
70 55 40
70 56 80
70 57 30
70 58 30
70 59 40
70 60 30
70 61 80
70 62 60
70 63 60
70 64 40
70 65 40
70 66 40
70 67 60
70 68 80
70 69 80
70 71 80
70 72 80
70 73 80
70 74 30
70 75 30
70 76 60
70 77 40
70 78 30
70 79 60
70 80 30
70 81 80
70 82 30
71 0 40
71 1 60
71 2 80
71 3 60
71 4 40
71 5 80
71 6 30
71 7 60
71 8 80
71 9 80
71 10 80
71 11 30
71 12 80
71 13 40
71 14 40
71 15 60
71 16 60
71 17 80
71 18 80
71 19 30
71 20 30
71 21 60
71 22 80
71 23 40
71 24 80
71 25 60
71 26 80
71 27 60
71 28 30
71 29 60
71 30 30
71 31 40
71 32 60
71 33 60
71 34 30
71 35 40
71 36 30
71 37 60
71 38 40
71 39 80
71 40 30
71 41 30
71 42 60
71 43 80
71 44 30
71 45 40
71 46 40
71 47 40
71 48 30
71 49 60
71 50 80
71 51 80
71 52 80
71 53 80
71 54 40
71 55 40
71 56 30
71 57 30
71 58 80
71 59 80
71 60 30
71 61 40
71 62 80
71 63 60
71 64 30
71 65 60
71 66 40
71 67 30
71 68 30
71 69 60
71 70 30
71 72 30
71 73 30
71 74 60
71 75 80
71 76 60
71 77 80
71 78 40
71 79 30
71 80 40
71 81 80
71 82 30
72 0 60
72 1 80
72 2 30
72 3 80
72 4 30
72 5 80
72 6 60
72 7 30
72 8 40
72 9 80
72 10 80
72 11 30
72 12 40
72 13 40
72 14 60
72 15 30
72 16 30
72 17 60
72 18 60
72 19 40
72 20 40
72 21 60
72 22 30
72 23 60
72 24 30
72 25 80
72 26 40
72 27 30
72 28 60
72 29 80
72 30 80
72 31 30
72 32 30
72 33 80
72 34 40
72 35 60
72 36 80
72 37 80
72 38 80
72 39 30
72 40 60
72 41 30
72 42 30
72 43 60
72 44 40
72 45 40
72 46 80
72 47 60
72 48 40
72 49 30
72 50 60
72 51 80
72 52 80
72 53 40
72 54 60
72 55 40
72 56 40
72 57 40
72 58 80
72 59 60
72 60 40
72 61 40
72 62 30
72 63 60
72 64 40
72 65 30
72 66 60
72 67 60
72 68 40
72 69 60
72 70 80
72 71 40
72 73 60
72 74 30
72 75 30
72 76 80
72 77 40
72 78 80
72 79 30
72 80 80
72 81 30
72 82 80
73 0 40
73 1 80
73 2 80
73 3 60
73 4 60
73 5 30
73 6 30
73 7 60
73 8 30
73 9 80
73 10 30
73 11 60
73 12 60
73 13 60
73 14 80
73 15 30
73 16 60
73 17 30
73 18 80
73 19 40
73 20 80
73 21 60
73 22 30
73 23 40
73 24 30
73 25 80
73 26 80
73 27 60
73 28 30
73 29 40
73 30 80
73 31 80
73 32 30
73 33 40
73 34 80
73 35 40
73 36 30
73 37 80
73 38 80
73 39 30
73 40 30
73 41 40
73 42 40
73 43 40
73 44 40
73 45 30
73 46 60
73 47 40
73 48 30
73 49 30
73 50 60
73 51 30
73 52 60
73 53 40
73 54 60
73 55 60
73 56 80
73 57 30
73 58 80
73 59 40
73 60 40
73 61 30
73 62 80
73 63 30
73 64 30
73 65 40
73 66 80
73 67 40
73 68 60
73 69 80
73 70 40
73 71 30
73 72 40
73 74 60
73 75 60
73 76 40
73 77 30
73 78 30
73 79 80
73 80 60
73 81 60
73 82 30
74 0 80
74 1 40
74 2 40
74 3 80
74 4 80
74 5 60
74 6 40
74 7 80
74 8 80
74 9 60
74 10 40
74 11 60
74 12 40
74 13 40
74 14 30
74 15 40
74 16 80
74 17 60
74 18 40
74 19 30
74 20 30
74 21 80
74 22 60
74 23 40
74 24 60
74 25 40
74 26 60
74 27 60
74 28 60
74 29 40
74 30 60
74 31 80
74 32 40
74 33 40
74 34 60
74 35 40
74 36 80
74 37 40
74 38 80
74 39 30
74 40 30
74 41 60
74 42 40
74 43 80
74 44 40
74 45 60
74 46 80
74 47 60
74 48 60
74 49 80
74 50 30
74 51 80
74 52 60
74 53 40
74 54 80
74 55 30
74 56 40
74 57 60
74 58 40
74 59 80
74 60 30
74 61 60
74 62 40
74 63 60
74 64 60
74 65 80
74 66 30
74 67 60
74 68 40
74 69 60
74 70 80
74 71 80
74 72 40
74 73 30
74 75 40
74 76 30
74 77 40
74 78 60
74 79 80
74 80 30
74 81 80
74 82 80
75 0 40
75 1 40
75 2 40
75 3 60
75 4 30
75 5 30
75 6 40
75 7 80
75 8 60
75 9 80
75 10 60
75 11 40
75 12 60
75 13 60
75 14 60
75 15 30
75 16 80
75 17 60
75 18 40
75 19 60
75 20 60
75 21 60
75 22 30
75 23 30
75 24 40
75 25 80
75 26 40
75 27 60
75 28 80
75 29 80
75 30 60
75 31 30
75 32 80
75 33 30
75 34 60
75 35 40
75 36 40
75 37 30
75 38 80
75 39 40
75 40 60
75 41 60
75 42 60
75 43 40
75 44 60
75 45 30
75 46 80
75 47 30
75 48 80
75 49 60
75 50 30
75 51 80
75 52 30
75 53 30
75 54 60
75 55 60
75 56 30
75 57 30
75 58 30
75 59 60
75 60 40
75 61 80
75 62 60
75 63 60
75 64 40
75 65 30
75 66 40
75 67 30
75 68 30
75 69 80
75 70 40
75 71 60
75 72 30
75 73 30
75 74 30
75 76 80
75 77 80
75 78 80
75 79 60
75 80 80
75 81 80
75 82 60
76 0 40
76 1 30
76 2 30
76 3 80
76 4 80
76 5 30
76 6 60
76 7 30
76 8 60
76 9 60
76 10 40
76 11 60
76 12 40
76 13 80
76 14 60
76 15 60
76 16 80
76 17 60
76 18 40
76 19 80
76 20 40
76 21 30
76 22 60
76 23 30
76 24 60
76 25 80
76 26 40
76 27 80
76 28 80
76 29 60
76 30 30
76 31 60
76 32 40
76 33 80
76 34 40
76 35 60
76 36 40
76 37 80
76 38 60
76 39 30
76 40 30
76 41 60
76 42 80
76 43 40
76 44 30
76 45 60
76 46 80
76 47 40
76 48 80
76 49 80
76 50 40
76 51 30
76 52 80
76 53 60
76 54 40
76 55 80
76 56 60
76 57 30
76 58 30
76 59 80
76 60 60
76 61 30
76 62 80
76 63 60
76 64 60
76 65 40
76 66 40
76 67 30
76 68 30
76 69 60
76 70 80
76 71 60
76 72 30
76 73 60
76 74 60
76 75 80
76 77 60
76 78 60
76 79 30
76 80 80
76 81 60
76 82 80
77 0 80
77 1 40
77 2 40
77 3 60
77 4 80
77 5 30
77 6 60
77 7 30
77 8 80
77 9 60
77 10 60
77 11 40
77 12 80
77 13 40
77 14 30
77 15 60
77 16 30
77 17 40
77 18 40
77 19 40
77 20 80
77 21 60
77 22 60
77 23 80
77 24 80
77 25 80
77 26 80
77 27 30
77 28 40
77 29 60
77 30 30
77 31 30
77 32 30
77 33 60
77 34 30
77 35 80
77 36 80
77 37 80
77 38 60
77 39 60
77 40 60
77 41 30
77 42 80
77 43 60
77 44 30
77 45 60
77 46 80
77 47 30
77 48 80
77 49 60
77 50 80
77 51 40
77 52 30
77 53 80
77 54 60
77 55 30
77 56 30
77 57 40
77 58 30
77 59 60
77 60 40
77 61 30
77 62 60
77 63 80
77 64 40
77 65 80
77 66 30
77 67 30
77 68 60
77 69 80
77 70 30
77 71 60
77 72 60
77 73 60
77 74 60
77 75 80
77 76 60
77 78 30
77 79 80
77 80 60
77 81 60
77 82 80
78 0 30
78 1 30
78 2 60
78 3 40
78 4 80
78 5 80
78 6 30
78 7 60
78 8 40
78 9 60
78 10 80
78 11 40
78 12 30
78 13 40
78 14 40
78 15 30
78 16 80
78 17 80
78 18 40
78 19 40
78 20 60
78 21 30
78 22 60
78 23 30
78 24 60
78 25 30
78 26 60
78 27 30
78 28 80
78 29 80
78 30 40
78 31 30
78 32 80
78 33 60
78 34 30
78 35 80
78 36 30
78 37 30
78 38 40
78 39 80
78 40 60
78 41 60
78 42 40
78 43 40
78 44 80
78 45 30
78 46 40
78 47 30
78 48 60
78 49 60
78 50 60
78 51 80
78 52 60
78 53 30
78 54 40
78 55 60
78 56 40
78 57 40
78 58 30
78 59 40
78 60 40
78 61 30
78 62 80
78 63 40
78 64 80
78 65 30
78 66 60
78 67 40
78 68 60
78 69 80
78 70 80
78 71 40
78 72 60
78 73 40
78 74 30
78 75 80
78 76 80
78 77 60
78 79 30
78 80 60
78 81 60
78 82 40
79 0 80
79 1 30
79 2 60
79 3 80
79 4 40
79 5 80
79 6 60
79 7 60
79 8 40
79 9 60
79 10 30
79 11 40
79 12 80
79 13 30
79 14 80
79 15 80
79 16 30
79 17 40
79 18 30
79 19 80
79 20 30
79 21 60
79 22 80
79 23 40
79 24 80
79 25 40
79 26 30
79 27 40
79 28 40
79 29 40
79 30 60
79 31 30
79 32 80
79 33 40
79 34 60
79 35 30
79 36 40
79 37 30
79 38 80
79 39 80
79 40 30
79 41 60
79 42 80
79 43 60
79 44 30
79 45 60
79 46 60
79 47 40
79 48 30
79 49 80
79 50 60
79 51 30
79 52 40
79 53 60
79 54 30
79 55 60
79 56 30
79 57 60
79 58 80
79 59 30
79 60 30
79 61 80
79 62 30
79 63 40
79 64 60
79 65 60
79 66 60
79 67 60
79 68 30
79 69 30
79 70 40
79 71 30
79 72 30
79 73 80
79 74 60
79 75 30
79 76 30
79 77 30
79 78 30
79 80 40
79 81 60
79 82 60
80 0 60
80 1 40
80 2 80
80 3 80
80 4 60
80 5 60
80 6 80
80 7 80
80 8 80
80 9 60
80 10 60
80 11 80
80 12 60
80 13 30
80 14 80
80 15 30
80 16 40
80 17 60
80 18 80
80 19 80
80 20 80
80 21 60
80 22 40
80 23 60
80 24 30
80 25 30
80 26 30
80 27 40
80 28 60
80 29 30
80 30 80
80 31 40
80 32 40
80 33 80
80 34 40
80 35 30
80 36 30
80 37 40
80 38 80
80 39 80
80 40 60
80 41 30
80 42 80
80 43 60
80 44 60
80 45 40
80 46 80
80 47 30
80 48 40
80 49 80
80 50 60
80 51 80
80 52 60
80 53 40
80 54 60
80 55 60
80 56 40
80 57 40
80 58 30
80 59 30
80 60 30
80 61 60
80 62 80
80 63 30
80 64 40
80 65 30
80 66 60
80 67 40
80 68 80
80 69 30
80 70 60
80 71 30
80 72 30
80 73 40
80 74 40
80 75 80
80 76 60
80 77 40
80 78 40
80 79 80
80 81 30
80 82 80
81 0 80
81 1 60
81 2 80
81 3 80
81 4 40
81 5 80
81 6 60
81 7 80
81 8 60
81 9 40
81 10 40
81 11 30
81 12 80
81 13 40
81 14 80
81 15 80
81 16 30
81 17 80
81 18 60
81 19 80
81 20 60
81 21 80
81 22 30
81 23 40
81 24 40
81 25 60
81 26 60
81 27 60
81 28 40
81 29 30
81 30 60
81 31 60
81 32 80
81 33 80
81 34 60
81 35 30
81 36 40
81 37 80
81 38 80
81 39 30
81 40 80
81 41 60
81 42 40
81 43 30
81 44 80
81 45 40
81 46 40
81 47 60
81 48 30
81 49 60
81 50 60
81 51 30
81 52 60
81 53 40
81 54 30
81 55 80
81 56 30
81 57 30
81 58 60
81 59 40
81 60 80
81 61 30
81 62 40
81 63 80
81 64 30
81 65 40
81 66 80
81 67 30
81 68 30
81 69 80
81 70 30
81 71 80
81 72 40
81 73 60
81 74 80
81 75 40
81 76 80
81 77 30
81 78 30
81 79 30
81 80 80
81 82 30
82 0 30
82 1 80
82 2 60
82 3 40
82 4 80
82 5 80
82 6 80
82 7 60
82 8 30
82 9 40
82 10 80
82 11 30
82 12 30
82 13 30
82 14 80
82 15 60
82 16 30
82 17 40
82 18 40
82 19 30
82 20 40
82 21 30
82 22 60
82 23 40
82 24 40
82 25 30
82 26 40
82 27 80
82 28 80
82 29 30
82 30 40
82 31 80
82 32 30
82 33 30
82 34 60
82 35 60
82 36 30
82 37 80
82 38 80
82 39 80
82 40 60
82 41 40
82 42 40
82 43 80
82 44 80
82 45 30
82 46 40
82 47 40
82 48 40
82 49 80
82 50 60
82 51 40
82 52 60
82 53 60
82 54 60
82 55 60
82 56 60
82 57 60
82 58 60
82 59 80
82 60 60
82 61 60
82 62 60
82 63 80
82 64 60
82 65 30
82 66 40
82 67 80
82 68 40
82 69 30
82 70 40
82 71 40
82 72 60
82 73 60
82 74 80
82 75 40
82 76 30
82 77 60
82 78 80
82 79 80
82 80 60
82 81 60
