NAME C75R4-1
SOURCE Zhang et al. (2018) methodology — reproducible synthetic benchmark
N_CUSTOMERS 75
N_STATIONS 4
VARIANT 1
GRID_MILES 200.0
VEHICLE_CAPACITY 3.0
BATTERY_KWH 110.0
CURB_WEIGHT_KG 2000.0
ALPHA_ARC 0.0981
BETA_VEH 2.11
EFF_D 1.11
EFF_M 1.25
SPEED_SEED 26022471
CUSTOMER_SEED 84775
STATION_SEED 94890

NODES
0 160934.400000 160934.400000 0.000000 depot_start
1 4166.777309 112446.408097 0.065939 customer
2 160201.125722 220015.030210 0.099294 customer
3 113715.269829 259656.071873 0.057959 customer
4 181723.897430 177879.048946 0.101338 customer
5 304607.858454 162739.845983 0.149470 customer
6 313225.365828 247373.594695 0.119500 customer
7 140490.223852 169117.603149 0.069407 customer
8 40525.271997 104997.463967 0.123212 customer
9 239561.275752 194483.897893 0.117872 customer
10 305107.895036 261627.707619 0.143360 customer
11 265040.477963 288573.247680 0.059169 customer
12 52232.902779 10012.648536 0.117693 customer
13 278653.859910 12179.929637 0.103971 customer
14 262305.078952 253253.010725 0.062847 customer
15 80090.331992 259688.908345 0.081407 customer
16 182729.127829 80069.871255 0.071073 customer
17 181256.967090 156868.427264 0.086575 customer
18 276085.673283 93348.218797 0.120788 customer
19 186182.031700 279947.123149 0.135162 customer
20 225275.912606 274204.852617 0.067994 customer
21 206822.700208 202514.580516 0.057529 customer
22 167279.666733 214454.329315 0.127533 customer
23 9346.178280 252262.115648 0.076428 customer
24 30783.875806 127664.383336 0.110586 customer
25 168683.591165 317060.868864 0.138301 customer
26 230940.200190 130615.945218 0.081651 customer
27 145659.918941 148877.545368 0.060138 customer
28 312979.259584 264079.636684 0.120565 customer
29 207948.122834 262321.120370 0.050855 customer
30 79748.776776 218516.683899 0.138973 customer
31 218002.612138 129679.613759 0.131294 customer
32 232642.591491 276024.814661 0.074728 customer
33 198826.219632 8982.201744 0.148221 customer
34 141007.047235 72157.331957 0.107147 customer
35 216302.900600 290644.114474 0.149527 customer
36 8187.407633 209388.625368 0.051916 customer
37 76592.837097 103798.790854 0.132574 customer
38 168502.933207 2609.713305 0.113783 customer
39 123778.380196 139117.001630 0.055457 customer
40 174949.141486 61845.118731 0.117836 customer
41 233639.441824 208164.234116 0.111161 customer
42 126579.122027 121882.375273 0.079315 customer
43 161449.279976 61550.869904 0.088292 customer
44 59365.485103 171423.633432 0.074188 customer
45 117721.540752 99214.301000 0.122642 customer
46 212843.819990 266218.671297 0.080241 customer
47 218007.439805 20860.487837 0.090464 customer
48 220694.311264 49107.635674 0.095756 customer
49 286457.207734 159112.831645 0.059892 customer
50 209392.417290 310882.218450 0.135349 customer
51 131991.251670 270860.202387 0.129195 customer
52 63152.447464 171939.682565 0.111942 customer
53 251673.417013 167944.181369 0.108772 customer
54 128271.872108 41267.218659 0.090678 customer
55 64407.459876 55492.786748 0.073723 customer
56 257421.518692 210963.859932 0.067221 customer
57 255929.257493 274009.616117 0.143267 customer
58 203764.607943 30677.243336 0.099962 customer
59 195456.321755 21327.121930 0.100448 customer
60 231152.798084 161464.545312 0.109604 customer
61 20389.217437 84188.955809 0.140641 customer
62 120963.286764 216155.250590 0.097996 customer
63 96330.937482 159636.037521 0.094353 customer
64 21083.148414 306551.917878 0.082487 customer
65 98250.036218 100057.574783 0.078551 customer
66 1057.211672 150382.876802 0.097043 customer
67 109179.329280 293966.386576 0.125660 customer
68 218346.277083 60843.119035 0.138139 customer
69 20559.541351 1462.260606 0.143168 customer
70 239266.405891 286734.679977 0.143060 customer
71 117213.633846 187018.188653 0.064346 customer
72 109922.647897 182247.497104 0.095573 customer
73 140292.353652 186466.549766 0.123795 customer
74 103406.421827 20741.635206 0.093087 customer
75 84025.391324 245379.896484 0.131752 customer
76 138782.843511 265725.432064 0.000000 station
77 200601.331056 262858.676487 0.000000 station
78 142607.390302 249149.699362 0.000000 station
79 80245.575402 182896.091320 0.000000 station
80 160934.400000 160934.400000 0.000000 depot_end

SPEEDS
0 1 40
0 2 60
0 3 30
0 4 40
0 5 60
0 6 30
0 7 80
0 8 40
0 9 30
0 10 80
0 11 60
0 12 80
0 13 60
0 14 60
0 15 30
0 16 30
0 17 30
0 18 40
0 19 80
0 20 60
0 21 60
0 22 30
0 23 40
0 24 40
0 25 40
0 26 60
0 27 80
0 28 80
0 29 40
0 30 80
0 31 30
0 32 30
0 33 30
0 34 30
0 35 60
0 36 40
0 37 80
0 38 40
0 39 40
0 40 80
0 41 40
0 42 80
0 43 40
0 44 40
0 45 80
0 46 40
0 47 40
0 48 60
0 49 40
0 50 60
0 51 40
0 52 60
0 53 80
0 54 60
0 55 30
0 56 60
0 57 60
0 58 30
0 59 30
0 60 60
0 61 40
0 62 40
0 63 30
0 64 30
0 65 40
0 66 30
0 67 80
0 68 30
0 69 40
0 70 60
0 71 60
0 72 30
0 73 40
0 74 60
0 75 40
0 76 80
0 77 30
0 78 80
0 79 60
0 80 40
1 0 40
1 2 40
1 3 80
1 4 40
1 5 30
1 6 30
1 7 40
1 8 30
1 9 60
1 10 30
1 11 60
1 12 30
1 13 40
1 14 80
1 15 30
1 16 30
1 17 40
1 18 30
1 19 40
1 20 80
1 21 60
1 22 40
1 23 30
1 24 80
1 25 40
1 26 60
1 27 30
1 28 80
1 29 60
1 30 40
1 31 60
1 32 30
1 33 40
1 34 60
1 35 30
1 36 60
1 37 40
1 38 80
1 39 80
1 40 80
1 41 60
1 42 30
1 43 30
1 44 80
1 45 30
1 46 80
1 47 60
1 48 80
1 49 30
1 50 60
1 51 40
1 52 40
1 53 30
1 54 80
1 55 60
1 56 30
1 57 40
1 58 30
1 59 80
1 60 30
1 61 40
1 62 80
1 63 40
1 64 30
1 65 30
1 66 80
1 67 30
1 68 40
1 69 60
1 70 80
1 71 60
1 72 60
1 73 80
1 74 30
1 75 40
1 76 30
1 77 30
1 78 40
1 79 30
1 80 80
2 0 60
2 1 60
2 3 60
2 4 60
2 5 40
2 6 30
2 7 40
2 8 60
2 9 30
2 10 80
2 11 60
2 12 80
2 13 30
2 14 40
2 15 60
2 16 80
2 17 40
2 18 80
2 19 80
2 20 30
2 21 80
2 22 40
2 23 30
2 24 60
2 25 40
2 26 60
2 27 60
2 28 80
2 29 80
2 30 60
2 31 40
2 32 30
2 33 60
2 34 80
2 35 40
2 36 40
2 37 40
2 38 80
2 39 30
2 40 60
2 41 30
2 42 80
2 43 40
2 44 40
2 45 80
2 46 80
2 47 40
2 48 40
2 49 40
2 50 80
2 51 40
2 52 30
2 53 30
2 54 40
2 55 30
2 56 80
2 57 30
2 58 60
2 59 30
2 60 40
2 61 80
2 62 30
2 63 80
2 64 30
2 65 80
2 66 30
2 67 30
2 68 40
2 69 40
2 70 40
2 71 80
2 72 60
2 73 40
2 74 30
2 75 40
2 76 80
2 77 30
2 78 30
2 79 60
2 80 80
3 0 30
3 1 60
3 2 40
3 4 30
3 5 30
3 6 80
3 7 40
3 8 80
3 9 60
3 10 40
3 11 40
3 12 80
3 13 40
3 14 40
3 15 80
3 16 80
3 17 30
3 18 40
3 19 60
3 20 60
3 21 60
3 22 60
3 23 80
3 24 40
3 25 80
3 26 40
3 27 30
3 28 60
3 29 60
3 30 80
3 31 30
3 32 40
3 33 30
3 34 60
3 35 80
3 36 60
3 37 30
3 38 60
3 39 30
3 40 30
3 41 60
3 42 80
3 43 40
3 44 40
3 45 60
3 46 30
3 47 30
3 48 30
3 49 80
3 50 40
3 51 30
3 52 30
3 53 60
3 54 40
3 55 80
3 56 40
3 57 80
3 58 60
3 59 30
3 60 80
3 61 80
3 62 40
3 63 60
3 64 80
3 65 60
3 66 60
3 67 80
3 68 60
3 69 30
3 70 80
3 71 60
3 72 30
3 73 60
3 74 30
3 75 80
3 76 80
3 77 40
3 78 60
3 79 80
3 80 30
4 0 40
4 1 60
4 2 80
4 3 80
4 5 80
4 6 30
4 7 30
4 8 80
4 9 60
4 10 30
4 11 80
4 12 80
4 13 40
4 14 80
4 15 40
4 16 40
4 17 60
4 18 80
4 19 40
4 20 80
4 21 40
4 22 30
4 23 30
4 24 40
4 25 40
4 26 60
4 27 60
4 28 30
4 29 30
4 30 30
4 31 60
4 32 80
4 33 80
4 34 60
4 35 40
4 36 80
4 37 80
4 38 80
4 39 30
4 40 80
4 41 60
4 42 30
4 43 30
4 44 40
4 45 80
4 46 80
4 47 60
4 48 60
4 49 30
4 50 80
4 51 40
4 52 30
4 53 60
4 54 40
4 55 80
4 56 60
4 57 60
4 58 40
4 59 80
4 60 80
4 61 60
4 62 80
4 63 60
4 64 40
4 65 40
4 66 40
4 67 60
4 68 60
4 69 40
4 70 80
4 71 60
4 72 80
4 73 40
4 74 40
4 75 60
4 76 60
4 77 80
4 78 60
4 79 30
4 80 40
5 0 60
5 1 40
5 2 40
5 3 30
5 4 30
5 6 30
5 7 30
5 8 30
5 9 30
5 10 40
5 11 40
5 12 80
5 13 60
5 14 40
5 15 30
5 16 60
5 17 40
5 18 30
5 19 40
5 20 80
5 21 80
5 22 40
5 23 30
5 24 30
5 25 40
5 26 80
5 27 30
5 28 60
5 29 40
5 30 60
5 31 40
5 32 60
5 33 30
5 34 40
5 35 40
5 36 30
5 37 60
5 38 60
5 39 80
5 40 30
5 41 40
5 42 40
5 43 80
5 44 40
5 45 30
5 46 80
5 47 80
5 48 60
5 49 40
5 50 80
5 51 40
5 52 40
5 53 60
5 54 60
5 55 60
5 56 80
5 57 80
5 58 40
5 59 40
5 60 80
5 61 30
5 62 80
5 63 40
5 64 40
5 65 60
5 66 40
5 67 80
5 68 80
5 69 40
5 70 80
5 71 60
5 72 80
5 73 40
5 74 60
5 75 60
5 76 60
5 77 30
5 78 60
5 79 40
5 80 80
6 0 30
6 1 40
6 2 30
6 3 30
6 4 40
6 5 40
6 7 80
6 8 80
6 9 80
6 10 80
6 11 40
6 12 60
6 13 40
6 14 40
6 15 60
6 16 80
6 17 80
6 18 80
6 19 40
6 20 60
6 21 40
6 22 80
6 23 40
6 24 80
6 25 30
6 26 80
6 27 40
6 28 80
6 29 80
6 30 60
6 31 80
6 32 60
6 33 60
6 34 60
6 35 30
6 36 40
6 37 40
6 38 40
6 39 80
6 40 60
6 41 40
6 42 40
6 43 80
6 44 60
6 45 60
6 46 30
6 47 60
6 48 80
6 49 30
6 50 30
6 51 80
6 52 80
6 53 30
6 54 30
6 55 60
6 56 60
6 57 60
6 58 80
6 59 80
6 60 40
6 61 30
6 62 80
6 63 30
6 64 30
6 65 80
6 66 60
6 67 30
6 68 60
6 69 80
6 70 80
6 71 40
6 72 80
6 73 30
6 74 40
6 75 60
6 76 60
6 77 60
6 78 30
6 79 60
6 80 60
7 0 30
7 1 60
7 2 30
7 3 40
7 4 40
7 5 30
7 6 40
7 8 40
7 9 80
7 10 40
7 11 40
7 12 80
7 13 60
7 14 60
7 15 30
7 16 80
7 17 60
7 18 60
7 19 30
7 20 80
7 21 40
7 22 40
7 23 60
7 24 60
7 25 30
7 26 40
7 27 60
7 28 40
7 29 30
7 30 80
7 31 60
7 32 60
7 33 30
7 34 30
7 35 60
7 36 40
7 37 30
7 38 30
7 39 40
7 40 40
7 41 30
7 42 40
7 43 30
7 44 30
7 45 60
7 46 30
7 47 40
7 48 40
7 49 80
7 50 60
7 51 60
7 52 60
7 53 80
7 54 30
7 55 30
7 56 60
7 57 30
7 58 40
7 59 80
7 60 80
7 61 40
7 62 30
7 63 80
7 64 60
7 65 80
7 66 60
7 67 30
7 68 40
7 69 80
7 70 80
7 71 40
7 72 40
7 73 80
7 74 80
7 75 80
7 76 80
7 77 40
7 78 60
7 79 60
7 80 60
8 0 40
8 1 30
8 2 80
8 3 40
8 4 60
8 5 40
8 6 80
8 7 40
8 9 80
8 10 80
8 11 40
8 12 60
8 13 30
8 14 40
8 15 40
8 16 60
8 17 80
8 18 30
8 19 60
8 20 30
8 21 40
8 22 30
8 23 60
8 24 30
8 25 40
8 26 40
8 27 30
8 28 80
8 29 30
8 30 60
8 31 40
8 32 40
8 33 40
8 34 80
8 35 40
8 36 30
8 37 80
8 38 60
8 39 30
8 40 40
8 41 80
8 42 60
8 43 80
8 44 40
8 45 80
8 46 60
8 47 80
8 48 40
8 49 80
8 50 30
8 51 60
8 52 60
8 53 60
8 54 30
8 55 60
8 56 30
8 57 30
8 58 80
8 59 30
8 60 60
8 61 40
8 62 80
8 63 40
8 64 40
8 65 30
8 66 40
8 67 60
8 68 80
8 69 60
8 70 30
8 71 80
8 72 30
8 73 40
8 74 60
8 75 80
8 76 40
8 77 40
8 78 30
8 79 30
8 80 60
9 0 40
9 1 60
9 2 30
9 3 30
9 4 60
9 5 80
9 6 40
9 7 40
9 8 40
9 10 30
9 11 80
9 12 80
9 13 80
9 14 80
9 15 60
9 16 80
9 17 40
9 18 30
9 19 40
9 20 60
9 21 80
9 22 40
9 23 60
9 24 80
9 25 40
9 26 40
9 27 60
9 28 30
9 29 30
9 30 40
9 31 80
9 32 30
9 33 40
9 34 80
9 35 40
9 36 60
9 37 40
9 38 30
9 39 80
9 40 60
9 41 80
9 42 30
9 43 40
9 44 30
9 45 30
9 46 40
9 47 30
9 48 60
9 49 30
9 50 30
9 51 40
9 52 80
9 53 30
9 54 30
9 55 40
9 56 30
9 57 30
9 58 30
9 59 80
9 60 40
9 61 30
9 62 80
9 63 60
9 64 30
9 65 40
9 66 80
9 67 40
9 68 30
9 69 60
9 70 40
9 71 30
9 72 40
9 73 60
9 74 30
9 75 80
9 76 30
9 77 80
9 78 80
9 79 60
9 80 30
10 0 30
10 1 60
10 2 60
10 3 80
10 4 80
10 5 30
10 6 60
10 7 80
10 8 80
10 9 30
10 11 60
10 12 40
10 13 80
10 14 40
10 15 30
10 16 30
10 17 80
10 18 30
10 19 80
10 20 30
10 21 80
10 22 80
10 23 40
10 24 80
10 25 40
10 26 60
10 27 60
10 28 40
10 29 80
10 30 30
10 31 80
10 32 60
10 33 40
10 34 30
10 35 30
10 36 40
10 37 80
10 38 80
10 39 80
10 40 30
10 41 80
10 42 30
10 43 30
10 44 80
10 45 40
10 46 30
10 47 80
10 48 60
10 49 80
10 50 30
10 51 40
10 52 60
10 53 30
10 54 80
10 55 80
10 56 60
10 57 40
10 58 40
10 59 60
10 60 40
10 61 40
10 62 60
10 63 30
10 64 40
10 65 30
10 66 30
10 67 80
10 68 60
10 69 80
10 70 60
10 71 30
10 72 80
10 73 30
10 74 80
10 75 40
10 76 30
10 77 40
10 78 80
10 79 60
10 80 80
11 0 60
11 1 60
11 2 60
11 3 60
11 4 40
11 5 30
11 6 30
11 7 60
11 8 80
11 9 60
11 10 80
11 12 30
11 13 30
11 14 40
11 15 40
11 16 60
11 17 60
11 18 80
11 19 40
11 20 30
11 21 80
11 22 80
11 23 30
11 24 40
11 25 80
11 26 30
11 27 30
11 28 80
11 29 40
11 30 30
11 31 30
11 32 40
11 33 40
11 34 80
11 35 60
11 36 60
11 37 60
11 38 60
11 39 80
11 40 40
11 41 30
11 42 80
11 43 40
11 44 40
11 45 80
11 46 80
11 47 40
11 48 40
11 49 60
11 50 60
11 51 40
11 52 60
11 53 60
11 54 80
11 55 30
11 56 30
11 57 40
11 58 40
11 59 80
11 60 30
11 61 80
11 62 60
11 63 30
11 64 60
11 65 40
11 66 60
11 67 40
11 68 60
11 69 60
11 70 40
11 71 60
11 72 60
11 73 60
11 74 30
11 75 60
11 76 80
11 77 60
11 78 60
11 79 30
11 80 60
12 0 30
12 1 80
12 2 40
12 3 80
12 4 80
12 5 60
12 6 40
12 7 30
12 8 60
12 9 80
12 10 30
12 11 30
12 13 30
12 14 80
12 15 30
12 16 60
12 17 40
12 18 60
12 19 40
12 20 60
12 21 60
12 22 80
12 23 80
12 24 40
12 25 40
12 26 80
12 27 30
12 28 40
12 29 30
12 30 80
12 31 80
12 32 40
12 33 40
12 34 40
12 35 40
12 36 40
12 37 60
12 38 40
12 39 30
12 40 40
12 41 40
12 42 40
12 43 40
12 44 80
12 45 40
12 46 80
12 47 30
12 48 40
12 49 40
12 50 80
12 51 80
12 52 60
12 53 80
12 54 80
12 55 30
12 56 80
12 57 60
12 58 60
12 59 40
12 60 60
12 61 60
12 62 30
12 63 80
12 64 40
12 65 40
12 66 80
12 67 40
12 68 60
12 69 40
12 70 80
12 71 30
12 72 40
12 73 60
12 74 40
12 75 80
12 76 40
12 77 60
12 78 60
12 79 40
12 80 30
13 0 80
13 1 40
13 2 80
13 3 30
13 4 40
13 5 80
13 6 80
13 7 80
13 8 30
13 9 40
13 10 40
13 11 80
13 12 30
13 14 80
13 15 40
13 16 40
13 17 30
13 18 30
13 19 80
13 20 40
13 21 30
13 22 30
13 23 40
13 24 60
13 25 40
13 26 80
13 27 60
13 28 80
13 29 60
13 30 80
13 31 40
13 32 40
13 33 60
13 34 60
13 35 60
13 36 40
13 37 40
13 38 80
13 39 80
13 40 30
13 41 40
13 42 30
13 43 80
13 44 40
13 45 30
13 46 60
13 47 30
13 48 30
13 49 30
13 50 80
13 51 30
13 52 30
13 53 60
13 54 30
13 55 40
13 56 80
13 57 30
13 58 80
13 59 30
13 60 30
13 61 80
13 62 60
13 63 40
13 64 80
13 65 60
13 66 80
13 67 60
13 68 40
13 69 40
13 70 40
13 71 80
13 72 30
13 73 60
13 74 30
13 75 80
13 76 30
13 77 80
13 78 60
13 79 30
13 80 30
14 0 40
14 1 40
14 2 60
14 3 80
14 4 40
14 5 30
14 6 80
14 7 60
14 8 30
14 9 40
14 10 80
14 11 60
14 12 60
14 13 30
14 15 80
14 16 80
14 17 80
14 18 80
14 19 60
14 20 40
14 21 30
14 22 40
14 23 30
14 24 60
14 25 80
14 26 60
14 27 40
14 28 60
14 29 40
14 30 30
14 31 30
14 32 60
14 33 80
14 34 80
14 35 40
14 36 40
14 37 30
14 38 40
14 39 80
14 40 80
14 41 80
14 42 40
14 43 40
14 44 30
14 45 30
14 46 60
14 47 80
14 48 40
14 49 30
14 50 80
14 51 40
14 52 30
14 53 30
14 54 30
14 55 60
14 56 60
14 57 60
14 58 40
14 59 60
14 60 40
14 61 60
14 62 40
14 63 30
14 64 80
14 65 60
14 66 60
14 67 60
14 68 30
14 69 30
14 70 60
14 71 60
14 72 80
14 73 60
14 74 60
14 75 30
14 76 80
14 77 60
14 78 60
14 79 80
14 80 40
15 0 40
15 1 60
15 2 80
15 3 80
15 4 40
15 5 80
15 6 40
15 7 30
15 8 80
15 9 80
15 10 80
15 11 30
15 12 40
15 13 40
15 14 40
15 16 80
15 17 80
15 18 60
15 19 60
15 20 80
15 21 60
15 22 80
15 23 80
15 24 60
15 25 60
15 26 40
15 27 80
15 28 30
15 29 80
15 30 60
15 31 30
15 32 40
15 33 40
15 34 80
15 35 60
15 36 30
15 37 60
15 38 60
15 39 60
15 40 40
15 41 60
15 42 60
15 43 60
15 44 60
15 45 30
15 46 60
15 47 60
15 48 80
15 49 40
15 50 30
15 51 30
15 52 60
15 53 60
15 54 80
15 55 80
15 56 40
15 57 60
15 58 40
15 59 80
15 60 60
15 61 80
15 62 40
15 63 80
15 64 60
15 65 30
15 66 30
15 67 40
15 68 30
15 69 40
15 70 60
15 71 40
15 72 60
15 73 40
15 74 80
15 75 80
15 76 40
15 77 80
15 78 60
15 79 30
15 80 40
16 0 80
16 1 80
16 2 80
16 3 60
16 4 80
16 5 80
16 6 40
16 7 40
16 8 40
16 9 30
16 10 80
16 11 30
16 12 60
16 13 40
16 14 80
16 15 60
16 17 40
16 18 30
16 19 30
16 20 30
16 21 40
16 22 80
16 23 40
16 24 40
16 25 30
16 26 60
16 27 30
16 28 30
16 29 60
16 30 40
16 31 80
16 32 40
16 33 60
16 34 40
16 35 40
16 36 40
16 37 30
16 38 30
16 39 80
16 40 60
16 41 60
16 42 30
16 43 80
16 44 60
16 45 80
16 46 60
16 47 80
16 48 30
16 49 40
16 50 80
16 51 40
16 52 60
16 53 80
16 54 30
16 55 40
16 56 40
16 57 80
16 58 40
16 59 60
16 60 80
16 61 60
16 62 40
16 63 80
16 64 30
16 65 30
16 66 40
16 67 30
16 68 30
16 69 30
16 70 40
16 71 40
16 72 80
16 73 60
16 74 40
16 75 30
16 76 30
16 77 40
16 78 80
16 79 30
16 80 40
17 0 60
17 1 80
17 2 40
17 3 40
17 4 60
17 5 60
17 6 30
17 7 80
17 8 40
17 9 40
17 10 80
17 11 60
17 12 60
17 13 40
17 14 40
17 15 60
17 16 60
17 18 80
17 19 40
17 20 40
17 21 40
17 22 40
17 23 40
17 24 30
17 25 80
17 26 40
17 27 60
17 28 30
17 29 80
17 30 80
17 31 80
17 32 80
17 33 30
17 34 30
17 35 60
17 36 80
17 37 60
17 38 60
17 39 40
17 40 40
17 41 30
17 42 30
17 43 60
17 44 80
17 45 30
17 46 80
17 47 80
17 48 80
17 49 40
17 50 30
17 51 40
17 52 80
17 53 40
17 54 40
17 55 30
17 56 40
17 57 60
17 58 80
17 59 40
17 60 60
17 61 80
17 62 30
17 63 60
17 64 40
17 65 60
17 66 40
17 67 80
17 68 30
17 69 30
17 70 80
17 71 30
17 72 80
17 73 30
17 74 30
17 75 30
17 76 60
17 77 30
17 78 80
17 79 60
17 80 60
18 0 60
18 1 40
18 2 60
18 3 40
18 4 80
18 5 60
18 6 80
18 7 80
18 8 80
18 9 40
18 10 40
18 11 40
18 12 80
18 13 30
18 14 60
18 15 40
18 16 30
18 17 60
18 19 30
18 20 60
18 21 80
18 22 40
18 23 60
18 24 80
18 25 80
18 26 30
18 27 80
18 28 80
18 29 40
18 30 80
18 31 60
18 32 30
18 33 30
18 34 40
18 35 80
18 36 40
18 37 30
18 38 80
18 39 30
18 40 30
18 41 80
18 42 30
18 43 30
18 44 40
18 45 60
18 46 40
18 47 30
18 48 60
18 49 60
18 50 40
18 51 80
18 52 40
18 53 60
18 54 30
18 55 80
18 56 30
18 57 40
18 58 40
18 59 80
18 60 40
18 61 40
18 62 40
18 63 80
18 64 30
18 65 40
18 66 60
18 67 60
18 68 80
18 69 40
18 70 40
18 71 80
18 72 40
18 73 40
18 74 40
18 75 30
18 76 30
18 77 80
18 78 80
18 79 30
18 80 60
19 0 80
19 1 60
19 2 40
19 3 60
19 4 40
19 5 60
19 6 40
19 7 30
19 8 80
19 9 60
19 10 60
19 11 40
19 12 40
19 13 40
19 14 80
19 15 60
19 16 40
19 17 60
19 18 60
19 20 80
19 21 40
19 22 80
19 23 30
19 24 60
19 25 60
19 26 80
19 27 30
19 28 60
19 29 80
19 30 40
19 31 40
19 32 60
19 33 60
19 34 80
19 35 40
19 36 40
19 37 80
19 38 80
19 39 60
19 40 40
19 41 40
19 42 30
19 43 60
19 44 60
19 45 80
19 46 40
19 47 60
19 48 30
19 49 30
19 50 30
19 51 30
19 52 40
19 53 30
19 54 40
19 55 60
19 56 80
19 57 80
19 58 80
19 59 40
19 60 40
19 61 30
19 62 40
19 63 60
19 64 60
19 65 30
19 66 80
19 67 80
19 68 30
19 69 40
19 70 60
19 71 30
19 72 40
19 73 80
19 74 30
19 75 30
19 76 30
19 77 60
19 78 30
19 79 60
19 80 30
20 0 30
20 1 30
20 2 30
20 3 60
20 4 30
20 5 60
20 6 80
20 7 60
20 8 80
20 9 30
20 10 80
20 11 80
20 12 60
20 13 40
20 14 30
20 15 60
20 16 40
20 17 40
20 18 30
20 19 60
20 21 30
20 22 60
20 23 80
20 24 30
20 25 30
20 26 80
20 27 40
20 28 60
20 29 60
20 30 60
20 31 60
20 32 80
20 33 60
20 34 30
20 35 60
20 36 30
20 37 80
20 38 80
20 39 40
20 40 40
20 41 30
20 42 30
20 43 80
20 44 80
20 45 60
20 46 40
20 47 40
20 48 80
20 49 80
20 50 80
20 51 30
20 52 60
20 53 40
20 54 80
20 55 40
20 56 80
20 57 30
20 58 60
20 59 80
20 60 30
20 61 60
20 62 30
20 63 60
20 64 30
20 65 60
20 66 30
20 67 60
20 68 80
20 69 40
20 70 30
20 71 40
20 72 30
20 73 80
20 74 60
20 75 80
20 76 30
20 77 80
20 78 30
20 79 80
20 80 40
21 0 60
21 1 80
21 2 30
21 3 40
21 4 40
21 5 30
21 6 60
21 7 80
21 8 40
21 9 80
21 10 40
21 11 30
21 12 80
21 13 40
21 14 60
21 15 80
21 16 60
21 17 60
21 18 60
21 19 40
21 20 60
21 22 60
21 23 80
21 24 60
21 25 60
21 26 80
21 27 40
21 28 80
21 29 80
21 30 60
21 31 30
21 32 80
21 33 30
21 34 40
21 35 30
21 36 40
21 37 30
21 38 60
21 39 40
21 40 40
21 41 40
21 42 80
21 43 60
21 44 40
21 45 60
21 46 60
21 47 30
21 48 80
21 49 40
21 50 30
21 51 40
21 52 60
21 53 30
21 54 80
21 55 80
21 56 30
21 57 30
21 58 40
21 59 40
21 60 40
21 61 60
21 62 30
21 63 30
21 64 60
21 65 80
21 66 30
21 67 40
21 68 60
21 69 30
21 70 40
21 71 80
21 72 30
21 73 60
21 74 60
21 75 30
21 76 60
21 77 40
21 78 60
21 79 30
21 80 30
22 0 40
22 1 80
22 2 80
22 3 80
22 4 30
22 5 30
22 6 30
22 7 60
22 8 30
22 9 80
22 10 80
22 11 60
22 12 30
22 13 30
22 14 60
22 15 80
22 16 40
22 17 40
22 18 60
22 19 30
22 20 40
22 21 40
22 23 80
22 24 80
22 25 30
22 26 40
22 27 60
22 28 30
22 29 80
22 30 60
22 31 80
22 32 40
22 33 80
22 34 60
22 35 30
22 36 40
22 37 30
22 38 40
22 39 40
22 40 30
22 41 40
22 42 60
22 43 60
22 44 60
22 45 40
22 46 40
22 47 60
22 48 80
22 49 80
22 50 30
22 51 30
22 52 60
22 53 60
22 54 80
22 55 80
22 56 60
22 57 60
22 58 30
22 59 30
22 60 30
22 61 30
22 62 40
22 63 40
22 64 80
22 65 30
22 66 60
22 67 60
22 68 80
22 69 80
22 70 40
22 71 80
22 72 30
22 73 60
22 74 40
22 75 80
22 76 30
22 77 40
22 78 60
22 79 80
22 80 80
23 0 40
23 1 60
23 2 60
23 3 30
23 4 60
23 5 30
23 6 30
23 7 80
23 8 30
23 9 30
23 10 60
23 11 60
23 12 40
23 13 40
23 14 30
23 15 60
23 16 30
23 17 60
23 18 40
23 19 80
23 20 40
23 21 60
23 22 40
23 24 30
23 25 80
23 26 30
23 27 30
23 28 30
23 29 30
23 30 80
23 31 60
23 32 40
23 33 40
23 34 80
23 35 60
23 36 60
23 37 80
23 38 30
23 39 60
23 40 60
23 41 80
23 42 60
23 43 30
23 44 80
23 45 30
23 46 60
23 47 80
23 48 40
23 49 30
23 50 40
23 51 40
23 52 60
23 53 40
23 54 40
23 55 30
23 56 60
23 57 40
23 58 40
23 59 40
23 60 60
23 61 80
23 62 60
23 63 40
23 64 60
23 65 80
23 66 80
23 67 60
23 68 30
23 69 30
23 70 80
23 71 30
23 72 80
23 73 80
23 74 40
23 75 80
23 76 30
23 77 30
23 78 40
23 79 60
23 80 40
24 0 30
24 1 30
24 2 30
24 3 80
24 4 30
24 5 60
24 6 60
24 7 40
24 8 30
24 9 30
24 10 80
24 11 40
24 12 60
24 13 60
24 14 60
24 15 80
24 16 40
24 17 80
24 18 40
24 19 30
24 20 60
24 21 80
24 22 30
24 23 80
24 25 40
24 26 30
24 27 40
24 28 80
24 29 80
24 30 60
24 31 60
24 32 40
24 33 30
24 34 40
24 35 30
24 36 80
24 37 30
24 38 80
24 39 80
24 40 40
24 41 60
24 42 30
24 43 40
24 44 60
24 45 40
24 46 30
24 47 40
24 48 80
24 49 30
24 50 40
24 51 60
24 52 30
24 53 30
24 54 40
24 55 40
24 56 40
24 57 80
24 58 40
24 59 30
24 60 80
24 61 80
24 62 60
24 63 60
24 64 40
24 65 40
24 66 80
24 67 40
24 68 30
24 69 40
24 70 80
24 71 80
24 72 30
24 73 80
24 74 40
24 75 60
24 76 60
24 77 40
24 78 30
24 79 30
24 80 80
25 0 30
25 1 80
25 2 30
25 3 30
25 4 60
25 5 40
25 6 40
25 7 80
25 8 40
25 9 80
25 10 60
25 11 40
25 12 40
25 13 80
25 14 60
25 15 80
25 16 40
25 17 60
25 18 30
25 19 40
25 20 40
25 21 40
25 22 60
25 23 60
25 24 30
25 26 40
25 27 60
25 28 80
25 29 40
25 30 30
25 31 80
25 32 60
25 33 40
25 34 80
25 35 60
25 36 30
25 37 80
25 38 30
25 39 60
25 40 80
25 41 60
25 42 80
25 43 30
25 44 40
25 45 40
25 46 30
25 47 80
25 48 80
25 49 30
25 50 80
25 51 80
25 52 30
25 53 80
25 54 30
25 55 80
25 56 30
25 57 80
25 58 40
25 59 80
25 60 60
25 61 80
25 62 30
25 63 80
25 64 80
25 65 80
25 66 60
25 67 60
25 68 40
25 69 80
25 70 40
25 71 40
25 72 40
25 73 40
25 74 30
25 75 80
25 76 80
25 77 40
25 78 60
25 79 60
25 80 30
26 0 40
26 1 30
26 2 80
26 3 30
26 4 60
26 5 40
26 6 60
26 7 60
26 8 80
26 9 60
26 10 60
26 11 40
26 12 30
26 13 40
26 14 60
26 15 60
26 16 40
26 17 60
26 18 80
26 19 80
26 20 40
26 21 40
26 22 40
26 23 30
26 24 80
26 25 60
26 27 80
26 28 40
26 29 60
26 30 40
26 31 60
26 32 60
26 33 40
26 34 60
26 35 30
26 36 80
26 37 30
26 38 30
26 39 80
26 40 80
26 41 40
26 42 40
26 43 30
26 44 40
26 45 30
26 46 60
26 47 30
26 48 40
26 49 60
26 50 60
26 51 30
26 52 60
26 53 40
26 54 60
26 55 40
26 56 30
26 57 80
26 58 40
26 59 40
26 60 40
26 61 60
26 62 40
26 63 80
26 64 80
26 65 60
26 66 40
26 67 40
26 68 60
26 69 30
26 70 80
26 71 80
26 72 60
26 73 60
26 74 80
26 75 80
26 76 40
26 77 30
26 78 60
26 79 40
26 80 40
27 0 40
27 1 30
27 2 80
27 3 30
27 4 30
27 5 30
27 6 30
27 7 40
27 8 30
27 9 30
27 10 30
27 11 30
27 12 40
27 13 80
27 14 80
27 15 80
27 16 30
27 17 40
27 18 30
27 19 80
27 20 40
27 21 80
27 22 40
27 23 80
27 24 30
27 25 40
27 26 80
27 28 80
27 29 60
27 30 30
27 31 40
27 32 60
27 33 80
27 34 30
27 35 80
27 36 40
27 37 30
27 38 60
27 39 40
27 40 30
27 41 40
27 42 60
27 43 30
27 44 60
27 45 40
27 46 80
27 47 60
27 48 80
27 49 60
27 50 40
27 51 60
27 52 60
27 53 30
27 54 60
27 55 60
27 56 40
27 57 40
27 58 60
27 59 80
27 60 80
27 61 30
27 62 40
27 63 60
27 64 80
27 65 60
27 66 40
27 67 60
27 68 40
27 69 80
27 70 60
27 71 40
27 72 80
27 73 80
27 74 80
27 75 30
27 76 40
27 77 60
27 78 80
27 79 30
27 80 80
28 0 40
28 1 30
28 2 80
28 3 40
28 4 40
28 5 80
28 6 80
28 7 80
28 8 80
28 9 40
28 10 40
28 11 40
28 12 30
28 13 40
28 14 40
28 15 30
28 16 80
28 17 30
28 18 60
28 19 40
28 20 60
28 21 60
28 22 80
28 23 60
28 24 80
28 25 40
28 26 30
28 27 60
28 29 80
28 30 80
28 31 60
28 32 80
28 33 60
28 34 30
28 35 40
28 36 30
28 37 40
28 38 60
28 39 40
28 40 30
28 41 30
28 42 30
28 43 80
28 44 60
28 45 60
28 46 80
28 47 80
28 48 60
28 49 40
28 50 80
28 51 60
28 52 60
28 53 30
28 54 80
28 55 40
28 56 30
28 57 40
28 58 60
28 59 80
28 60 60
28 61 80
28 62 40
28 63 30
28 64 80
28 65 40
28 66 30
28 67 60
28 68 30
28 69 80
28 70 80
28 71 30
28 72 80
28 73 40
28 74 80
28 75 40
28 76 30
28 77 40
28 78 40
28 79 60
28 80 60
29 0 40
29 1 30
29 2 30
29 3 60
29 4 30
29 5 60
29 6 80
29 7 40
29 8 80
29 9 40
29 10 40
29 11 30
29 12 80
29 13 60
29 14 30
29 15 40
29 16 80
29 17 30
29 18 60
29 19 60
29 20 80
29 21 80
29 22 80
29 23 60
29 24 80
29 25 30
29 26 40
29 27 80
29 28 30
29 30 40
29 31 60
29 32 30
29 33 30
29 34 60
29 35 40
29 36 80
29 37 40
29 38 80
29 39 30
29 40 30
29 41 80
29 42 60
29 43 30
29 44 60
29 45 40
29 46 80
29 47 80
29 48 30
29 49 30
29 50 60
29 51 40
29 52 60
29 53 30
29 54 60
29 55 80
29 56 60
29 57 40
29 58 40
29 59 80
29 60 60
29 61 80
29 62 40
29 63 30
29 64 60
29 65 40
29 66 30
29 67 40
29 68 60
29 69 80
29 70 30
29 71 30
29 72 80
29 73 30
29 74 60
29 75 40
29 76 60
29 77 40
29 78 80
29 79 40
29 80 30
30 0 40
30 1 30
30 2 40
30 3 60
30 4 80
30 5 40
30 6 30
30 7 60
30 8 30
30 9 60
30 10 40
30 11 40
30 12 80
30 13 80
30 14 30
30 15 40
30 16 40
30 17 60
30 18 40
30 19 80
30 20 40
30 21 60
30 22 80
30 23 40
30 24 80
30 25 30
30 26 30
30 27 60
30 28 80
30 29 40
30 31 80
30 32 40
30 33 60
30 34 60
30 35 30
30 36 80
30 37 80
30 38 40
30 39 30
30 40 30
30 41 80
30 42 80
30 43 30
30 44 60
30 45 40
30 46 80
30 47 60
30 48 30
30 49 40
30 50 60
30 51 30
30 52 30
30 53 60
30 54 80
30 55 30
30 56 60
30 57 60
30 58 40
30 59 40
30 60 60
30 61 30
30 62 30
30 63 60
30 64 60
30 65 30
30 66 40
30 67 40
30 68 80
30 69 80
30 70 30
30 71 80
30 72 60
30 73 80
30 74 60
30 75 80
30 76 30
30 77 80
30 78 40
30 79 60
30 80 60
31 0 80
31 1 40
31 2 80
31 3 80
31 4 60
31 5 60
31 6 80
31 7 60
31 8 40
31 9 80
31 10 30
31 11 30
31 12 80
31 13 40
31 14 40
31 15 80
31 16 40
31 17 60
31 18 60
31 19 60
31 20 80
31 21 30
31 22 30
31 23 60
31 24 30
31 25 40
31 26 60
31 27 40
31 28 80
31 29 80
31 30 40
31 32 60
31 33 40
31 34 30
31 35 30
31 36 30
31 37 30
31 38 30
31 39 30
31 40 80
31 41 40
31 42 60
31 43 40
31 44 40
31 45 40
31 46 40
31 47 60
31 48 30
31 49 80
31 50 40
31 51 30
31 52 40
31 53 60
31 54 30
31 55 80
31 56 80
31 57 80
31 58 40
31 59 60
31 60 60
31 61 30
31 62 40
31 63 80
31 64 40
31 65 30
31 66 30
31 67 80
31 68 30
31 69 30
31 70 30
31 71 60
31 72 30
31 73 30
31 74 30
31 75 80
31 76 80
31 77 30
31 78 80
31 79 60
31 80 60
32 0 60
32 1 30
32 2 80
32 3 40
32 4 80
32 5 40
32 6 80
32 7 30
32 8 80
32 9 60
32 10 40
32 11 40
32 12 60
32 13 30
32 14 40
32 15 30
32 16 30
32 17 80
32 18 30
32 19 40
32 20 40
32 21 80
32 22 60
32 23 40
32 24 40
32 25 40
32 26 80
32 27 30
32 28 60
32 29 40
32 30 60
32 31 40
32 33 80
32 34 60
32 35 80
32 36 40
32 37 40
32 38 80
32 39 60
32 40 60
32 41 80
32 42 80
32 43 60
32 44 60
32 45 30
32 46 80
32 47 60
32 48 30
32 49 30
32 50 60
32 51 40
32 52 80
32 53 30
32 54 40
32 55 60
32 56 80
32 57 80
32 58 40
32 59 40
32 60 60
32 61 60
32 62 30
32 63 60
32 64 80
32 65 80
32 66 30
32 67 60
32 68 60
32 69 40
32 70 80
32 71 80
32 72 60
32 73 60
32 74 60
32 75 40
32 76 60
32 77 60
32 78 30
32 79 80
32 80 60
33 0 60
33 1 60
33 2 60
33 3 40
33 4 30
33 5 80
33 6 60
33 7 60
33 8 40
33 9 60
33 10 30
33 11 30
33 12 80
33 13 80
33 14 30
33 15 30
33 16 30
33 17 40
33 18 60
33 19 30
33 20 60
33 21 60
33 22 40
33 23 30
33 24 60
33 25 80
33 26 80
33 27 60
33 28 40
33 29 30
33 30 30
33 31 30
33 32 60
33 34 60
33 35 40
33 36 60
33 37 80
33 38 60
33 39 30
33 40 80
33 41 80
33 42 40
33 43 30
33 44 80
33 45 80
33 46 80
33 47 40
33 48 40
33 49 60
33 50 80
33 51 60
33 52 60
33 53 30
33 54 30
33 55 40
33 56 30
33 57 60
33 58 30
33 59 60
33 60 40
33 61 60
33 62 80
33 63 40
33 64 40
33 65 60
33 66 30
33 67 30
33 68 80
33 69 40
33 70 30
33 71 80
33 72 30
33 73 30
33 74 80
33 75 30
33 76 40
33 77 40
33 78 30
33 79 30
33 80 80
34 0 60
34 1 60
34 2 40
34 3 60
34 4 30
34 5 80
34 6 60
34 7 40
34 8 30
34 9 80
34 10 60
34 11 80
34 12 40
34 13 40
34 14 40
34 15 60
34 16 60
34 17 30
34 18 60
34 19 80
34 20 30
34 21 30
34 22 60
34 23 30
34 24 60
34 25 60
34 26 60
34 27 40
34 28 40
34 29 80
34 30 80
34 31 40
34 32 30
34 33 80
34 35 40
34 36 80
34 37 40
34 38 80
34 39 40
34 40 80
34 41 60
34 42 40
34 43 30
34 44 40
34 45 80
34 46 80
34 47 30
34 48 60
34 49 30
34 50 80
34 51 30
34 52 60
34 53 80
34 54 40
34 55 80
34 56 60
34 57 30
34 58 40
34 59 80
34 60 40
34 61 40
34 62 40
34 63 40
34 64 30
34 65 40
34 66 80
34 67 80
34 68 30
34 69 80
34 70 60
34 71 60
34 72 40
34 73 40
34 74 80
34 75 30
34 76 40
34 77 30
34 78 80
34 79 80
34 80 30
35 0 30
35 1 60
35 2 40
35 3 30
35 4 60
35 5 60
35 6 40
35 7 30
35 8 30
35 9 40
35 10 30
35 11 40
35 12 30
35 13 60
35 14 80
35 15 60
35 16 80
35 17 40
35 18 30
35 19 80
35 20 40
35 21 60
35 22 80
35 23 80
35 24 80
35 25 80
35 26 60
35 27 60
35 28 80
35 29 30
35 30 80
35 31 80
35 32 40
35 33 40
35 34 30
35 36 80
35 37 80
35 38 60
35 39 60
35 40 80
35 41 40
35 42 80
35 43 40
35 44 80
35 45 30
35 46 60
35 47 30
35 48 40
35 49 30
35 50 30
35 51 80
35 52 30
35 53 80
35 54 80
35 55 40
35 56 60
35 57 80
35 58 40
35 59 30
35 60 60
35 61 60
35 62 40
35 63 30
35 64 60
35 65 40
35 66 60
35 67 30
35 68 40
35 69 30
35 70 60
35 71 60
35 72 60
35 73 80
35 74 30
35 75 30
35 76 30
35 77 30
35 78 40
35 79 30
35 80 80
36 0 60
36 1 60
36 2 40
36 3 60
36 4 30
36 5 80
36 6 40
36 7 80
36 8 80
36 9 40
36 10 80
36 11 30
36 12 30
36 13 80
36 14 80
36 15 30
36 16 30
36 17 30
36 18 80
36 19 40
36 20 60
36 21 60
36 22 30
36 23 60
36 24 40
36 25 30
36 26 30
36 27 30
36 28 30
36 29 60
36 30 30
36 31 80
36 32 60
36 33 30
36 34 60
36 35 60
36 37 80
36 38 80
36 39 40
36 40 40
36 41 30
36 42 60
36 43 80
36 44 40
36 45 60
36 46 30
36 47 30
36 48 80
36 49 30
36 50 30
36 51 40
36 52 30
36 53 80
36 54 80
36 55 30
36 56 80
36 57 60
36 58 60
36 59 30
36 60 80
36 61 60
36 62 30
36 63 80
36 64 30
36 65 60
36 66 60
36 67 40
36 68 80
36 69 80
36 70 30
36 71 40
36 72 80
36 73 40
36 74 30
36 75 80
36 76 80
36 77 80
36 78 30
36 79 30
36 80 80
37 0 80
37 1 30
37 2 30
37 3 60
37 4 80
37 5 30
37 6 30
37 7 40
37 8 30
37 9 30
37 10 80
37 11 40
37 12 60
37 13 80
37 14 60
37 15 30
37 16 30
37 17 40
37 18 80
37 19 30
37 20 80
37 21 40
37 22 40
37 23 60
37 24 30
37 25 30
37 26 40
37 27 40
37 28 40
37 29 60
37 30 60
37 31 80
37 32 40
37 33 40
37 34 40
37 35 30
37 36 30
37 38 60
37 39 80
37 40 80
37 41 80
37 42 30
37 43 30
37 44 40
37 45 60
37 46 80
37 47 30
37 48 40
37 49 30
37 50 80
37 51 30
37 52 40
37 53 80
37 54 30
37 55 60
37 56 40
37 57 30
37 58 30
37 59 80
37 60 30
37 61 60
37 62 60
37 63 40
37 64 30
37 65 60
37 66 60
37 67 40
37 68 80
37 69 40
37 70 80
37 71 60
37 72 30
37 73 40
37 74 40
37 75 30
37 76 40
37 77 40
37 78 40
37 79 80
37 80 40
38 0 30
38 1 30
38 2 40
38 3 60
38 4 40
38 5 40
38 6 40
38 7 40
38 8 80
38 9 60
38 10 40
38 11 40
38 12 40
38 13 30
38 14 30
38 15 40
38 16 30
38 17 60
38 18 60
38 19 30
38 20 80
38 21 30
38 22 30
38 23 80
38 24 40
38 25 30
38 26 80
38 27 40
38 28 30
38 29 40
38 30 30
38 31 30
38 32 60
38 33 60
38 34 80
38 35 40
38 36 60
38 37 40
38 39 40
38 40 80
38 41 60
38 42 30
38 43 80
38 44 60
38 45 60
38 46 40
38 47 30
38 48 80
38 49 30
38 50 30
38 51 40
38 52 80
38 53 60
38 54 40
38 55 60
38 56 60
38 57 80
38 58 80
38 59 40
38 60 40
38 61 40
38 62 40
38 63 40
38 64 40
38 65 30
38 66 60
38 67 40
38 68 60
38 69 40
38 70 30
38 71 40
38 72 40
38 73 60
38 74 60
38 75 30
38 76 40
38 77 40
38 78 60
38 79 60
38 80 60
39 0 60
39 1 60
39 2 30
39 3 80
39 4 80
39 5 80
39 6 80
39 7 40
39 8 60
39 9 40
39 10 40
39 11 30
39 12 60
39 13 30
39 14 80
39 15 60
39 16 80
39 17 80
39 18 40
39 19 60
39 20 40
39 21 30
39 22 60
39 23 30
39 24 80
39 25 40
39 26 40
39 27 30
39 28 60
39 29 80
39 30 80
39 31 40
39 32 80
39 33 30
39 34 30
39 35 80
39 36 40
39 37 40
39 38 40
39 40 80
39 41 80
39 42 60
39 43 60
39 44 80
39 45 80
39 46 60
39 47 80
39 48 40
39 49 40
39 50 40
39 51 80
39 52 80
39 53 80
39 54 30
39 55 60
39 56 30
39 57 40
39 58 40
39 59 60
39 60 60
39 61 40
39 62 30
39 63 80
39 64 80
39 65 60
39 66 60
39 67 30
39 68 40
39 69 30
39 70 40
39 71 30
39 72 30
39 73 60
39 74 30
39 75 80
39 76 30
39 77 80
39 78 80
39 79 80
39 80 80
40 0 40
40 1 80
40 2 30
40 3 30
40 4 60
40 5 60
40 6 40
40 7 40
40 8 30
40 9 40
40 10 40
40 11 30
40 12 30
40 13 60
40 14 80
40 15 40
40 16 30
40 17 60
40 18 40
40 19 80
40 20 30
40 21 40
40 22 80
40 23 30
40 24 30
40 25 40
40 26 80
40 27 30
40 28 80
40 29 30
40 30 60
40 31 30
40 32 30
40 33 30
40 34 80
40 35 40
40 36 40
40 37 80
40 38 40
40 39 80
40 41 30
40 42 40
40 43 80
40 44 60
40 45 80
40 46 60
40 47 60
40 48 40
40 49 40
40 50 40
40 51 60
40 52 80
40 53 40
40 54 80
40 55 30
40 56 60
40 57 60
40 58 30
40 59 40
40 60 80
40 61 40
40 62 30
40 63 80
40 64 30
40 65 80
40 66 40
40 67 40
40 68 40
40 69 60
40 70 30
40 71 80
40 72 80
40 73 80
40 74 80
40 75 30
40 76 60
40 77 30
40 78 80
40 79 80
40 80 40
41 0 60
41 1 40
41 2 80
41 3 80
41 4 30
41 5 40
41 6 30
41 7 30
41 8 30
41 9 30
41 10 30
41 11 80
41 12 60
41 13 60
41 14 60
41 15 30
41 16 80
41 17 80
41 18 80
41 19 80
41 20 40
41 21 60
41 22 40
41 23 80
41 24 30
41 25 60
41 26 60
41 27 80
41 28 80
41 29 40
41 30 40
41 31 80
41 32 30
41 33 80
41 34 60
41 35 60
41 36 60
41 37 30
41 38 80
41 39 80
41 40 30
41 42 40
41 43 60
41 44 30
41 45 80
41 46 30
41 47 30
41 48 60
41 49 60
41 50 60
41 51 80
41 52 60
41 53 80
41 54 80
41 55 30
41 56 60
41 57 80
41 58 80
41 59 80
41 60 30
41 61 30
41 62 60
41 63 40
41 64 80
41 65 80
41 66 40
41 67 30
41 68 80
41 69 60
41 70 80
41 71 30
41 72 80
41 73 80
41 74 60
41 75 30
41 76 60
41 77 30
41 78 30
41 79 40
41 80 30
42 0 80
42 1 80
42 2 40
42 3 30
42 4 30
42 5 60
42 6 80
42 7 60
42 8 30
42 9 80
42 10 60
42 11 60
42 12 80
42 13 60
42 14 30
42 15 40
42 16 40
42 17 40
42 18 60
42 19 60
42 20 60
42 21 60
42 22 80
42 23 30
42 24 80
42 25 40
42 26 60
42 27 60
42 28 80
42 29 40
42 30 60
42 31 80
42 32 80
42 33 40
42 34 40
42 35 30
42 36 60
42 37 40
42 38 40
42 39 80
42 40 40
42 41 60
42 43 60
42 44 80
42 45 60
42 46 80
42 47 60
42 48 60
42 49 60
42 50 80
42 51 40
42 52 40
42 53 60
42 54 40
42 55 30
42 56 80
42 57 80
42 58 40
42 59 30
42 60 80
42 61 60
42 62 40
42 63 60
42 64 40
42 65 40
42 66 60
42 67 60
42 68 30
42 69 80
42 70 40
42 71 30
42 72 80
42 73 30
42 74 80
42 75 30
42 76 30
42 77 80
42 78 60
42 79 80
42 80 30
43 0 60
43 1 80
43 2 40
43 3 60
43 4 60
43 5 30
43 6 80
43 7 60
43 8 40
43 9 80
43 10 80
43 11 30
43 12 80
43 13 30
43 14 30
43 15 30
43 16 60
43 17 60
43 18 40
43 19 80
43 20 60
43 21 60
43 22 60
43 23 40
43 24 40
43 25 80
43 26 40
43 27 30
43 28 30
43 29 80
43 30 60
43 31 60
43 32 80
43 33 60
43 34 30
43 35 60
43 36 60
43 37 80
43 38 60
43 39 80
43 40 80
43 41 30
43 42 60
43 44 60
43 45 30
43 46 60
43 47 80
43 48 40
43 49 30
43 50 80
43 51 60
43 52 40
43 53 40
43 54 80
43 55 80
43 56 30
43 57 30
43 58 80
43 59 40
43 60 60
43 61 40
43 62 30
43 63 40
43 64 80
43 65 30
43 66 40
43 67 80
43 68 40
43 69 80
43 70 30
43 71 30
43 72 80
43 73 80
43 74 30
43 75 30
43 76 60
43 77 40
43 78 80
43 79 30
43 80 60
44 0 60
44 1 40
44 2 60
44 3 80
44 4 60
44 5 30
44 6 40
44 7 30
44 8 40
44 9 30
44 10 60
44 11 30
44 12 30
44 13 60
44 14 30
44 15 80
44 16 80
44 17 80
44 18 40
44 19 30
44 20 40
44 21 30
44 22 40
44 23 40
44 24 40
44 25 60
44 26 60
44 27 80
44 28 40
44 29 80
44 30 40
44 31 60
44 32 30
44 33 80
44 34 30
44 35 30
44 36 60
44 37 80
44 38 30
44 39 40
44 40 40
44 41 60
44 42 80
44 43 30
44 45 60
44 46 40
44 47 30
44 48 80
44 49 80
44 50 30
44 51 60
44 52 60
44 53 40
44 54 60
44 55 30
44 56 30
44 57 30
44 58 40
44 59 80
44 60 30
44 61 30
44 62 30
44 63 80
44 64 80
44 65 60
44 66 30
44 67 80
44 68 80
44 69 40
44 70 30
44 71 80
44 72 80
44 73 40
44 74 80
44 75 80
44 76 80
44 77 30
44 78 60
44 79 30
44 80 30
45 0 40
45 1 60
45 2 80
45 3 40
45 4 30
45 5 60
45 6 30
45 7 30
45 8 80
45 9 30
45 10 80
45 11 30
45 12 80
45 13 30
45 14 80
45 15 80
45 16 30
45 17 60
45 18 80
45 19 80
45 20 60
45 21 80
45 22 40
45 23 30
45 24 60
45 25 30
45 26 80
45 27 80
45 28 80
45 29 40
45 30 40
45 31 80
45 32 80
45 33 40
45 34 80
45 35 80
45 36 30
45 37 30
45 38 80
45 39 40
45 40 30
45 41 40
45 42 80
45 43 30
45 44 40
45 46 30
45 47 30
45 48 40
45 49 80
45 50 40
45 51 80
45 52 60
45 53 30
45 54 30
45 55 30
45 56 80
45 57 30
45 58 80
45 59 80
45 60 40
45 61 60
45 62 40
45 63 80
45 64 80
45 65 40
45 66 40
45 67 30
45 68 30
45 69 30
45 70 80
45 71 30
45 72 80
45 73 80
45 74 40
45 75 30
45 76 80
45 77 80
45 78 40
45 79 80
45 80 30
46 0 60
46 1 30
46 2 40
46 3 30
46 4 60
46 5 60
46 6 80
46 7 40
46 8 40
46 9 30
46 10 40
46 11 60
46 12 60
46 13 40
46 14 60
46 15 40
46 16 30
46 17 40
46 18 30
46 19 30
46 20 60
46 21 80
46 22 40
46 23 80
46 24 80
46 25 60
46 26 80
46 27 30
46 28 30
46 29 30
46 30 30
46 31 40
46 32 40
46 33 30
46 34 40
46 35 30
46 36 80
46 37 30
46 38 80
46 39 60
46 40 30
46 41 80
46 42 60
46 43 30
46 44 80
46 45 40
46 47 60
46 48 60
46 49 60
46 50 40
46 51 40
46 52 80
46 53 30
46 54 60
46 55 60
46 56 60
46 57 40
46 58 40
46 59 60
46 60 40
46 61 40
46 62 40
46 63 60
46 64 80
46 65 60
46 66 30
46 67 30
46 68 40
46 69 30
46 70 40
46 71 80
46 72 40
46 73 60
46 74 60
46 75 40
46 76 30
46 77 60
46 78 30
46 79 80
46 80 60
47 0 40
47 1 30
47 2 80
47 3 30
47 4 30
47 5 40
47 6 60
47 7 60
47 8 30
47 9 60
47 10 30
47 11 30
47 12 40
47 13 80
47 14 80
47 15 30
47 16 30
47 17 30
47 18 80
47 19 40
47 20 30
47 21 60
47 22 60
47 23 40
47 24 40
47 25 40
47 26 30
47 27 30
47 28 30
47 29 30
47 30 30
47 31 30
47 32 40
47 33 30
47 34 40
47 35 40
47 36 60
47 37 60
47 38 60
47 39 30
47 40 60
47 41 80
47 42 30
47 43 30
47 44 60
47 45 60
47 46 80
47 48 30
47 49 60
47 50 40
47 51 60
47 52 30
47 53 40
47 54 60
47 55 60
47 56 40
47 57 60
47 58 60
47 59 40
47 60 40
47 61 60
47 62 30
47 63 60
47 64 60
47 65 60
47 66 40
47 67 60
47 68 60
47 69 40
47 70 80
47 71 30
47 72 60
47 73 60
47 74 30
47 75 60
47 76 30
47 77 30
47 78 80
47 79 30
47 80 80
48 0 40
48 1 80
48 2 30
48 3 60
48 4 60
48 5 30
48 6 40
48 7 30
48 8 30
48 9 40
48 10 60
48 11 30
48 12 30
48 13 30
48 14 80
48 15 80
48 16 60
48 17 60
48 18 40
48 19 80
48 20 30
48 21 60
48 22 60
48 23 30
48 24 40
48 25 40
48 26 60
48 27 40
48 28 30
48 29 40
48 30 30
48 31 30
48 32 40
48 33 60
48 34 40
48 35 60
48 36 30
48 37 30
48 38 40
48 39 30
48 40 40
48 41 30
48 42 80
48 43 30
48 44 80
48 45 40
48 46 60
48 47 30
48 49 80
48 50 80
48 51 30
48 52 80
48 53 80
48 54 30
48 55 40
48 56 80
48 57 40
48 58 30
48 59 30
48 60 30
48 61 30
48 62 40
48 63 60
48 64 80
48 65 60
48 66 40
48 67 40
48 68 40
48 69 80
48 70 40
48 71 40
48 72 80
48 73 80
48 74 80
48 75 40
48 76 30
48 77 60
48 78 40
48 79 30
48 80 40
49 0 30
49 1 80
49 2 40
49 3 40
49 4 80
49 5 80
49 6 80
49 7 40
49 8 30
49 9 60
49 10 80
49 11 60
49 12 60
49 13 80
49 14 60
49 15 80
49 16 60
49 17 80
49 18 40
49 19 60
49 20 60
49 21 40
49 22 80
49 23 80
49 24 40
49 25 60
49 26 30
49 27 40
49 28 60
49 29 40
49 30 60
49 31 60
49 32 40
49 33 30
49 34 30
49 35 30
49 36 80
49 37 30
49 38 60
49 39 80
49 40 80
49 41 60
49 42 60
49 43 30
49 44 30
49 45 30
49 46 30
49 47 60
49 48 30
49 50 40
49 51 30
49 52 40
49 53 40
49 54 30
49 55 60
49 56 60
49 57 80
49 58 40
49 59 80
49 60 80
49 61 60
49 62 40
49 63 60
49 64 80
49 65 40
49 66 40
49 67 60
49 68 80
49 69 60
49 70 40
49 71 30
49 72 80
49 73 80
49 74 60
49 75 60
49 76 30
49 77 40
49 78 60
49 79 80
49 80 80
50 0 40
50 1 30
50 2 40
50 3 60
50 4 40
50 5 40
50 6 60
50 7 30
50 8 60
50 9 80
50 10 40
50 11 60
50 12 80
50 13 60
50 14 60
50 15 80
50 16 60
50 17 60
50 18 60
50 19 40
50 20 60
50 21 30
50 22 30
50 23 40
50 24 30
50 25 60
50 26 40
50 27 80
50 28 80
50 29 40
50 30 80
50 31 60
50 32 30
50 33 60
50 34 40
50 35 60
50 36 60
50 37 60
50 38 60
50 39 80
50 40 40
50 41 80
50 42 60
50 43 40
50 44 80
50 45 30
50 46 30
50 47 60
50 48 30
50 49 60
50 51 60
50 52 40
50 53 30
50 54 40
50 55 60
50 56 80
50 57 80
50 58 80
50 59 80
50 60 60
50 61 30
50 62 30
50 63 80
50 64 40
50 65 40
50 66 30
50 67 60
50 68 30
50 69 40
50 70 60
50 71 30
50 72 40
50 73 60
50 74 60
50 75 60
50 76 40
50 77 40
50 78 30
50 79 30
50 80 30
51 0 80
51 1 30
51 2 60
51 3 60
51 4 80
51 5 60
51 6 40
51 7 80
51 8 60
51 9 60
51 10 30
51 11 80
51 12 40
51 13 40
51 14 60
51 15 40
51 16 80
51 17 30
51 18 60
51 19 40
51 20 40
51 21 80
51 22 30
51 23 80
51 24 80
51 25 30
51 26 60
51 27 30
51 28 40
51 29 80
51 30 60
51 31 30
51 32 80
51 33 30
51 34 30
51 35 80
51 36 30
51 37 60
51 38 60
51 39 40
51 40 30
51 41 60
51 42 80
51 43 80
51 44 60
51 45 30
51 46 80
51 47 80
51 48 40
51 49 30
51 50 30
51 52 80
51 53 40
51 54 60
51 55 40
51 56 80
51 57 60
51 58 80
51 59 40
51 60 60
51 61 40
51 62 80
51 63 40
51 64 40
51 65 40
51 66 60
51 67 60
51 68 80
51 69 80
51 70 60
51 71 40
51 72 60
51 73 30
51 74 60
51 75 80
51 76 30
51 77 40
51 78 60
51 79 60
51 80 30
52 0 40
52 1 80
52 2 60
52 3 40
52 4 30
52 5 60
52 6 30
52 7 30
52 8 80
52 9 30
52 10 40
52 11 40
52 12 60
52 13 80
52 14 80
52 15 30
52 16 40
52 17 60
52 18 80
52 19 40
52 20 80
52 21 80
52 22 30
52 23 60
52 24 30
52 25 40
52 26 60
52 27 40
52 28 80
52 29 60
52 30 40
52 31 40
52 32 60
52 33 60
52 34 60
52 35 60
52 36 30
52 37 30
52 38 80
52 39 30
52 40 80
52 41 60
52 42 40
52 43 80
52 44 60
52 45 30
52 46 30
52 47 80
52 48 40
52 49 80
52 50 80
52 51 60
52 53 80
52 54 60
52 55 60
52 56 60
52 57 30
52 58 40
52 59 40
52 60 60
52 61 60
52 62 60
52 63 80
52 64 40
52 65 80
52 66 30
52 67 40
52 68 60
52 69 40
52 70 40
52 71 60
52 72 30
52 73 40
52 74 40
52 75 80
52 76 30
52 77 30
52 78 30
52 79 60
52 80 80
53 0 60
53 1 80
53 2 30
53 3 80
53 4 40
53 5 60
53 6 60
53 7 80
53 8 80
53 9 80
53 10 30
53 11 80
53 12 30
53 13 80
53 14 30
53 15 30
53 16 30
53 17 80
53 18 80
53 19 80
53 20 80
53 21 30
53 22 30
53 23 80
53 24 30
53 25 80
53 26 60
53 27 80
53 28 40
53 29 40
53 30 40
53 31 30
53 32 80
53 33 60
53 34 40
53 35 40
53 36 30
53 37 40
53 38 40
53 39 60
53 40 30
53 41 80
53 42 40
53 43 30
53 44 30
53 45 80
53 46 30
53 47 30
53 48 80
53 49 40
53 50 30
53 51 30
53 52 40
53 54 80
53 55 60
53 56 60
53 57 30
53 58 30
53 59 40
53 60 30
53 61 30
53 62 30
53 63 60
53 64 60
53 65 80
53 66 60
53 67 60
53 68 30
53 69 80
53 70 30
53 71 30
53 72 30
53 73 80
53 74 40
53 75 60
53 76 80
53 77 60
53 78 60
53 79 80
53 80 40
54 0 80
54 1 80
54 2 40
54 3 40
54 4 60
54 5 80
54 6 30
54 7 80
54 8 80
54 9 30
54 10 30
54 11 60
54 12 60
54 13 80
54 14 40
54 15 30
54 16 60
54 17 40
54 18 80
54 19 80
54 20 30
54 21 40
54 22 40
54 23 30
54 24 30
54 25 30
54 26 80
54 27 60
54 28 40
54 29 80
54 30 40
54 31 40
54 32 60
54 33 40
54 34 40
54 35 60
54 36 60
54 37 30
54 38 60
54 39 60
54 40 80
54 41 30
54 42 40
54 43 60
54 44 60
54 45 40
54 46 30
54 47 30
54 48 30
54 49 40
54 50 40
54 51 80
54 52 80
54 53 80
54 55 40
54 56 60
54 57 80
54 58 40
54 59 30
54 60 30
54 61 40
54 62 80
54 63 60
54 64 60
54 65 60
54 66 40
54 67 80
54 68 80
54 69 40
54 70 80
54 71 30
54 72 80
54 73 30
54 74 40
54 75 30
54 76 40
54 77 30
54 78 40
54 79 40
54 80 60
55 0 40
55 1 80
55 2 40
55 3 60
55 4 80
55 5 80
55 6 40
55 7 80
55 8 40
55 9 80
55 10 40
55 11 80
55 12 30
55 13 60
55 14 80
55 15 80
55 16 40
55 17 60
55 18 80
55 19 40
55 20 30
55 21 80
55 22 60
55 23 60
55 24 80
55 25 40
55 26 40
55 27 40
55 28 60
55 29 80
55 30 30
55 31 60
55 32 40
55 33 60
55 34 60
55 35 80
55 36 80
55 37 60
55 38 40
55 39 40
55 40 80
55 41 40
55 42 60
55 43 40
55 44 40
55 45 30
55 46 30
55 47 30
55 48 30
55 49 40
55 50 80
55 51 80
55 52 30
55 53 80
55 54 80
55 56 60
55 57 30
55 58 40
55 59 80
55 60 40
55 61 40
55 62 80
55 63 30
55 64 30
55 65 60
55 66 40
55 67 60
55 68 60
55 69 80
55 70 60
55 71 80
55 72 60
55 73 60
55 74 30
55 75 30
55 76 60
55 77 80
55 78 30
55 79 30
55 80 30
56 0 40
56 1 40
56 2 60
56 3 40
56 4 80
56 5 40
56 6 30
56 7 30
56 8 30
56 9 40
56 10 30
56 11 40
56 12 60
56 13 40
56 14 80
56 15 60
56 16 60
56 17 30
56 18 80
56 19 30
56 20 30
56 21 80
56 22 30
56 23 80
56 24 30
56 25 40
56 26 30
56 27 60
56 28 80
56 29 80
56 30 40
56 31 60
56 32 30
56 33 80
56 34 60
56 35 30
56 36 40
56 37 30
56 38 60
56 39 30
56 40 40
56 41 30
56 42 60
56 43 60
56 44 30
56 45 80
56 46 40
56 47 30
56 48 80
56 49 80
56 50 30
56 51 60
56 52 40
56 53 30
56 54 60
56 55 40
56 57 30
56 58 40
56 59 30
56 60 30
56 61 80
56 62 40
56 63 80
56 64 40
56 65 80
56 66 40
56 67 80
56 68 30
56 69 30
56 70 30
56 71 30
56 72 60
56 73 40
56 74 30
56 75 60
56 76 40
56 77 40
56 78 40
56 79 30
56 80 60
57 0 40
57 1 60
57 2 60
57 3 30
57 4 80
57 5 30
57 6 60
57 7 80
57 8 40
57 9 40
57 10 80
57 11 60
57 12 40
57 13 80
57 14 30
57 15 60
57 16 80
57 17 60
57 18 60
57 19 80
57 20 80
57 21 60
57 22 60
57 23 80
57 24 30
57 25 30
57 26 30
57 27 60
57 28 60
57 29 60
57 30 30
57 31 60
57 32 80
57 33 30
57 34 80
57 35 80
57 36 80
57 37 40
57 38 80
57 39 80
57 40 80
57 41 40
57 42 60
57 43 80
57 44 30
57 45 30
57 46 60
57 47 80
57 48 40
57 49 60
57 50 60
57 51 60
57 52 60
57 53 80
57 54 60
57 55 60
57 56 60
57 58 30
57 59 40
57 60 60
57 61 30
57 62 60
57 63 60
57 64 80
57 65 80
57 66 30
57 67 60
57 68 80
57 69 60
57 70 40
57 71 60
57 72 60
57 73 80
57 74 40
57 75 80
57 76 30
57 77 60
57 78 80
57 79 80
57 80 60
58 0 40
58 1 40
58 2 40
58 3 80
58 4 80
58 5 60
58 6 60
58 7 60
58 8 40
58 9 80
58 10 40
58 11 60
58 12 60
58 13 30
58 14 30
58 15 60
58 16 40
58 17 30
58 18 40
58 19 40
58 20 60
58 21 60
58 22 80
58 23 80
58 24 60
58 25 30
58 26 60
58 27 80
58 28 30
58 29 30
58 30 60
58 31 80
58 32 40
58 33 80
58 34 40
58 35 60
58 36 40
58 37 30
58 38 40
58 39 80
58 40 40
58 41 60
58 42 30
58 43 60
58 44 60
58 45 60
58 46 80
58 47 80
58 48 80
58 49 30
58 50 80
58 51 30
58 52 60
58 53 30
58 54 40
58 55 30
58 56 30
58 57 40
58 59 60
58 60 30
58 61 80
58 62 40
58 63 60
58 64 80
58 65 80
58 66 80
58 67 40
58 68 30
58 69 40
58 70 40
58 71 80
58 72 30
58 73 30
58 74 60
58 75 30
58 76 30
58 77 40
58 78 40
58 79 30
58 80 30
59 0 80
59 1 60
59 2 80
59 3 40
59 4 30
59 5 30
59 6 60
59 7 80
59 8 30
59 9 30
59 10 40
59 11 80
59 12 30
59 13 30
59 14 80
59 15 30
59 16 40
59 17 30
59 18 80
59 19 80
59 20 60
59 21 40
59 22 40
59 23 80
59 24 30
59 25 40
59 26 60
59 27 80
59 28 40
59 29 40
59 30 30
59 31 80
59 32 80
59 33 60
59 34 60
59 35 40
59 36 40
59 37 40
59 38 30
59 39 40
59 40 30
59 41 40
59 42 80
59 43 40
59 44 80
59 45 60
59 46 30
59 47 30
59 48 60
59 49 40
59 50 40
59 51 40
59 52 40
59 53 60
59 54 40
59 55 60
59 56 80
59 57 30
59 58 80
59 60 80
59 61 40
59 62 80
59 63 60
59 64 30
59 65 40
59 66 40
59 67 30
59 68 60
59 69 80
59 70 80
59 71 60
59 72 80
59 73 60
59 74 80
59 75 30
59 76 80
59 77 60
59 78 60
59 79 60
59 80 40
60 0 30
60 1 80
60 2 30
60 3 60
60 4 30
60 5 40
60 6 80
60 7 60
60 8 60
60 9 40
60 10 80
60 11 80
60 12 40
60 13 60
60 14 40
60 15 40
60 16 80
60 17 30
60 18 30
60 19 40
60 20 40
60 21 80
60 22 60
60 23 30
60 24 60
60 25 30
60 26 40
60 27 30
60 28 60
60 29 40
60 30 80
60 31 40
60 32 60
60 33 30
60 34 60
60 35 40
60 36 30
60 37 80
60 38 60
60 39 60
60 40 60
60 41 30
60 42 60
60 43 80
60 44 30
60 45 40
60 46 60
60 47 30
60 48 30
60 49 30
60 50 40
60 51 40
60 52 60
60 53 60
60 54 30
60 55 80
60 56 40
60 57 80
60 58 30
60 59 40
60 61 40
60 62 60
60 63 40
60 64 40
60 65 30
60 66 80
60 67 60
60 68 40
60 69 80
60 70 30
60 71 60
60 72 80
60 73 30
60 74 60
60 75 40
60 76 40
60 77 60
60 78 60
60 79 60
60 80 80
61 0 60
61 1 30
61 2 60
61 3 60
61 4 40
61 5 80
61 6 30
61 7 30
61 8 30
61 9 60
61 10 30
61 11 60
61 12 80
61 13 80
61 14 80
61 15 60
61 16 60
61 17 40
61 18 40
61 19 80
61 20 30
61 21 40
61 22 80
61 23 40
61 24 80
61 25 80
61 26 60
61 27 80
61 28 40
61 29 60
61 30 40
61 31 80
61 32 30
61 33 60
61 34 60
61 35 80
61 36 60
61 37 80
61 38 60
61 39 30
61 40 60
61 41 80
61 42 60
61 43 30
61 44 60
61 45 30
61 46 60
61 47 60
61 48 40
61 49 80
61 50 60
61 51 60
61 52 80
61 53 40
61 54 40
61 55 80
61 56 40
61 57 40
61 58 40
61 59 60
61 60 80
61 62 80
61 63 30
61 64 80
61 65 30
61 66 80
61 67 40
61 68 40
61 69 60
61 70 80
61 71 40
61 72 30
61 73 80
61 74 80
61 75 40
61 76 30
61 77 40
61 78 30
61 79 60
61 80 40
62 0 40
62 1 60
62 2 80
62 3 30
62 4 40
62 5 40
62 6 80
62 7 30
62 8 60
62 9 30
62 10 40
62 11 80
62 12 40
62 13 60
62 14 40
62 15 60
62 16 60
62 17 30
62 18 40
62 19 30
62 20 40
62 21 60
62 22 30
62 23 80
62 24 30
62 25 60
62 26 40
62 27 30
62 28 80
62 29 40
62 30 40
62 31 40
62 32 80
62 33 40
62 34 40
62 35 40
62 36 80
62 37 80
62 38 30
62 39 40
62 40 30
62 41 80
62 42 40
62 43 80
62 44 40
62 45 30
62 46 80
62 47 30
62 48 30
62 49 60
62 50 80
62 51 30
62 52 60
62 53 40
62 54 80
62 55 80
62 56 60
62 57 60
62 58 80
62 59 40
62 60 80
62 61 80
62 63 60
62 64 80
62 65 30
62 66 40
62 67 60
62 68 80
62 69 80
62 70 80
62 71 40
62 72 80
62 73 60
62 74 80
62 75 60
62 76 60
62 77 40
62 78 80
62 79 80
62 80 60
63 0 30
63 1 30
63 2 30
63 3 40
63 4 60
63 5 40
63 6 40
63 7 80
63 8 40
63 9 80
63 10 40
63 11 80
63 12 60
63 13 30
63 14 30
63 15 40
63 16 60
63 17 40
63 18 40
63 19 40
63 20 30
63 21 40
63 22 30
63 23 60
63 24 60
63 25 30
63 26 60
63 27 30
63 28 60
63 29 60
63 30 60
63 31 80
63 32 30
63 33 60
63 34 80
63 35 80
63 36 40
63 37 40
63 38 60
63 39 60
63 40 40
63 41 40
63 42 60
63 43 40
63 44 60
63 45 60
63 46 40
63 47 40
63 48 80
63 49 40
63 50 40
63 51 80
63 52 80
63 53 60
63 54 60
63 55 60
63 56 40
63 57 30
63 58 60
63 59 80
63 60 30
63 61 30
63 62 30
63 64 30
63 65 30
63 66 40
63 67 80
63 68 60
63 69 80
63 70 30
63 71 40
63 72 40
63 73 30
63 74 30
63 75 60
63 76 80
63 77 60
63 78 30
63 79 60
63 80 30
64 0 40
64 1 80
64 2 30
64 3 30
64 4 80
64 5 60
64 6 60
64 7 40
64 8 30
64 9 40
64 10 60
64 11 60
64 12 30
64 13 40
64 14 80
64 15 80
64 16 80
64 17 60
64 18 30
64 19 60
64 20 30
64 21 80
64 22 80
64 23 40
64 24 40
64 25 60
64 26 60
64 27 60
64 28 60
64 29 60
64 30 40
64 31 40
64 32 60
64 33 30
64 34 60
64 35 80
64 36 60
64 37 40
64 38 80
64 39 80
64 40 80
64 41 40
64 42 60
64 43 60
64 44 40
64 45 30
64 46 30
64 47 60
64 48 40
64 49 60
64 50 40
64 51 30
64 52 40
64 53 80
64 54 40
64 55 40
64 56 80
64 57 80
64 58 40
64 59 80
64 60 80
64 61 30
64 62 80
64 63 80
64 65 30
64 66 40
64 67 80
64 68 40
64 69 80
64 70 30
64 71 80
64 72 30
64 73 60
64 74 30
64 75 60
64 76 80
64 77 40
64 78 60
64 79 30
64 80 40
65 0 60
65 1 80
65 2 30
65 3 30
65 4 60
65 5 80
65 6 30
65 7 80
65 8 60
65 9 30
65 10 80
65 11 30
65 12 30
65 13 60
65 14 60
65 15 40
65 16 60
65 17 80
65 18 60
65 19 60
65 20 80
65 21 30
65 22 80
65 23 80
65 24 80
65 25 30
65 26 30
65 27 80
65 28 30
65 29 40
65 30 30
65 31 40
65 32 80
65 33 40
65 34 30
65 35 40
65 36 30
65 37 40
65 38 40
65 39 60
65 40 60
65 41 40
65 42 60
65 43 80
65 44 60
65 45 60
65 46 40
65 47 40
65 48 40
65 49 80
65 50 80
65 51 80
65 52 30
65 53 30
65 54 80
65 55 80
65 56 40
65 57 30
65 58 30
65 59 40
65 60 40
65 61 30
65 62 60
65 63 40
65 64 80
65 66 80
65 67 60
65 68 40
65 69 30
65 70 40
65 71 80
65 72 30
65 73 30
65 74 40
65 75 30
65 76 80
65 77 60
65 78 30
65 79 60
65 80 30
66 0 60
66 1 60
66 2 60
66 3 60
66 4 30
66 5 80
66 6 40
66 7 30
66 8 60
66 9 40
66 10 30
66 11 30
66 12 80
66 13 40
66 14 60
66 15 60
66 16 40
66 17 60
66 18 30
66 19 40
66 20 80
66 21 30
66 22 30
66 23 40
66 24 60
66 25 40
66 26 30
66 27 80
66 28 30
66 29 60
66 30 30
66 31 40
66 32 30
66 33 40
66 34 60
66 35 60
66 36 40
66 37 30
66 38 40
66 39 80
66 40 30
66 41 30
66 42 40
66 43 60
66 44 40
66 45 60
66 46 80
66 47 80
66 48 30
66 49 30
66 50 40
66 51 60
66 52 30
66 53 40
66 54 40
66 55 30
66 56 60
66 57 40
66 58 30
66 59 30
66 60 30
66 61 80
66 62 80
66 63 30
66 64 30
66 65 30
66 67 60
66 68 40
66 69 60
66 70 30
66 71 60
66 72 60
66 73 30
66 74 30
66 75 30
66 76 40
66 77 80
66 78 60
66 79 80
66 80 30
67 0 80
67 1 80
67 2 30
67 3 30
67 4 30
67 5 80
67 6 80
67 7 30
67 8 80
67 9 80
67 10 40
67 11 80
67 12 30
67 13 60
67 14 40
67 15 30
67 16 30
67 17 60
67 18 60
67 19 30
67 20 40
67 21 30
67 22 30
67 23 60
67 24 40
67 25 40
67 26 30
67 27 30
67 28 40
67 29 30
67 30 40
67 31 40
67 32 40
67 33 60
67 34 80
67 35 60
67 36 40
67 37 60
67 38 30
67 39 60
67 40 60
67 41 60
67 42 30
67 43 30
67 44 80
67 45 30
67 46 60
67 47 30
67 48 80
67 49 60
67 50 60
67 51 60
67 52 80
67 53 60
67 54 80
67 55 30
67 56 80
67 57 40
67 58 40
67 59 40
67 60 30
67 61 60
67 62 40
67 63 40
67 64 80
67 65 80
67 66 80
67 68 80
67 69 60
67 70 30
67 71 40
67 72 80
67 73 80
67 74 60
67 75 40
67 76 80
67 77 40
67 78 40
67 79 30
67 80 80
68 0 80
68 1 60
68 2 30
68 3 40
68 4 80
68 5 40
68 6 80
68 7 30
68 8 60
68 9 30
68 10 60
68 11 80
68 12 40
68 13 30
68 14 40
68 15 60
68 16 60
68 17 80
68 18 30
68 19 30
68 20 30
68 21 40
68 22 60
68 23 80
68 24 40
68 25 40
68 26 60
68 27 40
68 28 80
68 29 30
68 30 40
68 31 80
68 32 80
68 33 30
68 34 60
68 35 80
68 36 80
68 37 60
68 38 60
68 39 30
68 40 60
68 41 30
68 42 60
68 43 30
68 44 40
68 45 80
68 46 30
68 47 30
68 48 60
68 49 80
68 50 60
68 51 80
68 52 80
68 53 40
68 54 40
68 55 80
68 56 40
68 57 80
68 58 30
68 59 30
68 60 60
68 61 80
68 62 40
68 63 40
68 64 30
68 65 60
68 66 40
68 67 80
68 69 30
68 70 30
68 71 30
68 72 80
68 73 80
68 74 40
68 75 60
68 76 40
68 77 80
68 78 30
68 79 30
68 80 40
69 0 80
69 1 60
69 2 80
69 3 40
69 4 40
69 5 80
69 6 40
69 7 60
69 8 30
69 9 60
69 10 40
69 11 60
69 12 60
69 13 40
69 14 60
69 15 40
69 16 30
69 17 60
69 18 60
69 19 30
69 20 80
69 21 60
69 22 30
69 23 60
69 24 80
69 25 60
69 26 60
69 27 60
69 28 30
69 29 80
69 30 60
69 31 80
69 32 30
69 33 80
69 34 60
69 35 80
69 36 30
69 37 40
69 38 40
69 39 30
69 40 30
69 41 30
69 42 60
69 43 80
69 44 60
69 45 30
69 46 30
69 47 40
69 48 40
69 49 60
69 50 40
69 51 80
69 52 60
69 53 60
69 54 30
69 55 40
69 56 80
69 57 40
69 58 80
69 59 80
69 60 80
69 61 60
69 62 40
69 63 60
69 64 80
69 65 30
69 66 60
69 67 80
69 68 80
69 70 30
69 71 40
69 72 80
69 73 40
69 74 60
69 75 60
69 76 30
69 77 30
69 78 60
69 79 40
69 80 40
70 0 40
70 1 80
70 2 30
70 3 60
70 4 30
70 5 30
70 6 30
70 7 60
70 8 30
70 9 40
70 10 80
70 11 40
70 12 40
70 13 30
70 14 80
70 15 40
70 16 80
70 17 30
70 18 30
70 19 40
70 20 60
70 21 60
70 22 40
70 23 30
70 24 60
70 25 60
70 26 80
70 27 30
70 28 30
70 29 60
70 30 80
70 31 40
70 32 60
70 33 80
70 34 40
70 35 30
70 36 60
70 37 30
70 38 40
70 39 80
70 40 80
70 41 80
70 42 40
70 43 40
70 44 30
70 45 40
70 46 30
70 47 30
70 48 40
70 49 40
70 50 60
70 51 40
70 52 60
70 53 30
70 54 40
70 55 80
70 56 60
70 57 30
70 58 60
70 59 80
70 60 60
70 61 60
70 62 40
70 63 80
70 64 30
70 65 40
70 66 60
70 67 80
70 68 60
70 69 30
70 71 80
70 72 40
70 73 40
70 74 80
70 75 40
70 76 60
70 77 60
70 78 80
70 79 80
70 80 40
71 0 40
71 1 60
71 2 80
71 3 30
71 4 40
71 5 40
71 6 60
71 7 80
71 8 30
71 9 60
71 10 60
71 11 40
71 12 30
71 13 80
71 14 60
71 15 80
71 16 30
71 17 30
71 18 60
71 19 80
71 20 80
71 21 30
71 22 60
71 23 30
71 24 60
71 25 30
71 26 30
71 27 30
71 28 80
71 29 30
71 30 60
71 31 80
71 32 80
71 33 30
71 34 60
71 35 30
71 36 40
71 37 30
71 38 40
71 39 60
71 40 40
71 41 30
71 42 60
71 43 60
71 44 30
71 45 60
71 46 30
71 47 80
71 48 30
71 49 60
71 50 30
71 51 60
71 52 40
71 53 30
71 54 60
71 55 40
71 56 40
71 57 80
71 58 30
71 59 40
71 60 40
71 61 30
71 62 60
71 63 80
71 64 30
71 65 40
71 66 30
71 67 80
71 68 80
71 69 30
71 70 30
71 72 30
71 73 60
71 74 60
71 75 60
71 76 80
71 77 60
71 78 30
71 79 30
71 80 80
72 0 60
72 1 30
72 2 30
72 3 80
72 4 60
72 5 40
72 6 60
72 7 80
72 8 40
72 9 40
72 10 80
72 11 60
72 12 80
72 13 80
72 14 60
72 15 60
72 16 80
72 17 30
72 18 30
72 19 40
72 20 30
72 21 80
72 22 30
72 23 60
72 24 30
72 25 80
72 26 30
72 27 60
72 28 40
72 29 80
72 30 60
72 31 80
72 32 60
72 33 80
72 34 40
72 35 30
72 36 40
72 37 40
72 38 80
72 39 40
72 40 60
72 41 30
72 42 30
72 43 80
72 44 40
72 45 40
72 46 40
72 47 40
72 48 80
72 49 40
72 50 40
72 51 30
72 52 60
72 53 40
72 54 80
72 55 40
72 56 60
72 57 40
72 58 30
72 59 60
72 60 80
72 61 40
72 62 40
72 63 30
72 64 80
72 65 30
72 66 40
72 67 80
72 68 80
72 69 40
72 70 30
72 71 30
72 73 30
72 74 80
72 75 40
72 76 60
72 77 60
72 78 30
72 79 80
72 80 60
73 0 60
73 1 30
73 2 60
73 3 40
73 4 80
73 5 60
73 6 40
73 7 60
73 8 80
73 9 60
73 10 80
73 11 30
73 12 40
73 13 30
73 14 40
73 15 80
73 16 30
73 17 30
73 18 30
73 19 80
73 20 40
73 21 30
73 22 60
73 23 80
73 24 80
73 25 80
73 26 80
73 27 80
73 28 60
73 29 30
73 30 60
73 31 60
73 32 30
73 33 30
73 34 80
73 35 40
73 36 30
73 37 40
73 38 30
73 39 80
73 40 80
73 41 40
73 42 60
73 43 80
73 44 40
73 45 30
73 46 40
73 47 30
73 48 80
73 49 30
73 50 30
73 51 40
73 52 30
73 53 80
73 54 30
73 55 80
73 56 60
73 57 40
73 58 80
73 59 60
73 60 40
73 61 30
73 62 30
73 63 40
73 64 80
73 65 40
73 66 30
73 67 80
73 68 40
73 69 30
73 70 60
73 71 40
73 72 30
73 74 40
73 75 80
73 76 60
73 77 40
73 78 40
73 79 40
73 80 80
74 0 30
74 1 40
74 2 40
74 3 60
74 4 40
74 5 80
74 6 60
74 7 80
74 8 40
74 9 60
74 10 30
74 11 60
74 12 30
74 13 80
74 14 30
74 15 30
74 16 60
74 17 30
74 18 80
74 19 80
74 20 40
74 21 80
74 22 30
74 23 80
74 24 30
74 25 80
74 26 80
74 27 60
74 28 60
74 29 40
74 30 80
74 31 40
74 32 30
74 33 30
74 34 30
74 35 60
74 36 30
74 37 60
74 38 80
74 39 60
74 40 40
74 41 40
74 42 40
74 43 40
74 44 30
74 45 30
74 46 30
74 47 30
74 48 60
74 49 30
74 50 30
74 51 40
74 52 60
74 53 80
74 54 30
74 55 30
74 56 40
74 57 60
74 58 30
74 59 60
74 60 60
74 61 40
74 62 40
74 63 80
74 64 30
74 65 30
74 66 30
74 67 40
74 68 30
74 69 40
74 70 80
74 71 30
74 72 80
74 73 30
74 75 60
74 76 60
74 77 30
74 78 60
74 79 80
74 80 40
75 0 80
75 1 80
75 2 60
75 3 40
75 4 60
75 5 40
75 6 60
75 7 40
75 8 80
75 9 60
75 10 30
75 11 80
75 12 80
75 13 40
75 14 80
75 15 60
75 16 60
75 17 40
75 18 40
75 19 30
75 20 80
75 21 60
75 22 60
75 23 80
75 24 80
75 25 30
75 26 60
75 27 60
75 28 80
75 29 30
75 30 60
75 31 30
75 32 60
75 33 80
75 34 80
75 35 40
75 36 80
75 37 80
75 38 60
75 39 40
75 40 40
75 41 60
75 42 80
75 43 60
75 44 40
75 45 60
75 46 80
75 47 40
75 48 40
75 49 80
75 50 80
75 51 60
75 52 40
75 53 60
75 54 40
75 55 80
75 56 60
75 57 30
75 58 60
75 59 80
75 60 60
75 61 40
75 62 40
75 63 30
75 64 60
75 65 30
75 66 80
75 67 30
75 68 80
75 69 60
75 70 80
75 71 60
75 72 60
75 73 80
75 74 60
75 76 40
75 77 60
75 78 30
75 79 60
75 80 30
76 0 80
76 1 80
76 2 40
76 3 60
76 4 40
76 5 80
76 6 40
76 7 40
76 8 40
76 9 30
76 10 40
76 11 40
76 12 40
76 13 60
76 14 80
76 15 80
76 16 30
76 17 30
76 18 80
76 19 60
76 20 80
76 21 80
76 22 60
76 23 40
76 24 30
76 25 40
76 26 40
76 27 60
76 28 60
76 29 30
76 30 40
76 31 80
76 32 30
76 33 80
76 34 60
76 35 30
76 36 60
76 37 80
76 38 40
76 39 40
76 40 60
76 41 30
76 42 30
76 43 40
76 44 80
76 45 80
76 46 60
76 47 60
76 48 30
76 49 80
76 50 60
76 51 30
76 52 30
76 53 40
76 54 80
76 55 40
76 56 60
76 57 30
76 58 80
76 59 30
76 60 40
76 61 80
76 62 40
76 63 40
76 64 30
76 65 60
76 66 40
76 67 40
76 68 30
76 69 30
76 70 80
76 71 60
76 72 60
76 73 80
76 74 60
76 75 80
76 77 40
76 78 40
76 79 80
76 80 60
77 0 30
77 1 80
77 2 30
77 3 60
77 4 30
77 5 30
77 6 60
77 7 30
77 8 60
77 9 30
77 10 30
77 11 40
77 12 40
77 13 30
77 14 40
77 15 60
77 16 60
77 17 60
77 18 80
77 19 80
77 20 80
77 21 40
77 22 60
77 23 60
77 24 80
77 25 40
77 26 40
77 27 30
77 28 40
77 29 30
77 30 60
77 31 60
77 32 80
77 33 30
77 34 30
77 35 60
77 36 60
77 37 80
77 38 80
77 39 40
77 40 40
77 41 30
77 42 60
77 43 80
77 44 60
77 45 60
77 46 60
77 47 30
77 48 60
77 49 30
77 50 30
77 51 30
77 52 40
77 53 30
77 54 80
77 55 40
77 56 40
77 57 60
77 58 30
77 59 30
77 60 60
77 61 30
77 62 80
77 63 40
77 64 30
77 65 40
77 66 40
77 67 40
77 68 30
77 69 30
77 70 30
77 71 40
77 72 40
77 73 30
77 74 30
77 75 40
77 76 30
77 78 80
77 79 60
77 80 80
78 0 60
78 1 30
78 2 40
78 3 40
78 4 40
78 5 60
78 6 80
78 7 80
78 8 30
78 9 80
78 10 40
78 11 60
78 12 60
78 13 40
78 14 30
78 15 30
78 16 30
78 17 80
78 18 60
78 19 40
78 20 30
78 21 40
78 22 60
78 23 80
78 24 80
78 25 80
78 26 80
78 27 40
78 28 60
78 29 80
78 30 30
78 31 80
78 32 30
78 33 30
78 34 40
78 35 30
78 36 30
78 37 80
78 38 80
78 39 80
78 40 80
78 41 80
78 42 30
78 43 80
78 44 60
78 45 80
78 46 80
78 47 30
78 48 40
78 49 40
78 50 30
78 51 80
78 52 40
78 53 40
78 54 40
78 55 80
78 56 40
78 57 40
78 58 80
78 59 60
78 60 60
78 61 80
78 62 60
78 63 40
78 64 40
78 65 30
78 66 60
78 67 80
78 68 60
78 69 40
78 70 60
78 71 30
78 72 30
78 73 80
78 74 60
78 75 30
78 76 60
78 77 40
78 79 40
78 80 60
79 0 30
79 1 30
79 2 80
79 3 30
79 4 40
79 5 30
79 6 60
79 7 80
79 8 60
79 9 60
79 10 60
79 11 30
79 12 60
79 13 30
79 14 60
79 15 30
79 16 30
79 17 30
79 18 40
79 19 30
79 20 40
79 21 30
79 22 80
79 23 60
79 24 60
79 25 40
79 26 40
79 27 80
79 28 30
79 29 40
79 30 30
79 31 60
79 32 80
79 33 30
79 34 40
79 35 40
79 36 60
79 37 60
79 38 60
79 39 40
79 40 40
79 41 80
79 42 60
79 43 60
79 44 40
79 45 30
79 46 30
79 47 60
79 48 40
79 49 60
79 50 60
79 51 40
79 52 30
79 53 30
79 54 60
79 55 80
79 56 40
79 57 40
79 58 40
79 59 60
79 60 30
79 61 80
79 62 60
79 63 80
79 64 40
79 65 30
79 66 30
79 67 80
79 68 40
79 69 30
79 70 60
79 71 80
79 72 30
79 73 30
79 74 30
79 75 30
79 76 60
79 77 60
79 78 40
79 80 80
80 0 80
80 1 60
80 2 30
80 3 80
80 4 30
80 5 60
80 6 60
80 7 30
80 8 80
80 9 60
80 10 60
80 11 30
80 12 60
80 13 80
80 14 60
80 15 40
80 16 60
80 17 80
80 18 60
80 19 40
80 20 40
80 21 40
80 22 30
80 23 80
80 24 30
80 25 30
80 26 60
80 27 40
80 28 30
80 29 80
80 30 80
80 31 40
80 32 30
80 33 30
80 34 40
80 35 60
80 36 60
80 37 30
80 38 30
80 39 40
80 40 60
80 41 80
80 42 60
80 43 80
80 44 60
80 45 80
80 46 80
80 47 30
80 48 80
80 49 40
80 50 40
80 51 80
80 52 60
80 53 40
80 54 60
80 55 60
80 56 30
80 57 30
80 58 30
80 59 30
80 60 30
80 61 60
80 62 40
80 63 40
80 64 40
80 65 60
80 66 40
80 67 60
80 68 80
80 69 40
80 70 80
80 71 40
80 72 80
80 73 30
80 74 80
80 75 40
80 76 60
80 77 60
80 78 40
80 79 60
