NAME C75R8-2
SOURCE Zhang et al. (2018) methodology — reproducible synthetic benchmark
N_CUSTOMERS 75
N_STATIONS 8
VARIANT 2
GRID_MILES 200.0
VEHICLE_CAPACITY 3.0
BATTERY_KWH 110.0
CURB_WEIGHT_KG 2000.0
ALPHA_ARC 0.0981
BETA_VEH 2.11
EFF_D 1.11
EFF_M 1.25
SPEED_SEED 26091116
CUSTOMER_SEED 84775
STATION_SEED 95455

NODES
0 160934.400000 160934.400000 0.000000 depot_start
1 4166.777309 112446.408097 0.065939 customer
2 160201.125722 220015.030210 0.099294 customer
3 113715.269829 259656.071873 0.057959 customer
4 181723.897430 177879.048946 0.101338 customer
5 304607.858454 162739.845983 0.149470 customer
6 313225.365828 247373.594695 0.119500 customer
7 140490.223852 169117.603149 0.069407 customer
8 40525.271997 104997.463967 0.123212 customer
9 239561.275752 194483.897893 0.117872 customer
10 305107.895036 261627.707619 0.143360 customer
11 265040.477963 288573.247680 0.059169 customer
12 52232.902779 10012.648536 0.117693 customer
13 278653.859910 12179.929637 0.103971 customer
14 262305.078952 253253.010725 0.062847 customer
15 80090.331992 259688.908345 0.081407 customer
16 182729.127829 80069.871255 0.071073 customer
17 181256.967090 156868.427264 0.086575 customer
18 276085.673283 93348.218797 0.120788 customer
19 186182.031700 279947.123149 0.135162 customer
20 225275.912606 274204.852617 0.067994 customer
21 206822.700208 202514.580516 0.057529 customer
22 167279.666733 214454.329315 0.127533 customer
23 9346.178280 252262.115648 0.076428 customer
24 30783.875806 127664.383336 0.110586 customer
25 168683.591165 317060.868864 0.138301 customer
26 230940.200190 130615.945218 0.081651 customer
27 145659.918941 148877.545368 0.060138 customer
28 312979.259584 264079.636684 0.120565 customer
29 207948.122834 262321.120370 0.050855 customer
30 79748.776776 218516.683899 0.138973 customer
31 218002.612138 129679.613759 0.131294 customer
32 232642.591491 276024.814661 0.074728 customer
33 198826.219632 8982.201744 0.148221 customer
34 141007.047235 72157.331957 0.107147 customer
35 216302.900600 290644.114474 0.149527 customer
36 8187.407633 209388.625368 0.051916 customer
37 76592.837097 103798.790854 0.132574 customer
38 168502.933207 2609.713305 0.113783 customer
39 123778.380196 139117.001630 0.055457 customer
40 174949.141486 61845.118731 0.117836 customer
41 233639.441824 208164.234116 0.111161 customer
42 126579.122027 121882.375273 0.079315 customer
43 161449.279976 61550.869904 0.088292 customer
44 59365.485103 171423.633432 0.074188 customer
45 117721.540752 99214.301000 0.122642 customer
46 212843.819990 266218.671297 0.080241 customer
47 218007.439805 20860.487837 0.090464 customer
48 220694.311264 49107.635674 0.095756 customer
49 286457.207734 159112.831645 0.059892 customer
50 209392.417290 310882.218450 0.135349 customer
51 131991.251670 270860.202387 0.129195 customer
52 63152.447464 171939.682565 0.111942 customer
53 251673.417013 167944.181369 0.108772 customer
54 128271.872108 41267.218659 0.090678 customer
55 64407.459876 55492.786748 0.073723 customer
56 257421.518692 210963.859932 0.067221 customer
57 255929.257493 274009.616117 0.143267 customer
58 203764.607943 30677.243336 0.099962 customer
59 195456.321755 21327.121930 0.100448 customer
60 231152.798084 161464.545312 0.109604 customer
61 20389.217437 84188.955809 0.140641 customer
62 120963.286764 216155.250590 0.097996 customer
63 96330.937482 159636.037521 0.094353 customer
64 21083.148414 306551.917878 0.082487 customer
65 98250.036218 100057.574783 0.078551 customer
66 1057.211672 150382.876802 0.097043 customer
67 109179.329280 293966.386576 0.125660 customer
68 218346.277083 60843.119035 0.138139 customer
69 20559.541351 1462.260606 0.143168 customer
70 239266.405891 286734.679977 0.143060 customer
71 117213.633846 187018.188653 0.064346 customer
72 109922.647897 182247.497104 0.095573 customer
73 140292.353652 186466.549766 0.123795 customer
74 103406.421827 20741.635206 0.093087 customer
75 84025.391324 245379.896484 0.131752 customer
76 80699.945627 299908.368495 0.000000 station
77 321579.571199 242937.424587 0.000000 station
78 222701.271374 240002.552249 0.000000 station
79 163596.747216 220177.507148 0.000000 station
80 306684.124676 111260.503934 0.000000 station
81 35833.765256 290286.032664 0.000000 station
82 195623.681601 272578.613055 0.000000 station
83 65239.316225 96889.631860 0.000000 station
84 160934.400000 160934.400000 0.000000 depot_end

SPEEDS
0 1 80
0 2 80
0 3 60
0 4 60
0 5 30
0 6 60
0 7 40
0 8 30
0 9 80
0 10 40
0 11 60
0 12 40
0 13 40
0 14 80
0 15 30
0 16 80
0 17 40
0 18 30
0 19 30
0 20 60
0 21 30
0 22 40
0 23 30
0 24 40
0 25 60
0 26 40
0 27 30
0 28 80
0 29 60
0 30 30
0 31 30
0 32 30
0 33 60
0 34 40
0 35 80
0 36 60
0 37 80
0 38 30
0 39 80
0 40 30
0 41 80
0 42 30
0 43 80
0 44 30
0 45 60
0 46 80
0 47 30
0 48 80
0 49 30
0 50 80
0 51 40
0 52 30
0 53 40
0 54 80
0 55 80
0 56 30
0 57 40
0 58 40
0 59 80
0 60 60
0 61 40
0 62 60
0 63 80
0 64 60
0 65 80
0 66 40
0 67 30
0 68 30
0 69 40
0 70 80
0 71 80
0 72 40
0 73 60
0 74 30
0 75 30
0 76 60
0 77 60
0 78 60
0 79 80
0 80 80
0 81 60
0 82 40
0 83 60
0 84 60
1 0 60
1 2 30
1 3 80
1 4 30
1 5 80
1 6 40
1 7 80
1 8 60
1 9 40
1 10 80
1 11 60
1 12 60
1 13 80
1 14 80
1 15 30
1 16 40
1 17 40
1 18 60
1 19 60
1 20 60
1 21 60
1 22 80
1 23 40
1 24 40
1 25 60
1 26 40
1 27 60
1 28 30
1 29 60
1 30 30
1 31 60
1 32 60
1 33 30
1 34 40
1 35 30
1 36 40
1 37 80
1 38 30
1 39 40
1 40 30
1 41 60
1 42 60
1 43 40
1 44 30
1 45 40
1 46 40
1 47 30
1 48 40
1 49 60
1 50 30
1 51 30
1 52 80
1 53 40
1 54 30
1 55 80
1 56 40
1 57 40
1 58 80
1 59 40
1 60 30
1 61 40
1 62 40
1 63 40
1 64 60
1 65 80
1 66 30
1 67 80
1 68 30
1 69 80
1 70 60
1 71 80
1 72 40
1 73 40
1 74 30
1 75 60
1 76 80
1 77 60
1 78 80
1 79 30
1 80 80
1 81 80
1 82 60
1 83 80
1 84 30
2 0 40
2 1 80
2 3 80
2 4 60
2 5 40
2 6 60
2 7 60
2 8 80
2 9 40
2 10 30
2 11 80
2 12 60
2 13 30
2 14 30
2 15 30
2 16 30
2 17 40
2 18 40
2 19 40
2 20 30
2 21 40
2 22 40
2 23 60
2 24 30
2 25 30
2 26 80
2 27 30
2 28 30
2 29 80
2 30 80
2 31 80
2 32 30
2 33 80
2 34 30
2 35 80
2 36 80
2 37 80
2 38 60
2 39 80
2 40 80
2 41 30
2 42 40
2 43 30
2 44 30
2 45 30
2 46 80
2 47 80
2 48 80
2 49 30
2 50 40
2 51 40
2 52 40
2 53 30
2 54 30
2 55 80
2 56 80
2 57 60
2 58 30
2 59 40
2 60 60
2 61 60
2 62 80
2 63 30
2 64 30
2 65 60
2 66 60
2 67 40
2 68 80
2 69 30
2 70 30
2 71 30
2 72 40
2 73 80
2 74 30
2 75 80
2 76 40
2 77 80
2 78 30
2 79 40
2 80 40
2 81 40
2 82 40
2 83 30
2 84 60
3 0 30
3 1 30
3 2 80
3 4 40
3 5 40
3 6 40
3 7 30
3 8 80
3 9 80
3 10 60
3 11 40
3 12 30
3 13 40
3 14 60
3 15 80
3 16 60
3 17 40
3 18 40
3 19 60
3 20 30
3 21 60
3 22 80
3 23 30
3 24 60
3 25 40
3 26 60
3 27 60
3 28 80
3 29 80
3 30 30
3 31 60
3 32 30
3 33 60
3 34 30
3 35 60
3 36 80
3 37 30
3 38 30
3 39 40
3 40 30
3 41 60
3 42 80
3 43 60
3 44 80
3 45 40
3 46 40
3 47 80
3 48 80
3 49 40
3 50 80
3 51 80
3 52 80
3 53 40
3 54 30
3 55 40
3 56 30
3 57 60
3 58 40
3 59 30
3 60 80
3 61 80
3 62 80
3 63 40
3 64 40
3 65 80
3 66 30
3 67 30
3 68 60
3 69 30
3 70 80
3 71 80
3 72 40
3 73 30
3 74 40
3 75 30
3 76 80
3 77 60
3 78 60
3 79 60
3 80 30
3 81 80
3 82 40
3 83 80
3 84 60
4 0 60
4 1 30
4 2 40
4 3 60
4 5 60
4 6 30
4 7 80
4 8 40
4 9 80
4 10 60
4 11 80
4 12 60
4 13 60
4 14 80
4 15 40
4 16 40
4 17 60
4 18 30
4 19 40
4 20 80
4 21 60
4 22 80
4 23 60
4 24 30
4 25 40
4 26 40
4 27 60
4 28 60
4 29 30
4 30 30
4 31 30
4 32 80
4 33 30
4 34 60
4 35 40
4 36 30
4 37 60
4 38 80
4 39 80
4 40 60
4 41 40
4 42 60
4 43 30
4 44 60
4 45 40
4 46 30
4 47 40
4 48 30
4 49 40
4 50 60
4 51 80
4 52 30
4 53 80
4 54 60
4 55 30
4 56 30
4 57 30
4 58 60
4 59 60
4 60 40
4 61 30
4 62 80
4 63 80
4 64 60
4 65 60
4 66 60
4 67 30
4 68 80
4 69 30
4 70 80
4 71 30
4 72 60
4 73 80
4 74 40
4 75 30
4 76 30
4 77 40
4 78 80
4 79 30
4 80 30
4 81 80
4 82 30
4 83 60
4 84 80
5 0 40
5 1 40
5 2 30
5 3 60
5 4 80
5 6 60
5 7 30
5 8 80
5 9 30
5 10 40
5 11 40
5 12 40
5 13 30
5 14 80
5 15 80
5 16 60
5 17 40
5 18 30
5 19 30
5 20 30
5 21 30
5 22 80
5 23 40
5 24 60
5 25 60
5 26 30
5 27 80
5 28 30
5 29 30
5 30 60
5 31 30
5 32 30
5 33 40
5 34 80
5 35 30
5 36 40
5 37 60
5 38 80
5 39 40
5 40 40
5 41 40
5 42 60
5 43 40
5 44 60
5 45 30
5 46 60
5 47 60
5 48 60
5 49 40
5 50 40
5 51 30
5 52 40
5 53 80
5 54 30
5 55 40
5 56 80
5 57 40
5 58 60
5 59 40
5 60 60
5 61 40
5 62 60
5 63 60
5 64 60
5 65 40
5 66 40
5 67 80
5 68 80
5 69 30
5 70 60
5 71 80
5 72 60
5 73 30
5 74 60
5 75 60
5 76 40
5 77 80
5 78 60
5 79 80
5 80 60
5 81 40
5 82 80
5 83 40
5 84 30
6 0 60
6 1 80
6 2 30
6 3 80
6 4 60
6 5 60
6 7 40
6 8 40
6 9 30
6 10 40
6 11 60
6 12 80
6 13 80
6 14 30
6 15 60
6 16 30
6 17 60
6 18 60
6 19 40
6 20 30
6 21 60
6 22 40
6 23 30
6 24 80
6 25 40
6 26 30
6 27 30
6 28 80
6 29 60
6 30 60
6 31 60
6 32 60
6 33 80
6 34 60
6 35 80
6 36 80
6 37 30
6 38 80
6 39 40
6 40 80
6 41 80
6 42 80
6 43 80
6 44 60
6 45 30
6 46 40
6 47 60
6 48 60
6 49 60
6 50 30
6 51 80
6 52 60
6 53 40
6 54 60
6 55 60
6 56 60
6 57 60
6 58 80
6 59 80
6 60 40
6 61 40
6 62 40
6 63 40
6 64 60
6 65 30
6 66 80
6 67 40
6 68 80
6 69 30
6 70 40
6 71 80
6 72 30
6 73 80
6 74 60
6 75 30
6 76 60
6 77 60
6 78 60
6 79 40
6 80 60
6 81 60
6 82 80
6 83 60
6 84 60
7 0 30
7 1 30
7 2 40
7 3 60
7 4 60
7 5 80
7 6 80
7 8 60
7 9 40
7 10 60
7 11 30
7 12 80
7 13 80
7 14 60
7 15 60
7 16 80
7 17 40
7 18 60
7 19 60
7 20 40
7 21 30
7 22 60
7 23 30
7 24 80
7 25 40
7 26 60
7 27 80
7 28 60
7 29 30
7 30 60
7 31 80
7 32 40
7 33 30
7 34 40
7 35 40
7 36 80
7 37 80
7 38 80
7 39 80
7 40 40
7 41 40
7 42 40
7 43 80
7 44 80
7 45 80
7 46 40
7 47 60
7 48 30
7 49 60
7 50 60
7 51 80
7 52 80
7 53 30
7 54 40
7 55 60
7 56 80
7 57 60
7 58 80
7 59 40
7 60 80
7 61 40
7 62 30
7 63 40
7 64 60
7 65 40
7 66 60
7 67 30
7 68 80
7 69 60
7 70 30
7 71 40
7 72 30
7 73 60
7 74 60
7 75 60
7 76 60
7 77 40
7 78 60
7 79 80
7 80 80
7 81 30
7 82 80
7 83 60
7 84 40
8 0 80
8 1 30
8 2 40
8 3 80
8 4 40
8 5 40
8 6 80
8 7 30
8 9 80
8 10 80
8 11 30
8 12 30
8 13 30
8 14 40
8 15 80
8 16 40
8 17 80
8 18 40
8 19 40
8 20 30
8 21 40
8 22 30
8 23 80
8 24 40
8 25 40
8 26 80
8 27 40
8 28 30
8 29 40
8 30 30
8 31 60
8 32 30
8 33 80
8 34 80
8 35 60
8 36 30
8 37 60
8 38 40
8 39 80
8 40 80
8 41 60
8 42 30
8 43 80
8 44 40
8 45 30
8 46 80
8 47 30
8 48 30
8 49 40
8 50 40
8 51 30
8 52 40
8 53 60
8 54 40
8 55 80
8 56 60
8 57 30
8 58 40
8 59 80
8 60 80
8 61 60
8 62 40
8 63 40
8 64 40
8 65 60
8 66 40
8 67 40
8 68 30
8 69 60
8 70 80
8 71 80
8 72 80
8 73 80
8 74 80
8 75 40
8 76 80
8 77 80
8 78 60
8 79 30
8 80 80
8 81 80
8 82 60
8 83 30
8 84 30
9 0 60
9 1 60
9 2 60
9 3 30
9 4 60
9 5 40
9 6 30
9 7 30
9 8 30
9 10 30
9 11 80
9 12 80
9 13 40
9 14 40
9 15 30
9 16 30
9 17 30
9 18 80
9 19 30
9 20 60
9 21 60
9 22 60
9 23 30
9 24 60
9 25 60
9 26 80
9 27 80
9 28 80
9 29 40
9 30 60
9 31 60
9 32 80
9 33 60
9 34 60
9 35 30
9 36 40
9 37 40
9 38 80
9 39 80
9 40 40
9 41 40
9 42 40
9 43 40
9 44 30
9 45 60
9 46 40
9 47 80
9 48 30
9 49 60
9 50 30
9 51 80
9 52 30
9 53 60
9 54 80
9 55 60
9 56 60
9 57 80
9 58 30
9 59 40
9 60 60
9 61 30
9 62 80
9 63 80
9 64 30
9 65 80
9 66 80
9 67 60
9 68 40
9 69 40
9 70 60
9 71 40
9 72 60
9 73 40
9 74 30
9 75 80
9 76 60
9 77 30
9 78 40
9 79 40
9 80 40
9 81 60
9 82 60
9 83 80
9 84 30
10 0 40
10 1 40
10 2 30
10 3 60
10 4 60
10 5 80
10 6 30
10 7 80
10 8 30
10 9 40
10 11 60
10 12 60
10 13 30
10 14 80
10 15 80
10 16 30
10 17 30
10 18 80
10 19 60
10 20 60
10 21 80
10 22 30
10 23 30
10 24 60
10 25 40
10 26 60
10 27 60
10 28 60
10 29 40
10 30 40
10 31 80
10 32 30
10 33 80
10 34 60
10 35 30
10 36 80
10 37 30
10 38 40
10 39 30
10 40 40
10 41 30
10 42 40
10 43 80
10 44 60
10 45 80
10 46 30
10 47 60
10 48 60
10 49 60
10 50 40
10 51 30
10 52 30
10 53 40
10 54 30
10 55 60
10 56 80
10 57 60
10 58 80
10 59 40
10 60 80
10 61 40
10 62 60
10 63 30
10 64 30
10 65 60
10 66 40
10 67 30
10 68 60
10 69 30
10 70 40
10 71 60
10 72 30
10 73 60
10 74 40
10 75 60
10 76 30
10 77 30
10 78 80
10 79 30
10 80 80
10 81 80
10 82 80
10 83 80
10 84 30
11 0 80
11 1 40
11 2 30
11 3 30
11 4 80
11 5 40
11 6 40
11 7 30
11 8 60
11 9 60
11 10 40
11 12 40
11 13 60
11 14 30
11 15 80
11 16 60
11 17 40
11 18 30
11 19 30
11 20 60
11 21 30
11 22 40
11 23 60
11 24 30
11 25 80
11 26 80
11 27 30
11 28 60
11 29 30
11 30 80
11 31 60
11 32 30
11 33 80
11 34 80
11 35 30
11 36 80
11 37 40
11 38 30
11 39 40
11 40 60
11 41 60
11 42 40
11 43 30
11 44 60
11 45 60
11 46 40
11 47 80
11 48 80
11 49 80
11 50 60
11 51 60
11 52 30
11 53 60
11 54 60
11 55 40
11 56 60
11 57 60
11 58 40
11 59 30
11 60 30
11 61 40
11 62 80
11 63 40
11 64 60
11 65 80
11 66 30
11 67 60
11 68 60
11 69 60
11 70 60
11 71 60
11 72 80
11 73 80
11 74 40
11 75 80
11 76 60
11 77 30
11 78 40
11 79 40
11 80 30
11 81 80
11 82 60
11 83 80
11 84 30
12 0 60
12 1 80
12 2 80
12 3 80
12 4 30
12 5 60
12 6 40
12 7 30
12 8 40
12 9 40
12 10 30
12 11 60
12 13 60
12 14 60
12 15 60
12 16 40
12 17 40
12 18 80
12 19 60
12 20 80
12 21 30
12 22 40
12 23 30
12 24 30
12 25 30
12 26 30
12 27 30
12 28 40
12 29 40
12 30 30
12 31 60
12 32 30
12 33 60
12 34 80
12 35 60
12 36 40
12 37 30
12 38 80
12 39 30
12 40 80
12 41 30
12 42 60
12 43 40
12 44 80
12 45 30
12 46 40
12 47 30
12 48 80
12 49 30
12 50 60
12 51 30
12 52 30
12 53 60
12 54 30
12 55 40
12 56 60
12 57 40
12 58 30
12 59 60
12 60 30
12 61 30
12 62 30
12 63 80
12 64 80
12 65 40
12 66 60
12 67 40
12 68 80
12 69 30
12 70 40
12 71 30
12 72 60
12 73 40
12 74 30
12 75 80
12 76 40
12 77 40
12 78 60
12 79 80
12 80 60
12 81 40
12 82 80
12 83 80
12 84 80
13 0 30
13 1 40
13 2 30
13 3 40
13 4 60
13 5 30
13 6 80
13 7 30
13 8 60
13 9 40
13 10 80
13 11 80
13 12 60
13 14 30
13 15 60
13 16 30
13 17 30
13 18 60
13 19 80
13 20 40
13 21 30
13 22 30
13 23 30
13 24 80
13 25 60
13 26 80
13 27 80
13 28 40
13 29 30
13 30 30
13 31 80
13 32 30
13 33 60
13 34 40
13 35 40
13 36 40
13 37 40
13 38 80
13 39 80
13 40 80
13 41 60
13 42 40
13 43 80
13 44 80
13 45 60
13 46 30
13 47 40
13 48 80
13 49 60
13 50 80
13 51 60
13 52 30
13 53 30
13 54 30
13 55 30
13 56 30
13 57 80
13 58 40
13 59 60
13 60 30
13 61 40
13 62 40
13 63 40
13 64 40
13 65 40
13 66 30
13 67 60
13 68 60
13 69 30
13 70 60
13 71 80
13 72 60
13 73 60
13 74 30
13 75 80
13 76 30
13 77 30
13 78 60
13 79 60
13 80 40
13 81 80
13 82 80
13 83 40
13 84 40
14 0 40
14 1 30
14 2 30
14 3 80
14 4 30
14 5 40
14 6 80
14 7 60
14 8 80
14 9 40
14 10 60
14 11 60
14 12 60
14 13 80
14 15 40
14 16 30
14 17 40
14 18 80
14 19 80
14 20 40
14 21 60
14 22 80
14 23 80
14 24 40
14 25 60
14 26 60
14 27 30
14 28 30
14 29 30
14 30 40
14 31 60
14 32 80
14 33 40
14 34 30
14 35 30
14 36 30
14 37 60
14 38 30
14 39 30
14 40 40
14 41 80
14 42 60
14 43 80
14 44 60
14 45 60
14 46 30
14 47 80
14 48 60
14 49 80
14 50 80
14 51 60
14 52 40
14 53 60
14 54 80
14 55 60
14 56 30
14 57 30
14 58 60
14 59 60
14 60 80
14 61 30
14 62 60
14 63 30
14 64 30
14 65 40
14 66 30
14 67 40
14 68 80
14 69 40
14 70 30
14 71 60
14 72 80
14 73 60
14 74 80
14 75 30
14 76 60
14 77 80
14 78 40
14 79 40
14 80 60
14 81 80
14 82 30
14 83 60
14 84 60
15 0 40
15 1 60
15 2 60
15 3 30
15 4 60
15 5 80
15 6 60
15 7 40
15 8 60
15 9 40
15 10 60
15 11 60
15 12 40
15 13 30
15 14 80
15 16 40
15 17 80
15 18 60
15 19 80
15 20 80
15 21 60
15 22 80
15 23 60
15 24 40
15 25 40
15 26 30
15 27 80
15 28 40
15 29 80
15 30 60
15 31 60
15 32 40
15 33 30
15 34 80
15 35 80
15 36 40
15 37 30
15 38 40
15 39 80
15 40 60
15 41 40
15 42 80
15 43 40
15 44 60
15 45 30
15 46 40
15 47 80
15 48 60
15 49 40
15 50 30
15 51 60
15 52 60
15 53 60
15 54 60
15 55 80
15 56 40
15 57 60
15 58 40
15 59 60
15 60 40
15 61 80
15 62 40
15 63 80
15 64 60
15 65 80
15 66 30
15 67 30
15 68 40
15 69 60
15 70 30
15 71 80
15 72 80
15 73 60
15 74 40
15 75 40
15 76 80
15 77 80
15 78 30
15 79 40
15 80 40
15 81 40
15 82 40
15 83 30
15 84 60
16 0 60
16 1 60
16 2 40
16 3 40
16 4 80
16 5 60
16 6 40
16 7 60
16 8 80
16 9 60
16 10 80
16 11 80
16 12 60
16 13 30
16 14 80
16 15 80
16 17 80
16 18 30
16 19 30
16 20 80
16 21 30
16 22 60
16 23 40
16 24 40
16 25 40
16 26 40
16 27 80
16 28 80
16 29 40
16 30 80
16 31 40
16 32 60
16 33 30
16 34 40
16 35 40
16 36 30
16 37 80
16 38 40
16 39 80
16 40 80
16 41 80
16 42 60
16 43 80
16 44 80
16 45 40
16 46 60
16 47 80
16 48 40
16 49 60
16 50 40
16 51 60
16 52 30
16 53 30
16 54 30
16 55 30
16 56 80
16 57 60
16 58 60
16 59 30
16 60 80
16 61 30
16 62 60
16 63 80
16 64 60
16 65 30
16 66 30
16 67 40
16 68 80
16 69 80
16 70 30
16 71 80
16 72 80
16 73 80
16 74 60
16 75 40
16 76 30
16 77 80
16 78 60
16 79 60
16 80 40
16 81 40
16 82 40
16 83 30
16 84 30
17 0 60
17 1 60
17 2 40
17 3 40
17 4 30
17 5 80
17 6 30
17 7 30
17 8 40
17 9 30
17 10 40
17 11 40
17 12 60
17 13 60
17 14 80
17 15 30
17 16 40
17 18 40
17 19 80
17 20 60
17 21 60
17 22 40
17 23 40
17 24 40
17 25 30
17 26 30
17 27 30
17 28 80
17 29 30
17 30 30
17 31 60
17 32 80
17 33 30
17 34 30
17 35 40
17 36 40
17 37 80
17 38 40
17 39 30
17 40 60
17 41 80
17 42 40
17 43 80
17 44 40
17 45 80
17 46 40
17 47 40
17 48 60
17 49 40
17 50 60
17 51 30
17 52 30
17 53 30
17 54 80
17 55 40
17 56 30
17 57 40
17 58 30
17 59 40
17 60 40
17 61 60
17 62 30
17 63 30
17 64 80
17 65 60
17 66 40
17 67 40
17 68 60
17 69 60
17 70 30
17 71 30
17 72 30
17 73 40
17 74 30
17 75 30
17 76 40
17 77 60
17 78 60
17 79 60
17 80 30
17 81 30
17 82 40
17 83 60
17 84 80
18 0 40
18 1 80
18 2 60
18 3 40
18 4 40
18 5 60
18 6 60
18 7 40
18 8 40
18 9 40
18 10 40
18 11 80
18 12 40
18 13 60
18 14 60
18 15 30
18 16 60
18 17 60
18 19 30
18 20 30
18 21 40
18 22 60
18 23 60
18 24 40
18 25 30
18 26 60
18 27 40
18 28 30
18 29 40
18 30 40
18 31 30
18 32 60
18 33 30
18 34 40
18 35 80
18 36 80
18 37 30
18 38 40
18 39 40
18 40 30
18 41 80
18 42 60
18 43 40
18 44 30
18 45 30
18 46 60
18 47 40
18 48 40
18 49 60
18 50 60
18 51 60
18 52 30
18 53 60
18 54 60
18 55 60
18 56 40
18 57 30
18 58 40
18 59 80
18 60 30
18 61 60
18 62 60
18 63 80
18 64 60
18 65 80
18 66 60
18 67 30
18 68 40
18 69 40
18 70 30
18 71 80
18 72 80
18 73 80
18 74 40
18 75 40
18 76 80
18 77 30
18 78 40
18 79 40
18 80 80
18 81 30
18 82 40
18 83 60
18 84 30
19 0 30
19 1 80
19 2 80
19 3 60
19 4 40
19 5 60
19 6 60
19 7 40
19 8 60
19 9 40
19 10 60
19 11 30
19 12 30
19 13 40
19 14 60
19 15 80
19 16 60
19 17 40
19 18 40
19 20 30
19 21 80
19 22 60
19 23 30
19 24 60
19 25 30
19 26 60
19 27 80
19 28 30
19 29 30
19 30 30
19 31 30
19 32 60
19 33 40
19 34 40
19 35 80
19 36 30
19 37 40
19 38 80
19 39 40
19 40 80
19 41 30
19 42 40
19 43 60
19 44 60
19 45 80
19 46 80
19 47 60
19 48 40
19 49 40
19 50 30
19 51 60
19 52 60
19 53 40
19 54 80
19 55 40
19 56 80
19 57 60
19 58 60
19 59 30
19 60 40
19 61 60
19 62 80
19 63 80
19 64 40
19 65 30
19 66 80
19 67 40
19 68 30
19 69 60
19 70 80
19 71 60
19 72 30
19 73 60
19 74 30
19 75 60
19 76 40
19 77 80
19 78 60
19 79 30
19 80 30
19 81 80
19 82 30
19 83 60
19 84 60
20 0 40
20 1 80
20 2 30
20 3 40
20 4 80
20 5 30
20 6 60
20 7 80
20 8 30
20 9 60
20 10 80
20 11 30
20 12 60
20 13 80
20 14 60
20 15 60
20 16 30
20 17 40
20 18 80
20 19 80
20 21 40
20 22 30
20 23 80
20 24 30
20 25 40
20 26 60
20 27 80
20 28 30
20 29 30
20 30 30
20 31 80
20 32 80
20 33 60
20 34 80
20 35 60
20 36 80
20 37 30
20 38 80
20 39 30
20 40 40
20 41 80
20 42 60
20 43 30
20 44 40
20 45 30
20 46 60
20 47 60
20 48 30
20 49 40
20 50 80
20 51 30
20 52 80
20 53 80
20 54 40
20 55 60
20 56 40
20 57 60
20 58 80
20 59 60
20 60 30
20 61 30
20 62 30
20 63 30
20 64 80
20 65 80
20 66 40
20 67 80
20 68 80
20 69 60
20 70 30
20 71 60
20 72 80
20 73 40
20 74 80
20 75 60
20 76 60
20 77 30
20 78 40
20 79 60
20 80 80
20 81 40
20 82 80
20 83 60
20 84 60
21 0 60
21 1 40
21 2 30
21 3 60
21 4 40
21 5 40
21 6 40
21 7 80
21 8 30
21 9 40
21 10 40
21 11 30
21 12 80
21 13 80
21 14 30
21 15 60
21 16 30
21 17 40
21 18 80
21 19 60
21 20 80
21 22 60
21 23 80
21 24 80
21 25 30
21 26 30
21 27 80
21 28 80
21 29 60
21 30 80
21 31 80
21 32 40
21 33 80
21 34 80
21 35 30
21 36 30
21 37 40
21 38 30
21 39 60
21 40 60
21 41 30
21 42 60
21 43 80
21 44 80
21 45 30
21 46 30
21 47 40
21 48 30
21 49 60
21 50 80
21 51 30
21 52 30
21 53 40
21 54 60
21 55 40
21 56 40
21 57 80
21 58 40
21 59 80
21 60 30
21 61 30
21 62 80
21 63 30
21 64 40
21 65 80
21 66 60
21 67 60
21 68 80
21 69 30
21 70 40
21 71 60
21 72 80
21 73 30
21 74 60
21 75 80
21 76 80
21 77 30
21 78 30
21 79 80
21 80 60
21 81 60
21 82 40
21 83 60
21 84 40
22 0 40
22 1 40
22 2 30
22 3 80
22 4 30
22 5 60
22 6 40
22 7 30
22 8 80
22 9 30
22 10 30
22 11 40
22 12 80
22 13 80
22 14 40
22 15 30
22 16 60
22 17 30
22 18 30
22 19 60
22 20 40
22 21 30
22 23 80
22 24 80
22 25 40
22 26 60
22 27 80
22 28 30
22 29 30
22 30 30
22 31 80
22 32 60
22 33 60
22 34 40
22 35 60
22 36 80
22 37 60
22 38 60
22 39 40
22 40 30
22 41 60
22 42 80
22 43 30
22 44 80
22 45 80
22 46 80
22 47 80
22 48 60
22 49 40
22 50 30
22 51 80
22 52 80
22 53 80
22 54 80
22 55 80
22 56 80
22 57 30
22 58 80
22 59 40
22 60 80
22 61 30
22 62 60
22 63 80
22 64 40
22 65 60
22 66 80
22 67 40
22 68 60
22 69 30
22 70 80
22 71 80
22 72 40
22 73 40
22 74 60
22 75 60
22 76 80
22 77 40
22 78 80
22 79 80
22 80 40
22 81 30
22 82 60
22 83 60
22 84 60
23 0 80
23 1 30
23 2 60
23 3 30
23 4 60
23 5 60
23 6 80
23 7 80
23 8 60
23 9 30
23 10 80
23 11 40
23 12 40
23 13 40
23 14 60
23 15 40
23 16 80
23 17 60
23 18 80
23 19 60
23 20 30
23 21 80
23 22 30
23 24 80
23 25 40
23 26 30
23 27 60
23 28 30
23 29 30
23 30 30
23 31 30
23 32 80
23 33 40
23 34 80
23 35 60
23 36 30
23 37 60
23 38 60
23 39 30
23 40 80
23 41 60
23 42 60
23 43 80
23 44 60
23 45 80
23 46 30
23 47 80
23 48 80
23 49 80
23 50 60
23 51 80
23 52 30
23 53 60
23 54 80
23 55 80
23 56 60
23 57 30
23 58 80
23 59 60
23 60 40
23 61 30
23 62 60
23 63 30
23 64 60
23 65 40
23 66 30
23 67 40
23 68 80
23 69 60
23 70 40
23 71 60
23 72 30
23 73 80
23 74 80
23 75 60
23 76 60
23 77 60
23 78 40
23 79 30
23 80 80
23 81 80
23 82 80
23 83 60
23 84 80
24 0 30
24 1 60
24 2 40
24 3 30
24 4 80
24 5 30
24 6 30
24 7 30
24 8 40
24 9 60
24 10 80
24 11 60
24 12 60
24 13 30
24 14 40
24 15 40
24 16 60
24 17 40
24 18 30
24 19 40
24 20 80
24 21 30
24 22 60
24 23 30
24 25 80
24 26 80
24 27 80
24 28 60
24 29 60
24 30 30
24 31 60
24 32 80
24 33 80
24 34 40
24 35 40
24 36 30
24 37 80
24 38 40
24 39 80
24 40 60
24 41 80
24 42 40
24 43 40
24 44 40
24 45 80
24 46 30
24 47 30
24 48 40
24 49 30
24 50 60
24 51 60
24 52 40
24 53 80
24 54 30
24 55 30
24 56 80
24 57 40
24 58 60
24 59 80
24 60 30
24 61 30
24 62 30
24 63 80
24 64 80
24 65 80
24 66 30
24 67 80
24 68 30
24 69 60
24 70 30
24 71 60
24 72 30
24 73 30
24 74 30
24 75 40
24 76 60
24 77 40
24 78 60
24 79 40
24 80 60
24 81 60
24 82 40
24 83 40
24 84 80
25 0 40
25 1 40
25 2 60
25 3 60
25 4 40
25 5 40
25 6 40
25 7 40
25 8 60
25 9 80
25 10 40
25 11 30
25 12 60
25 13 30
25 14 80
25 15 30
25 16 80
25 17 30
25 18 60
25 19 40
25 20 80
25 21 80
25 22 30
25 23 80
25 24 80
25 26 40
25 27 30
25 28 40
25 29 80
25 30 60
25 31 30
25 32 40
25 33 80
25 34 60
25 35 30
25 36 30
25 37 40
25 38 30
25 39 80
25 40 30
25 41 30
25 42 30
25 43 60
25 44 30
25 45 60
25 46 60
25 47 30
25 48 80
25 49 80
25 50 80
25 51 80
25 52 80
25 53 30
25 54 80
25 55 60
25 56 30
25 57 60
25 58 30
25 59 60
25 60 30
25 61 40
25 62 60
25 63 40
25 64 60
25 65 40
25 66 60
25 67 30
25 68 80
25 69 60
25 70 60
25 71 60
25 72 30
25 73 80
25 74 60
25 75 60
25 76 80
25 77 40
25 78 40
25 79 40
25 80 30
25 81 60
25 82 80
25 83 60
25 84 30
26 0 30
26 1 40
26 2 30
26 3 60
26 4 60
26 5 30
26 6 60
26 7 30
26 8 60
26 9 40
26 10 60
26 11 30
26 12 30
26 13 60
26 14 60
26 15 40
26 16 40
26 17 80
26 18 30
26 19 30
26 20 30
26 21 30
26 22 60
26 23 30
26 24 80
26 25 60
26 27 30
26 28 80
26 29 40
26 30 60
26 31 80
26 32 40
26 33 40
26 34 60
26 35 30
26 36 60
26 37 80
26 38 60
26 39 60
26 40 80
26 41 30
26 42 60
26 43 30
26 44 60
26 45 40
26 46 80
26 47 40
26 48 80
26 49 80
26 50 60
26 51 80
26 52 60
26 53 30
26 54 30
26 55 60
26 56 30
26 57 60
26 58 40
26 59 40
26 60 30
26 61 30
26 62 60
26 63 40
26 64 80
26 65 30
26 66 40
26 67 60
26 68 30
26 69 40
26 70 60
26 71 40
26 72 80
26 73 80
26 74 60
26 75 40
26 76 60
26 77 60
26 78 60
26 79 40
26 80 40
26 81 30
26 82 40
26 83 60
26 84 40
27 0 60
27 1 60
27 2 80
27 3 60
27 4 30
27 5 60
27 6 40
27 7 80
27 8 40
27 9 60
27 10 40
27 11 40
27 12 60
27 13 80
27 14 30
27 15 60
27 16 30
27 17 60
27 18 30
27 19 30
27 20 40
27 21 40
27 22 60
27 23 30
27 24 30
27 25 40
27 26 30
27 28 60
27 29 40
27 30 80
27 31 40
27 32 60
27 33 60
27 34 30
27 35 60
27 36 30
27 37 60
27 38 60
27 39 60
27 40 30
27 41 40
27 42 80
27 43 80
27 44 60
27 45 60
27 46 30
27 47 30
27 48 40
27 49 40
27 50 40
27 51 30
27 52 40
27 53 60
27 54 80
27 55 80
27 56 80
27 57 30
27 58 60
27 59 80
27 60 40
27 61 40
27 62 40
27 63 60
27 64 80
27 65 80
27 66 80
27 67 80
27 68 60
27 69 80
27 70 60
27 71 80
27 72 80
27 73 80
27 74 30
27 75 40
27 76 80
27 77 60
27 78 30
27 79 60
27 80 30
27 81 30
27 82 40
27 83 60
27 84 40
28 0 40
28 1 30
28 2 40
28 3 30
28 4 40
28 5 40
28 6 30
28 7 30
28 8 30
28 9 80
28 10 30
28 11 80
28 12 30
28 13 80
28 14 80
28 15 40
28 16 60
28 17 40
28 18 60
28 19 60
28 20 80
28 21 30
28 22 60
28 23 80
28 24 60
28 25 80
28 26 60
28 27 40
28 29 40
28 30 30
28 31 60
28 32 80
28 33 40
28 34 80
28 35 40
28 36 60
28 37 40
28 38 30
28 39 60
28 40 30
28 41 80
28 42 30
28 43 30
28 44 60
28 45 80
28 46 60
28 47 30
28 48 60
28 49 80
28 50 40
28 51 60
28 52 40
28 53 30
28 54 30
28 55 80
28 56 80
28 57 40
28 58 80
28 59 80
28 60 30
28 61 30
28 62 30
28 63 30
28 64 80
28 65 40
28 66 30
28 67 60
28 68 60
28 69 40
28 70 80
28 71 60
28 72 30
28 73 60
28 74 30
28 75 30
28 76 60
28 77 60
28 78 40
28 79 80
28 80 80
28 81 80
28 82 30
28 83 80
28 84 80
29 0 60
29 1 80
29 2 80
29 3 60
29 4 30
29 5 30
29 6 80
29 7 60
29 8 40
29 9 80
29 10 60
29 11 30
29 12 30
29 13 60
29 14 80
29 15 30
29 16 30
29 17 80
29 18 40
29 19 80
29 20 60
29 21 80
29 22 30
29 23 80
29 24 30
29 25 30
29 26 40
29 27 30
29 28 60
29 30 80
29 31 80
29 32 60
29 33 60
29 34 30
29 35 60
29 36 60
29 37 80
29 38 60
29 39 30
29 40 60
29 41 80
29 42 30
29 43 40
29 44 40
29 45 30
29 46 30
29 47 80
29 48 60
29 49 60
29 50 40
29 51 40
29 52 40
29 53 30
29 54 40
29 55 60
29 56 80
29 57 30
29 58 60
29 59 80
29 60 30
29 61 80
29 62 30
29 63 40
29 64 60
29 65 60
29 66 60
29 67 60
29 68 60
29 69 30
29 70 30
29 71 80
29 72 60
29 73 60
29 74 30
29 75 80
29 76 60
29 77 40
29 78 80
29 79 80
29 80 60
29 81 60
29 82 80
29 83 80
29 84 60
30 0 80
30 1 80
30 2 30
30 3 60
30 4 30
30 5 40
30 6 30
30 7 40
30 8 60
30 9 80
30 10 30
30 11 30
30 12 40
30 13 80
30 14 80
30 15 30
30 16 60
30 17 40
30 18 60
30 19 30
30 20 80
30 21 30
30 22 40
30 23 40
30 24 30
30 25 30
30 26 60
30 27 30
30 28 60
30 29 60
30 31 80
30 32 30
30 33 80
30 34 60
30 35 60
30 36 40
30 37 60
30 38 80
30 39 40
30 40 80
30 41 80
30 42 60
30 43 60
30 44 40
30 45 40
30 46 80
30 47 60
30 48 80
30 49 60
30 50 40
30 51 80
30 52 60
30 53 80
30 54 40
30 55 80
30 56 40
30 57 40
30 58 80
30 59 80
30 60 40
30 61 60
30 62 30
30 63 30
30 64 80
30 65 60
30 66 30
30 67 30
30 68 60
30 69 30
30 70 80
30 71 80
30 72 40
30 73 80
30 74 30
30 75 60
30 76 30
30 77 30
30 78 80
30 79 80
30 80 60
30 81 30
30 82 40
30 83 40
30 84 30
31 0 40
31 1 80
31 2 30
31 3 60
31 4 40
31 5 40
31 6 60
31 7 40
31 8 60
31 9 80
31 10 40
31 11 30
31 12 60
31 13 40
31 14 30
31 15 40
31 16 60
31 17 80
31 18 40
31 19 40
31 20 80
31 21 30
31 22 60
31 23 40
31 24 40
31 25 60
31 26 40
31 27 80
31 28 40
31 29 60
31 30 40
31 32 80
31 33 80
31 34 30
31 35 60
31 36 80
31 37 40
31 38 60
31 39 40
31 40 60
31 41 80
31 42 30
31 43 30
31 44 40
31 45 80
31 46 40
31 47 30
31 48 40
31 49 40
31 50 40
31 51 30
31 52 30
31 53 60
31 54 40
31 55 40
31 56 80
31 57 80
31 58 40
31 59 80
31 60 40
31 61 40
31 62 60
31 63 60
31 64 60
31 65 80
31 66 30
31 67 30
31 68 80
31 69 40
31 70 80
31 71 30
31 72 30
31 73 40
31 74 80
31 75 40
31 76 30
31 77 30
31 78 80
31 79 60
31 80 30
31 81 40
31 82 60
31 83 30
31 84 60
32 0 40
32 1 30
32 2 30
32 3 80
32 4 60
32 5 80
32 6 60
32 7 30
32 8 80
32 9 60
32 10 60
32 11 30
32 12 60
32 13 60
32 14 60
32 15 60
32 16 60
32 17 40
32 18 40
32 19 80
32 20 60
32 21 30
32 22 30
32 23 40
32 24 40
32 25 30
32 26 60
32 27 60
32 28 30
32 29 60
32 30 80
32 31 80
32 33 40
32 34 30
32 35 60
32 36 80
32 37 60
32 38 80
32 39 40
32 40 60
32 41 40
32 42 80
32 43 30
32 44 80
32 45 30
32 46 40
32 47 60
32 48 60
32 49 80
32 50 80
32 51 60
32 52 40
32 53 60
32 54 80
32 55 60
32 56 60
32 57 40
32 58 40
32 59 80
32 60 60
32 61 60
32 62 30
32 63 30
32 64 60
32 65 60
32 66 40
32 67 80
32 68 80
32 69 60
32 70 40
32 71 60
32 72 60
32 73 60
32 74 60
32 75 40
32 76 80
32 77 80
32 78 40
32 79 80
32 80 30
32 81 40
32 82 30
32 83 80
32 84 40
33 0 30
33 1 40
33 2 40
33 3 60
33 4 40
33 5 80
33 6 40
33 7 30
33 8 30
33 9 60
33 10 80
33 11 40
33 12 80
33 13 80
33 14 30
33 15 40
33 16 80
33 17 40
33 18 60
33 19 30
33 20 40
33 21 30
33 22 80
33 23 60
33 24 60
33 25 40
33 26 30
33 27 60
33 28 40
33 29 30
33 30 40
33 31 80
33 32 40
33 34 80
33 35 80
33 36 60
33 37 40
33 38 30
33 39 60
33 40 30
33 41 40
33 42 30
33 43 30
33 44 40
33 45 40
33 46 80
33 47 40
33 48 30
33 49 30
33 50 80
33 51 60
33 52 80
33 53 60
33 54 80
33 55 80
33 56 80
33 57 60
33 58 30
33 59 30
33 60 60
33 61 40
33 62 30
33 63 80
33 64 60
33 65 40
33 66 40
33 67 80
33 68 60
33 69 80
33 70 80
33 71 30
33 72 40
33 73 60
33 74 30
33 75 80
33 76 40
33 77 30
33 78 40
33 79 40
33 80 80
33 81 60
33 82 60
33 83 30
33 84 80
34 0 40
34 1 60
34 2 60
34 3 60
34 4 80
34 5 60
34 6 40
34 7 60
34 8 60
34 9 80
34 10 30
34 11 40
34 12 40
34 13 80
34 14 40
34 15 60
34 16 80
34 17 80
34 18 80
34 19 30
34 20 40
34 21 40
34 22 60
34 23 40
34 24 60
34 25 80
34 26 30
34 27 80
34 28 40
34 29 60
34 30 80
34 31 30
34 32 60
34 33 60
34 35 40
34 36 80
34 37 40
34 38 60
34 39 80
34 40 60
34 41 30
34 42 80
34 43 60
34 44 30
34 45 60
34 46 30
34 47 30
34 48 80
34 49 80
34 50 80
34 51 60
34 52 80
34 53 60
34 54 30
34 55 60
34 56 40
34 57 60
34 58 30
34 59 80
34 60 80
34 61 30
34 62 60
34 63 30
34 64 60
34 65 80
34 66 40
34 67 80
34 68 30
34 69 30
34 70 80
34 71 40
34 72 40
34 73 80
34 74 80
34 75 80
34 76 30
34 77 30
34 78 60
34 79 40
34 80 40
34 81 40
34 82 60
34 83 60
34 84 30
35 0 60
35 1 30
35 2 60
35 3 40
35 4 60
35 5 60
35 6 30
35 7 60
35 8 40
35 9 30
35 10 80
35 11 30
35 12 40
35 13 60
35 14 40
35 15 40
35 16 40
35 17 40
35 18 30
35 19 40
35 20 60
35 21 80
35 22 80
35 23 80
35 24 60
35 25 40
35 26 30
35 27 40
35 28 40
35 29 80
35 30 40
35 31 40
35 32 60
35 33 30
35 34 60
35 36 60
35 37 40
35 38 80
35 39 60
35 40 60
35 41 40
35 42 80
35 43 40
35 44 60
35 45 30
35 46 30
35 47 30
35 48 40
35 49 60
35 50 40
35 51 60
35 52 40
35 53 30
35 54 30
35 55 60
35 56 40
35 57 40
35 58 80
35 59 60
35 60 60
35 61 30
35 62 40
35 63 60
35 64 30
35 65 40
35 66 30
35 67 80
35 68 60
35 69 40
35 70 30
35 71 80
35 72 60
35 73 30
35 74 60
35 75 80
35 76 60
35 77 80
35 78 80
35 79 60
35 80 60
35 81 40
35 82 80
35 83 30
35 84 40
36 0 40
36 1 30
36 2 40
36 3 80
36 4 80
36 5 40
36 6 80
36 7 30
36 8 80
36 9 30
36 10 40
36 11 60
36 12 40
36 13 30
36 14 80
36 15 40
36 16 40
36 17 60
36 18 60
36 19 80
36 20 80
36 21 30
36 22 30
36 23 30
36 24 40
36 25 40
36 26 40
36 27 60
36 28 30
36 29 80
36 30 30
36 31 60
36 32 30
36 33 60
36 34 40
36 35 60
36 37 30
36 38 30
36 39 80
36 40 60
36 41 30
36 42 40
36 43 80
36 44 40
36 45 30
36 46 80
36 47 40
36 48 80
36 49 60
36 50 30
36 51 30
36 52 80
36 53 60
36 54 30
36 55 40
36 56 60
36 57 30
36 58 40
36 59 30
36 60 30
36 61 60
36 62 30
36 63 60
36 64 40
36 65 30
36 66 80
36 67 60
36 68 80
36 69 40
36 70 30
36 71 30
36 72 80
36 73 80
36 74 60
36 75 80
36 76 40
36 77 40
36 78 40
36 79 40
36 80 40
36 81 40
36 82 80
36 83 60
36 84 60
37 0 30
37 1 40
37 2 80
37 3 60
37 4 30
37 5 80
37 6 40
37 7 30
37 8 60
37 9 60
37 10 60
37 11 30
37 12 30
37 13 40
37 14 80
37 15 80
37 16 40
37 17 60
37 18 80
37 19 30
37 20 30
37 21 60
37 22 60
37 23 40
37 24 30
37 25 30
37 26 40
37 27 40
37 28 60
37 29 40
37 30 60
37 31 40
37 32 40
37 33 30
37 34 60
37 35 60
37 36 60
37 38 40
37 39 30
37 40 30
37 41 40
37 42 80
37 43 60
37 44 30
37 45 40
37 46 80
37 47 40
37 48 60
37 49 60
37 50 30
37 51 60
37 52 60
37 53 30
37 54 80
37 55 40
37 56 80
37 57 80
37 58 60
37 59 30
37 60 60
37 61 40
37 62 30
37 63 40
37 64 30
37 65 60
37 66 80
37 67 80
37 68 80
37 69 40
37 70 60
37 71 80
37 72 40
37 73 40
37 74 80
37 75 60
37 76 40
37 77 40
37 78 30
37 79 40
37 80 80
37 81 80
37 82 30
37 83 60
37 84 30
38 0 40
38 1 40
38 2 80
38 3 80
38 4 80
38 5 80
38 6 80
38 7 80
38 8 40
38 9 30
38 10 40
38 11 60
38 12 60
38 13 80
38 14 80
38 15 60
38 16 30
38 17 40
38 18 60
38 19 80
38 20 60
38 21 40
38 22 40
38 23 40
38 24 40
38 25 40
38 26 80
38 27 40
38 28 60
38 29 80
38 30 40
38 31 30
38 32 40
38 33 30
38 34 40
38 35 40
38 36 40
38 37 40
38 39 40
38 40 30
38 41 60
38 42 40
38 43 80
38 44 60
38 45 40
38 46 60
38 47 80
38 48 60
38 49 40
38 50 80
38 51 80
38 52 30
38 53 40
38 54 30
38 55 40
38 56 80
38 57 30
38 58 30
38 59 60
38 60 60
38 61 60
38 62 30
38 63 30
38 64 30
38 65 80
38 66 60
38 67 60
38 68 80
38 69 80
38 70 80
38 71 80
38 72 30
38 73 80
38 74 30
38 75 30
38 76 40
38 77 60
38 78 40
38 79 60
38 80 40
38 81 40
38 82 30
38 83 80
38 84 80
39 0 60
39 1 40
39 2 60
39 3 30
39 4 60
39 5 30
39 6 30
39 7 40
39 8 30
39 9 60
39 10 60
39 11 80
39 12 60
39 13 40
39 14 80
39 15 40
39 16 80
39 17 30
39 18 30
39 19 40
39 20 40
39 21 40
39 22 60
39 23 30
39 24 80
39 25 60
39 26 80
39 27 30
39 28 40
39 29 60
39 30 30
39 31 40
39 32 60
39 33 80
39 34 40
39 35 40
39 36 80
39 37 40
39 38 60
39 40 80
39 41 40
39 42 30
39 43 30
39 44 80
39 45 40
39 46 30
39 47 80
39 48 80
39 49 60
39 50 60
39 51 30
39 52 60
39 53 80
39 54 40
39 55 40
39 56 60
39 57 60
39 58 80
39 59 60
39 60 80
39 61 60
39 62 80
39 63 30
39 64 80
39 65 80
39 66 60
39 67 60
39 68 40
39 69 80
39 70 60
39 71 60
39 72 60
39 73 80
39 74 40
39 75 80
39 76 40
39 77 80
39 78 60
39 79 30
39 80 30
39 81 80
39 82 60
39 83 80
39 84 80
40 0 80
40 1 60
40 2 30
40 3 60
40 4 80
40 5 30
40 6 30
40 7 40
40 8 40
40 9 60
40 10 60
40 11 80
40 12 40
40 13 60
40 14 80
40 15 60
40 16 40
40 17 80
40 18 80
40 19 80
40 20 80
40 21 60
40 22 40
40 23 30
40 24 40
40 25 60
40 26 40
40 27 30
40 28 40
40 29 80
40 30 80
40 31 40
40 32 60
40 33 40
40 34 40
40 35 30
40 36 30
40 37 60
40 38 30
40 39 40
40 41 30
40 42 30
40 43 60
40 44 60
40 45 30
40 46 30
40 47 40
40 48 30
40 49 30
40 50 80
40 51 80
40 52 80
40 53 30
40 54 30
40 55 80
40 56 80
40 57 40
40 58 80
40 59 80
40 60 40
40 61 40
40 62 30
40 63 30
40 64 60
40 65 60
40 66 80
40 67 80
40 68 60
40 69 80
40 70 30
40 71 60
40 72 30
40 73 60
40 74 60
40 75 40
40 76 60
40 77 40
40 78 80
40 79 40
40 80 80
40 81 30
40 82 40
40 83 40
40 84 80
41 0 40
41 1 40
41 2 40
41 3 60
41 4 30
41 5 30
41 6 60
41 7 30
41 8 30
41 9 60
41 10 30
41 11 80
41 12 60
41 13 40
41 14 30
41 15 80
41 16 80
41 17 40
41 18 40
41 19 60
41 20 40
41 21 80
41 22 80
41 23 60
41 24 30
41 25 40
41 26 30
41 27 60
41 28 80
41 29 80
41 30 80
41 31 40
41 32 30
41 33 60
41 34 30
41 35 30
41 36 30
41 37 80
41 38 60
41 39 80
41 40 60
41 42 80
41 43 40
41 44 40
41 45 60
41 46 40
41 47 30
41 48 30
41 49 60
41 50 60
41 51 30
41 52 60
41 53 80
41 54 40
41 55 60
41 56 80
41 57 60
41 58 40
41 59 30
41 60 60
41 61 80
41 62 30
41 63 60
41 64 80
41 65 80
41 66 60
41 67 40
41 68 30
41 69 30
41 70 60
41 71 60
41 72 60
41 73 30
41 74 80
41 75 30
41 76 80
41 77 60
41 78 40
41 79 40
41 80 30
41 81 60
41 82 40
41 83 30
41 84 80
42 0 30
42 1 30
42 2 80
42 3 40
42 4 60
42 5 30
42 6 80
42 7 80
42 8 60
42 9 60
42 10 40
42 11 60
42 12 60
42 13 30
42 14 80
42 15 40
42 16 80
42 17 40
42 18 80
42 19 60
42 20 40
42 21 30
42 22 40
42 23 30
42 24 30
42 25 80
42 26 60
42 27 80
42 28 80
42 29 60
42 30 30
42 31 60
42 32 40
42 33 30
42 34 30
42 35 30
42 36 40
42 37 60
42 38 40
42 39 30
42 40 80
42 41 80
42 43 30
42 44 40
42 45 60
42 46 30
42 47 60
42 48 80
42 49 60
42 50 30
42 51 30
42 52 30
42 53 60
42 54 60
42 55 30
42 56 30
42 57 40
42 58 60
42 59 30
42 60 80
42 61 40
42 62 30
42 63 30
42 64 80
42 65 40
42 66 80
42 67 60
42 68 30
42 69 30
42 70 30
42 71 30
42 72 30
42 73 60
42 74 60
42 75 30
42 76 80
42 77 80
42 78 40
42 79 80
42 80 80
42 81 40
42 82 30
42 83 60
42 84 30
43 0 30
43 1 40
43 2 40
43 3 60
43 4 30
43 5 60
43 6 30
43 7 80
43 8 60
43 9 40
43 10 40
43 11 30
43 12 80
43 13 80
43 14 40
43 15 80
43 16 80
43 17 30
43 18 80
43 19 80
43 20 60
43 21 60
43 22 40
43 23 60
43 24 60
43 25 60
43 26 60
43 27 40
43 28 40
43 29 60
43 30 30
43 31 80
43 32 40
43 33 80
43 34 80
43 35 80
43 36 40
43 37 60
43 38 40
43 39 80
43 40 80
43 41 80
43 42 40
43 44 40
43 45 40
43 46 80
43 47 60
43 48 40
43 49 80
43 50 30
43 51 40
43 52 60
43 53 80
43 54 80
43 55 30
43 56 30
43 57 60
43 58 30
43 59 30
43 60 30
43 61 60
43 62 30
43 63 40
43 64 30
43 65 60
43 66 60
43 67 30
43 68 60
43 69 30
43 70 80
43 71 60
43 72 60
43 73 40
43 74 40
43 75 30
43 76 30
43 77 60
43 78 60
43 79 80
43 80 40
43 81 60
43 82 80
43 83 40
43 84 60
44 0 40
44 1 40
44 2 40
44 3 30
44 4 80
44 5 40
44 6 30
44 7 40
44 8 40
44 9 40
44 10 30
44 11 60
44 12 60
44 13 60
44 14 60
44 15 30
44 16 40
44 17 40
44 18 40
44 19 80
44 20 40
44 21 60
44 22 80
44 23 40
44 24 60
44 25 60
44 26 80
44 27 30
44 28 60
44 29 60
44 30 40
44 31 40
44 32 40
44 33 60
44 34 30
44 35 30
44 36 80
44 37 30
44 38 60
44 39 80
44 40 30
44 41 30
44 42 40
44 43 80
44 45 60
44 46 60
44 47 60
44 48 30
44 49 80
44 50 40
44 51 40
44 52 60
44 53 40
44 54 30
44 55 60
44 56 40
44 57 40
44 58 60
44 59 30
44 60 40
44 61 30
44 62 30
44 63 80
44 64 30
44 65 30
44 66 40
44 67 30
44 68 80
44 69 60
44 70 80
44 71 30
44 72 60
44 73 30
44 74 30
44 75 40
44 76 30
44 77 80
44 78 30
44 79 60
44 80 40
44 81 30
44 82 40
44 83 40
44 84 30
45 0 60
45 1 60
45 2 80
45 3 30
45 4 30
45 5 40
45 6 60
45 7 80
45 8 40
45 9 60
45 10 80
45 11 30
45 12 60
45 13 40
45 14 80
45 15 60
45 16 80
45 17 40
45 18 40
45 19 30
45 20 40
45 21 80
45 22 30
45 23 60
45 24 80
45 25 40
45 26 40
45 27 40
45 28 60
45 29 80
45 30 60
45 31 60
45 32 30
45 33 80
45 34 60
45 35 30
45 36 40
45 37 30
45 38 80
45 39 40
45 40 30
45 41 40
45 42 40
45 43 80
45 44 30
45 46 40
45 47 80
45 48 60
45 49 80
45 50 80
45 51 40
45 52 40
45 53 80
45 54 80
45 55 30
45 56 30
45 57 40
45 58 40
45 59 60
45 60 40
45 61 30
45 62 80
45 63 80
45 64 60
45 65 40
45 66 80
45 67 40
45 68 30
45 69 30
45 70 80
45 71 80
45 72 40
45 73 40
45 74 30
45 75 60
45 76 80
45 77 60
45 78 80
45 79 60
45 80 80
45 81 60
45 82 80
45 83 80
45 84 30
46 0 80
46 1 30
46 2 30
46 3 30
46 4 30
46 5 80
46 6 80
46 7 60
46 8 40
46 9 80
46 10 40
46 11 60
46 12 40
46 13 40
46 14 80
46 15 60
46 16 40
46 17 60
46 18 60
46 19 80
46 20 60
46 21 40
46 22 60
46 23 80
46 24 80
46 25 40
46 26 80
46 27 80
46 28 60
46 29 30
46 30 80
46 31 40
46 32 30
46 33 80
46 34 40
46 35 30
46 36 40
46 37 30
46 38 80
46 39 60
46 40 30
46 41 60
46 42 60
46 43 30
46 44 60
46 45 80
46 47 80
46 48 60
46 49 60
46 50 40
46 51 60
46 52 30
46 53 40
46 54 80
46 55 30
46 56 40
46 57 80
46 58 30
46 59 40
46 60 30
46 61 80
46 62 60
46 63 60
46 64 60
46 65 40
46 66 80
46 67 60
46 68 60
46 69 30
46 70 80
46 71 60
46 72 30
46 73 40
46 74 40
46 75 60
46 76 60
46 77 80
46 78 30
46 79 30
46 80 80
46 81 30
46 82 30
46 83 30
46 84 60
47 0 60
47 1 40
47 2 30
47 3 80
47 4 80
47 5 60
47 6 40
47 7 30
47 8 80
47 9 80
47 10 60
47 11 30
47 12 40
47 13 60
47 14 40
47 15 40
47 16 40
47 17 30
47 18 40
47 19 60
47 20 60
47 21 80
47 22 80
47 23 30
47 24 60
47 25 30
47 26 30
47 27 80
47 28 30
47 29 60
47 30 30
47 31 30
47 32 30
47 33 60
47 34 60
47 35 30
47 36 30
47 37 40
47 38 40
47 39 30
47 40 40
47 41 60
47 42 30
47 43 60
47 44 60
47 45 40
47 46 60
47 48 30
47 49 80
47 50 30
47 51 40
47 52 80
47 53 60
47 54 40
47 55 80
47 56 80
47 57 80
47 58 80
47 59 80
47 60 40
47 61 30
47 62 40
47 63 40
47 64 80
47 65 30
47 66 80
47 67 40
47 68 40
47 69 80
47 70 30
47 71 40
47 72 60
47 73 40
47 74 80
47 75 60
47 76 60
47 77 30
47 78 40
47 79 80
47 80 60
47 81 60
47 82 40
47 83 30
47 84 80
48 0 40
48 1 40
48 2 40
48 3 40
48 4 40
48 5 80
48 6 80
48 7 60
48 8 30
48 9 30
48 10 40
48 11 30
48 12 60
48 13 40
48 14 60
48 15 30
48 16 60
48 17 60
48 18 40
48 19 80
48 20 30
48 21 80
48 22 80
48 23 40
48 24 40
48 25 40
48 26 30
48 27 80
48 28 40
48 29 40
48 30 60
48 31 60
48 32 60
48 33 80
48 34 40
48 35 40
48 36 40
48 37 30
48 38 80
48 39 40
48 40 40
48 41 80
48 42 80
48 43 60
48 44 40
48 45 80
48 46 80
48 47 60
48 49 80
48 50 40
48 51 40
48 52 30
48 53 80
48 54 60
48 55 60
48 56 60
48 57 40
48 58 40
48 59 30
48 60 30
48 61 30
48 62 80
48 63 80
48 64 40
48 65 60
48 66 30
48 67 60
48 68 30
48 69 60
48 70 60
48 71 30
48 72 30
48 73 60
48 74 40
48 75 80
48 76 40
48 77 80
48 78 80
48 79 40
48 80 40
48 81 30
48 82 80
48 83 80
48 84 30
49 0 60
49 1 30
49 2 80
49 3 80
49 4 80
49 5 30
49 6 60
49 7 40
49 8 60
49 9 40
49 10 80
49 11 60
49 12 80
49 13 80
49 14 30
49 15 30
49 16 40
49 17 30
49 18 30
49 19 80
49 20 30
49 21 60
49 22 60
49 23 40
49 24 80
49 25 60
49 26 40
49 27 30
49 28 60
49 29 80
49 30 30
49 31 80
49 32 40
49 33 80
49 34 30
49 35 30
49 36 80
49 37 40
49 38 60
49 39 60
49 40 60
49 41 80
49 42 80
49 43 40
49 44 30
49 45 80
49 46 30
49 47 60
49 48 40
49 50 30
49 51 40
49 52 40
49 53 30
49 54 60
49 55 60
49 56 30
49 57 80
49 58 40
49 59 30
49 60 80
49 61 80
49 62 30
49 63 60
49 64 60
49 65 40
49 66 80
49 67 40
49 68 40
49 69 80
49 70 60
49 71 80
49 72 30
49 73 60
49 74 80
49 75 60
49 76 80
49 77 40
49 78 40
49 79 60
49 80 30
49 81 80
49 82 40
49 83 80
49 84 60
50 0 30
50 1 30
50 2 40
50 3 80
50 4 60
50 5 30
50 6 30
50 7 80
50 8 60
50 9 30
50 10 80
50 11 60
50 12 60
50 13 40
50 14 60
50 15 60
50 16 60
50 17 30
50 18 60
50 19 80
50 20 80
50 21 30
50 22 60
50 23 40
50 24 40
50 25 30
50 26 30
50 27 40
50 28 40
50 29 40
50 30 80
50 31 40
50 32 60
50 33 60
50 34 30
50 35 30
50 36 30
50 37 60
50 38 80
50 39 30
50 40 60
50 41 30
50 42 30
50 43 60
50 44 60
50 45 60
50 46 80
50 47 60
50 48 80
50 49 40
50 51 30
50 52 60
50 53 80
50 54 30
50 55 30
50 56 80
50 57 40
50 58 80
50 59 80
50 60 40
50 61 40
50 62 40
50 63 60
50 64 60
50 65 30
50 66 40
50 67 60
50 68 60
50 69 80
50 70 40
50 71 60
50 72 60
50 73 40
50 74 80
50 75 30
50 76 80
50 77 30
50 78 30
50 79 30
50 80 60
50 81 40
50 82 60
50 83 80
50 84 80
51 0 60
51 1 40
51 2 30
51 3 40
51 4 80
51 5 40
51 6 30
51 7 30
51 8 30
51 9 80
51 10 40
51 11 60
51 12 30
51 13 60
51 14 60
51 15 60
51 16 30
51 17 30
51 18 40
51 19 80
51 20 60
51 21 40
51 22 30
51 23 60
51 24 40
51 25 80
51 26 60
51 27 60
51 28 30
51 29 40
51 30 60
51 31 80
51 32 30
51 33 60
51 34 80
51 35 80
51 36 40
51 37 40
51 38 30
51 39 40
51 40 80
51 41 30
51 42 40
51 43 30
51 44 60
51 45 30
51 46 60
51 47 40
51 48 40
51 49 40
51 50 60
51 52 60
51 53 80
51 54 60
51 55 60
51 56 30
51 57 30
51 58 40
51 59 80
51 60 30
51 61 80
51 62 80
51 63 40
51 64 80
51 65 30
51 66 30
51 67 40
51 68 40
51 69 30
51 70 40
51 71 40
51 72 80
51 73 60
51 74 60
51 75 40
51 76 60
51 77 60
51 78 40
51 79 80
51 80 30
51 81 40
51 82 40
51 83 40
51 84 30
52 0 30
52 1 40
52 2 60
52 3 60
52 4 40
52 5 30
52 6 80
52 7 60
52 8 40
52 9 60
52 10 80
52 11 30
52 12 30
52 13 60
52 14 60
52 15 80
52 16 40
52 17 30
52 18 40
52 19 40
52 20 40
52 21 40
52 22 60
52 23 30
52 24 60
52 25 30
52 26 60
52 27 60
52 28 30
52 29 80
52 30 40
52 31 80
52 32 80
52 33 80
52 34 40
52 35 60
52 36 80
52 37 60
52 38 30
52 39 40
52 40 40
52 41 80
52 42 40
52 43 30
52 44 40
52 45 30
52 46 40
52 47 40
52 48 80
52 49 60
52 50 30
52 51 40
52 53 80
52 54 60
52 55 80
52 56 80
52 57 80
52 58 80
52 59 30
52 60 80
52 61 40
52 62 30
52 63 80
52 64 60
52 65 40
52 66 60
52 67 80
52 68 60
52 69 80
52 70 40
52 71 60
52 72 80
52 73 40
52 74 80
52 75 60
52 76 30
52 77 60
52 78 80
52 79 60
52 80 80
52 81 80
52 82 80
52 83 80
52 84 60
53 0 30
53 1 60
53 2 40
53 3 30
53 4 40
53 5 30
53 6 60
53 7 30
53 8 80
53 9 40
53 10 60
53 11 30
53 12 60
53 13 40
53 14 80
53 15 60
53 16 30
53 17 80
53 18 40
53 19 60
53 20 80
53 21 30
53 22 40
53 23 30
53 24 80
53 25 60
53 26 60
53 27 40
53 28 40
53 29 30
53 30 80
53 31 30
53 32 30
53 33 40
53 34 60
53 35 60
53 36 60
53 37 60
53 38 30
53 39 40
53 40 80
53 41 80
53 42 80
53 43 40
53 44 40
53 45 30
53 46 40
53 47 30
53 48 40
53 49 80
53 50 60
53 51 60
53 52 80
53 54 40
53 55 80
53 56 60
53 57 60
53 58 60
53 59 30
53 60 60
53 61 30
53 62 80
53 63 80
53 64 40
53 65 30
53 66 80
53 67 80
53 68 40
53 69 40
53 70 30
53 71 30
53 72 60
53 73 30
53 74 40
53 75 30
53 76 30
53 77 30
53 78 80
53 79 60
53 80 40
53 81 30
53 82 60
53 83 30
53 84 40
54 0 40
54 1 30
54 2 80
54 3 40
54 4 40
54 5 60
54 6 30
54 7 40
54 8 60
54 9 30
54 10 40
54 11 80
54 12 60
54 13 40
54 14 60
54 15 60
54 16 60
54 17 40
54 18 40
54 19 40
54 20 30
54 21 40
54 22 30
54 23 40
54 24 30
54 25 60
54 26 80
54 27 40
54 28 30
54 29 60
54 30 40
54 31 30
54 32 30
54 33 30
54 34 40
54 35 40
54 36 60
54 37 80
54 38 60
54 39 80
54 40 40
54 41 80
54 42 40
54 43 80
54 44 80
54 45 40
54 46 30
54 47 40
54 48 30
54 49 80
54 50 80
54 51 60
54 52 80
54 53 60
54 55 80
54 56 60
54 57 30
54 58 80
54 59 30
54 60 40
54 61 60
54 62 30
54 63 80
54 64 80
54 65 40
54 66 40
54 67 40
54 68 80
54 69 60
54 70 40
54 71 80
54 72 30
54 73 30
54 74 80
54 75 30
54 76 60
54 77 30
54 78 60
54 79 40
54 80 60
54 81 80
54 82 40
54 83 80
54 84 60
55 0 30
55 1 30
55 2 30
55 3 80
55 4 30
55 5 60
55 6 80
55 7 80
55 8 80
55 9 60
55 10 30
55 11 60
55 12 60
55 13 40
55 14 30
55 15 60
55 16 60
55 17 30
55 18 30
55 19 30
55 20 40
55 21 40
55 22 60
55 23 60
55 24 60
55 25 30
55 26 30
55 27 80
55 28 30
55 29 60
55 30 80
55 31 80
55 32 30
55 33 40
55 34 80
55 35 30
55 36 80
55 37 40
55 38 60
55 39 60
55 40 30
55 41 30
55 42 40
55 43 30
55 44 60
55 45 30
55 46 80
55 47 30
55 48 30
55 49 60
55 50 40
55 51 60
55 52 40
55 53 40
55 54 30
55 56 60
55 57 80
55 58 80
55 59 80
55 60 80
55 61 30
55 62 40
55 63 60
55 64 30
55 65 80
55 66 30
55 67 40
55 68 80
55 69 80
55 70 60
55 71 80
55 72 80
55 73 60
55 74 30
55 75 30
55 76 30
55 77 60
55 78 80
55 79 60
55 80 30
55 81 40
55 82 30
55 83 30
55 84 80
56 0 40
56 1 40
56 2 60
56 3 60
56 4 80
56 5 40
56 6 80
56 7 60
56 8 40
56 9 40
56 10 60
56 11 30
56 12 60
56 13 60
56 14 80
56 15 30
56 16 40
56 17 80
56 18 80
56 19 60
56 20 60
56 21 80
56 22 30
56 23 40
56 24 40
56 25 40
56 26 80
56 27 30
56 28 60
56 29 80
56 30 30
56 31 60
56 32 80
56 33 40
56 34 80
56 35 80
56 36 30
56 37 30
56 38 60
56 39 40
56 40 60
56 41 40
56 42 60
56 43 80
56 44 30
56 45 30
56 46 40
56 47 60
56 48 30
56 49 40
56 50 60
56 51 60
56 52 60
56 53 30
56 54 60
56 55 60
56 57 60
56 58 80
56 59 40
56 60 40
56 61 60
56 62 40
56 63 40
56 64 60
56 65 80
56 66 60
56 67 30
56 68 60
56 69 60
56 70 30
56 71 80
56 72 80
56 73 60
56 74 30
56 75 40
56 76 30
56 77 60
56 78 30
56 79 60
56 80 60
56 81 60
56 82 60
56 83 80
56 84 60
57 0 80
57 1 80
57 2 80
57 3 60
57 4 40
57 5 40
57 6 60
57 7 80
57 8 60
57 9 40
57 10 30
57 11 40
57 12 60
57 13 40
57 14 80
57 15 80
57 16 80
57 17 80
57 18 30
57 19 40
57 20 60
57 21 80
57 22 30
57 23 80
57 24 30
57 25 30
57 26 60
57 27 30
57 28 80
57 29 80
57 30 30
57 31 60
57 32 80
57 33 40
57 34 60
57 35 30
57 36 60
57 37 30
57 38 30
57 39 80
57 40 80
57 41 30
57 42 60
57 43 80
57 44 80
57 45 80
57 46 60
57 47 60
57 48 30
57 49 60
57 50 40
57 51 30
57 52 40
57 53 40
57 54 30
57 55 40
57 56 60
57 58 40
57 59 60
57 60 40
57 61 40
57 62 40
57 63 40
57 64 80
57 65 40
57 66 30
57 67 40
57 68 40
57 69 30
57 70 80
57 71 60
57 72 30
57 73 30
57 74 80
57 75 60
57 76 80
57 77 40
57 78 30
57 79 30
57 80 80
57 81 60
57 82 60
57 83 80
57 84 30
58 0 60
58 1 40
58 2 80
58 3 30
58 4 80
58 5 80
58 6 60
58 7 40
58 8 80
58 9 80
58 10 80
58 11 80
58 12 60
58 13 60
58 14 30
58 15 30
58 16 40
58 17 30
58 18 60
58 19 40
58 20 60
58 21 60
58 22 60
58 23 40
58 24 80
58 25 30
58 26 40
58 27 40
58 28 40
58 29 40
58 30 40
58 31 60
58 32 40
58 33 30
58 34 30
58 35 60
58 36 80
58 37 80
58 38 30
58 39 60
58 40 80
58 41 80
58 42 30
58 43 60
58 44 30
58 45 80
58 46 60
58 47 30
58 48 80
58 49 30
58 50 60
58 51 60
58 52 80
58 53 40
58 54 60
58 55 80
58 56 30
58 57 80
58 59 40
58 60 80
58 61 30
58 62 80
58 63 60
58 64 80
58 65 60
58 66 30
58 67 40
58 68 80
58 69 60
58 70 80
58 71 40
58 72 80
58 73 40
58 74 40
58 75 30
58 76 80
58 77 60
58 78 30
58 79 60
58 80 40
58 81 40
58 82 60
58 83 80
58 84 60
59 0 40
59 1 60
59 2 30
59 3 80
59 4 30
59 5 30
59 6 40
59 7 40
59 8 40
59 9 40
59 10 40
59 11 30
59 12 60
59 13 40
59 14 40
59 15 80
59 16 60
59 17 40
59 18 30
59 19 40
59 20 80
59 21 30
59 22 80
59 23 60
59 24 30
59 25 60
59 26 60
59 27 60
59 28 30
59 29 60
59 30 60
59 31 40
59 32 40
59 33 80
59 34 40
59 35 60
59 36 80
59 37 60
59 38 40
59 39 60
59 40 40
59 41 80
59 42 40
59 43 60
59 44 80
59 45 30
59 46 30
59 47 60
59 48 80
59 49 40
59 50 30
59 51 80
59 52 80
59 53 30
59 54 30
59 55 40
59 56 80
59 57 80
59 58 80
59 60 80
59 61 60
59 62 30
59 63 80
59 64 80
59 65 40
59 66 60
59 67 60
59 68 30
59 69 60
59 70 40
59 71 60
59 72 60
59 73 30
59 74 80
59 75 80
59 76 80
59 77 80
59 78 40
59 79 30
59 80 80
59 81 40
59 82 30
59 83 80
59 84 40
60 0 40
60 1 60
60 2 60
60 3 80
60 4 40
60 5 40
60 6 60
60 7 30
60 8 30
60 9 60
60 10 40
60 11 40
60 12 60
60 13 80
60 14 40
60 15 40
60 16 80
60 17 30
60 18 40
60 19 60
60 20 60
60 21 40
60 22 60
60 23 80
60 24 60
60 25 80
60 26 60
60 27 40
60 28 40
60 29 40
60 30 80
60 31 30
60 32 40
60 33 60
60 34 30
60 35 60
60 36 30
60 37 40
60 38 80
60 39 80
60 40 40
60 41 40
60 42 60
60 43 40
60 44 60
60 45 30
60 46 40
60 47 30
60 48 80
60 49 30
60 50 60
60 51 80
60 52 40
60 53 60
60 54 40
60 55 30
60 56 60
60 57 40
60 58 60
60 59 40
60 61 30
60 62 60
60 63 40
60 64 60
60 65 60
60 66 80
60 67 40
60 68 60
60 69 40
60 70 60
60 71 30
60 72 40
60 73 40
60 74 30
60 75 40
60 76 40
60 77 40
60 78 80
60 79 30
60 80 60
60 81 60
60 82 40
60 83 80
60 84 60
61 0 40
61 1 60
61 2 30
61 3 30
61 4 60
61 5 30
61 6 80
61 7 80
61 8 30
61 9 30
61 10 40
61 11 80
61 12 30
61 13 30
61 14 40
61 15 30
61 16 40
61 17 80
61 18 40
61 19 60
61 20 60
61 21 80
61 22 30
61 23 60
61 24 80
61 25 40
61 26 30
61 27 30
61 28 40
61 29 30
61 30 30
61 31 80
61 32 40
61 33 60
61 34 80
61 35 30
61 36 30
61 37 30
61 38 40
61 39 40
61 40 30
61 41 30
61 42 40
61 43 80
61 44 40
61 45 30
61 46 60
61 47 80
61 48 80
61 49 80
61 50 30
61 51 40
61 52 30
61 53 60
61 54 30
61 55 40
61 56 80
61 57 40
61 58 30
61 59 30
61 60 40
61 62 80
61 63 60
61 64 30
61 65 40
61 66 80
61 67 60
61 68 30
61 69 40
61 70 80
61 71 30
61 72 40
61 73 30
61 74 60
61 75 40
61 76 60
61 77 30
61 78 60
61 79 40
61 80 80
61 81 40
61 82 40
61 83 40
61 84 30
62 0 40
62 1 30
62 2 60
62 3 60
62 4 40
62 5 80
62 6 60
62 7 40
62 8 80
62 9 30
62 10 40
62 11 80
62 12 60
62 13 80
62 14 30
62 15 40
62 16 80
62 17 40
62 18 30
62 19 60
62 20 60
62 21 80
62 22 30
62 23 30
62 24 40
62 25 30
62 26 80
62 27 30
62 28 60
62 29 80
62 30 30
62 31 40
62 32 40
62 33 40
62 34 40
62 35 80
62 36 80
62 37 80
62 38 30
62 39 40
62 40 30
62 41 40
62 42 40
62 43 30
62 44 80
62 45 30
62 46 60
62 47 60
62 48 60
62 49 80
62 50 80
62 51 60
62 52 60
62 53 80
62 54 60
62 55 60
62 56 80
62 57 30
62 58 80
62 59 60
62 60 60
62 61 60
62 63 40
62 64 30
62 65 40
62 66 30
62 67 80
62 68 60
62 69 60
62 70 80
62 71 30
62 72 80
62 73 60
62 74 80
62 75 80
62 76 30
62 77 30
62 78 80
62 79 80
62 80 80
62 81 80
62 82 30
62 83 60
62 84 30
63 0 30
63 1 40
63 2 60
63 3 80
63 4 40
63 5 80
63 6 60
63 7 30
63 8 30
63 9 80
63 10 30
63 11 30
63 12 30
63 13 40
63 14 60
63 15 40
63 16 60
63 17 30
63 18 40
63 19 30
63 20 60
63 21 30
63 22 40
63 23 30
63 24 60
63 25 60
63 26 40
63 27 80
63 28 60
63 29 30
63 30 60
63 31 80
63 32 30
63 33 60
63 34 60
63 35 60
63 36 30
63 37 30
63 38 60
63 39 40
63 40 40
63 41 30
63 42 60
63 43 30
63 44 80
63 45 60
63 46 30
63 47 80
63 48 80
63 49 60
63 50 80
63 51 30
63 52 30
63 53 30
63 54 30
63 55 80
63 56 60
63 57 30
63 58 80
63 59 60
63 60 80
63 61 60
63 62 30
63 64 80
63 65 80
63 66 30
63 67 40
63 68 80
63 69 60
63 70 60
63 71 40
63 72 30
63 73 30
63 74 40
63 75 40
63 76 30
63 77 60
63 78 40
63 79 30
63 80 80
63 81 60
63 82 80
63 83 40
63 84 80
64 0 30
64 1 80
64 2 80
64 3 80
64 4 80
64 5 80
64 6 80
64 7 60
64 8 80
64 9 40
64 10 30
64 11 40
64 12 80
64 13 80
64 14 40
64 15 80
64 16 80
64 17 80
64 18 80
64 19 60
64 20 30
64 21 40
64 22 40
64 23 30
64 24 30
64 25 60
64 26 60
64 27 60
64 28 30
64 29 30
64 30 40
64 31 80
64 32 60
64 33 30
64 34 60
64 35 60
64 36 40
64 37 30
64 38 80
64 39 40
64 40 40
64 41 40
64 42 30
64 43 30
64 44 80
64 45 30
64 46 80
64 47 60
64 48 80
64 49 80
64 50 40
64 51 60
64 52 40
64 53 60
64 54 30
64 55 30
64 56 80
64 57 40
64 58 80
64 59 30
64 60 60
64 61 60
64 62 60
64 63 60
64 65 40
64 66 80
64 67 60
64 68 40
64 69 30
64 70 40
64 71 60
64 72 40
64 73 60
64 74 60
64 75 30
64 76 80
64 77 40
64 78 60
64 79 40
64 80 80
64 81 40
64 82 60
64 83 60
64 84 40
65 0 80
65 1 40
65 2 40
65 3 60
65 4 30
65 5 40
65 6 60
65 7 30
65 8 30
65 9 30
65 10 30
65 11 80
65 12 80
65 13 40
65 14 40
65 15 40
65 16 60
65 17 80
65 18 30
65 19 40
65 20 80
65 21 80
65 22 80
65 23 60
65 24 60
65 25 80
65 26 40
65 27 80
65 28 30
65 29 80
65 30 30
65 31 30
65 32 30
65 33 30
65 34 30
65 35 60
65 36 80
65 37 60
65 38 60
65 39 80
65 40 40
65 41 30
65 42 30
65 43 40
65 44 60
65 45 30
65 46 30
65 47 60
65 48 30
65 49 30
65 50 80
65 51 40
65 52 30
65 53 30
65 54 80
65 55 30
65 56 60
65 57 80
65 58 30
65 59 40
65 60 40
65 61 60
65 62 40
65 63 30
65 64 80
65 66 30
65 67 80
65 68 40
65 69 40
65 70 30
65 71 80
65 72 30
65 73 40
65 74 80
65 75 40
65 76 30
65 77 60
65 78 80
65 79 80
65 80 60
65 81 80
65 82 80
65 83 30
65 84 60
66 0 40
66 1 80
66 2 60
66 3 60
66 4 40
66 5 80
66 6 60
66 7 80
66 8 80
66 9 60
66 10 40
66 11 80
66 12 40
66 13 60
66 14 80
66 15 60
66 16 40
66 17 40
66 18 80
66 19 30
66 20 30
66 21 80
66 22 40
66 23 40
66 24 30
66 25 80
66 26 30
66 27 60
66 28 60
66 29 60
66 30 80
66 31 80
66 32 60
66 33 30
66 34 80
66 35 60
66 36 60
66 37 80
66 38 40
66 39 60
66 40 60
66 41 40
66 42 40
66 43 30
66 44 40
66 45 30
66 46 80
66 47 80
66 48 30
66 49 30
66 50 40
66 51 60
66 52 80
66 53 40
66 54 60
66 55 40
66 56 40
66 57 30
66 58 80
66 59 40
66 60 30
66 61 80
66 62 60
66 63 30
66 64 80
66 65 80
66 67 80
66 68 80
66 69 40
66 70 30
66 71 80
66 72 80
66 73 80
66 74 80
66 75 30
66 76 40
66 77 60
66 78 60
66 79 30
66 80 80
66 81 80
66 82 40
66 83 60
66 84 60
67 0 40
67 1 40
67 2 30
67 3 60
67 4 80
67 5 30
67 6 30
67 7 80
67 8 40
67 9 40
67 10 60
67 11 80
67 12 40
67 13 60
67 14 30
67 15 80
67 16 30
67 17 60
67 18 30
67 19 60
67 20 40
67 21 80
67 22 80
67 23 40
67 24 30
67 25 80
67 26 40
67 27 30
67 28 80
67 29 30
67 30 80
67 31 60
67 32 30
67 33 30
67 34 30
67 35 40
67 36 30
67 37 80
67 38 60
67 39 30
67 40 80
67 41 30
67 42 80
67 43 60
67 44 30
67 45 60
67 46 80
67 47 80
67 48 30
67 49 40
67 50 30
67 51 40
67 52 60
67 53 30
67 54 40
67 55 80
67 56 60
67 57 80
67 58 80
67 59 60
67 60 30
67 61 40
67 62 30
67 63 30
67 64 80
67 65 60
67 66 40
67 68 80
67 69 60
67 70 40
67 71 80
67 72 60
67 73 80
67 74 40
67 75 40
67 76 40
67 77 30
67 78 80
67 79 60
67 80 30
67 81 30
67 82 30
67 83 60
67 84 80
68 0 60
68 1 40
68 2 40
68 3 80
68 4 80
68 5 40
68 6 80
68 7 30
68 8 30
68 9 80
68 10 60
68 11 60
68 12 30
68 13 30
68 14 60
68 15 30
68 16 60
68 17 80
68 18 80
68 19 80
68 20 80
68 21 80
68 22 80
68 23 80
68 24 80
68 25 30
68 26 40
68 27 60
68 28 40
68 29 40
68 30 30
68 31 60
68 32 30
68 33 80
68 34 30
68 35 40
68 36 80
68 37 30
68 38 40
68 39 30
68 40 40
68 41 40
68 42 30
68 43 60
68 44 60
68 45 30
68 46 60
68 47 30
68 48 40
68 49 60
68 50 30
68 51 80
68 52 80
68 53 60
68 54 80
68 55 80
68 56 40
68 57 30
68 58 30
68 59 40
68 60 40
68 61 40
68 62 30
68 63 80
68 64 30
68 65 80
68 66 60
68 67 40
68 69 40
68 70 60
68 71 80
68 72 30
68 73 80
68 74 40
68 75 60
68 76 80
68 77 30
68 78 30
68 79 30
68 80 80
68 81 60
68 82 60
68 83 80
68 84 30
69 0 40
69 1 60
69 2 30
69 3 30
69 4 30
69 5 40
69 6 30
69 7 40
69 8 80
69 9 30
69 10 80
69 11 60
69 12 30
69 13 60
69 14 40
69 15 30
69 16 30
69 17 40
69 18 40
69 19 60
69 20 80
69 21 30
69 22 30
69 23 30
69 24 60
69 25 30
69 26 80
69 27 30
69 28 40
69 29 30
69 30 80
69 31 30
69 32 80
69 33 80
69 34 60
69 35 80
69 36 60
69 37 40
69 38 60
69 39 60
69 40 40
69 41 30
69 42 60
69 43 30
69 44 60
69 45 80
69 46 40
69 47 40
69 48 60
69 49 60
69 50 40
69 51 30
69 52 60
69 53 40
69 54 60
69 55 80
69 56 40
69 57 60
69 58 80
69 59 30
69 60 40
69 61 40
69 62 60
69 63 40
69 64 40
69 65 30
69 66 30
69 67 40
69 68 60
69 70 30
69 71 40
69 72 40
69 73 40
69 74 60
69 75 30
69 76 60
69 77 60
69 78 30
69 79 30
69 80 30
69 81 30
69 82 80
69 83 80
69 84 30
70 0 40
70 1 80
70 2 40
70 3 40
70 4 60
70 5 80
70 6 30
70 7 30
70 8 40
70 9 40
70 10 80
70 11 60
70 12 80
70 13 80
70 14 80
70 15 30
70 16 30
70 17 40
70 18 60
70 19 80
70 20 40
70 21 80
70 22 60
70 23 30
70 24 40
70 25 30
70 26 30
70 27 80
70 28 60
70 29 80
70 30 60
70 31 80
70 32 80
70 33 60
70 34 80
70 35 30
70 36 60
70 37 30
70 38 80
70 39 40
70 40 30
70 41 30
70 42 60
70 43 80
70 44 80
70 45 30
70 46 30
70 47 60
70 48 30
70 49 40
70 50 60
70 51 60
70 52 60
70 53 80
70 54 40
70 55 80
70 56 60
70 57 60
70 58 40
70 59 30
70 60 30
70 61 40
70 62 30
70 63 80
70 64 60
70 65 60
70 66 30
70 67 30
70 68 80
70 69 80
70 71 80
70 72 30
70 73 80
70 74 40
70 75 40
70 76 40
70 77 30
70 78 60
70 79 40
70 80 80
70 81 80
70 82 80
70 83 40
70 84 60
71 0 40
71 1 40
71 2 80
71 3 40
71 4 60
71 5 60
71 6 40
71 7 80
71 8 40
71 9 80
71 10 30
71 11 60
71 12 60
71 13 80
71 14 40
71 15 40
71 16 60
71 17 80
71 18 60
71 19 60
71 20 40
71 21 30
71 22 60
71 23 40
71 24 30
71 25 60
71 26 40
71 27 40
71 28 40
71 29 30
71 30 40
71 31 80
71 32 40
71 33 30
71 34 30
71 35 30
71 36 80
71 37 40
71 38 30
71 39 30
71 40 40
71 41 40
71 42 30
71 43 40
71 44 80
71 45 40
71 46 60
71 47 40
71 48 40
71 49 30
71 50 30
71 51 80
71 52 30
71 53 80
71 54 40
71 55 60
71 56 60
71 57 40
71 58 40
71 59 80
71 60 80
71 61 80
71 62 80
71 63 30
71 64 80
71 65 30
71 66 30
71 67 40
71 68 30
71 69 60
71 70 80
71 72 60
71 73 40
71 74 30
71 75 60
71 76 80
71 77 40
71 78 80
71 79 80
71 80 40
71 81 40
71 82 60
71 83 30
71 84 30
72 0 80
72 1 60
72 2 40
72 3 40
72 4 60
72 5 30
72 6 30
72 7 40
72 8 60
72 9 30
72 10 60
72 11 30
72 12 60
72 13 80
72 14 60
72 15 60
72 16 40
72 17 80
72 18 80
72 19 30
72 20 60
72 21 60
72 22 80
72 23 60
72 24 60
72 25 40
72 26 40
72 27 40
72 28 40
72 29 30
72 30 60
72 31 60
72 32 40
72 33 30
72 34 80
72 35 30
72 36 60
72 37 60
72 38 80
72 39 30
72 40 80
72 41 40
72 42 40
72 43 30
72 44 40
72 45 30
72 46 40
72 47 60
72 48 60
72 49 80
72 50 80
72 51 80
72 52 80
72 53 60
72 54 80
72 55 80
72 56 60
72 57 40
72 58 30
72 59 40
72 60 40
72 61 30
72 62 80
72 63 40
72 64 40
72 65 30
72 66 80
72 67 80
72 68 80
72 69 60
72 70 40
72 71 40
72 73 60
72 74 40
72 75 80
72 76 80
72 77 80
72 78 30
72 79 40
72 80 80
72 81 30
72 82 30
72 83 60
72 84 30
73 0 80
73 1 80
73 2 80
73 3 30
73 4 40
73 5 30
73 6 80
73 7 60
73 8 40
73 9 60
73 10 40
73 11 40
73 12 80
73 13 60
73 14 30
73 15 30
73 16 60
73 17 80
73 18 80
73 19 80
73 20 40
73 21 40
73 22 30
73 23 60
73 24 30
73 25 30
73 26 40
73 27 60
73 28 80
73 29 60
73 30 30
73 31 60
73 32 40
73 33 30
73 34 80
73 35 40
73 36 40
73 37 40
73 38 80
73 39 80
73 40 30
73 41 40
73 42 80
73 43 80
73 44 30
73 45 40
73 46 80
73 47 40
73 48 30
73 49 80
73 50 60
73 51 40
73 52 40
73 53 30
73 54 40
73 55 60
73 56 30
73 57 60
73 58 60
73 59 80
73 60 60
73 61 60
73 62 80
73 63 40
73 64 80
73 65 30
73 66 30
73 67 80
73 68 40
73 69 40
73 70 80
73 71 60
73 72 80
73 74 30
73 75 80
73 76 40
73 77 40
73 78 40
73 79 80
73 80 60
73 81 80
73 82 80
73 83 60
73 84 30
74 0 60
74 1 80
74 2 40
74 3 60
74 4 80
74 5 30
74 6 60
74 7 40
74 8 80
74 9 80
74 10 30
74 11 60
74 12 80
74 13 80
74 14 30
74 15 80
74 16 40
74 17 60
74 18 60
74 19 30
74 20 30
74 21 60
74 22 40
74 23 60
74 24 40
74 25 60
74 26 60
74 27 40
74 28 80
74 29 30
74 30 40
74 31 30
74 32 40
74 33 30
74 34 40
74 35 60
74 36 60
74 37 60
74 38 30
74 39 80
74 40 60
74 41 80
74 42 60
74 43 80
74 44 80
74 45 80
74 46 80
74 47 80
74 48 80
74 49 60
74 50 30
74 51 40
74 52 30
74 53 80
74 54 30
74 55 80
74 56 80
74 57 80
74 58 80
74 59 60
74 60 80
74 61 60
74 62 80
74 63 30
74 64 40
74 65 30
74 66 30
74 67 80
74 68 30
74 69 60
74 70 40
74 71 30
74 72 30
74 73 60
74 75 60
74 76 80
74 77 60
74 78 30
74 79 60
74 80 60
74 81 40
74 82 80
74 83 40
74 84 30
75 0 80
75 1 40
75 2 80
75 3 40
75 4 40
75 5 40
75 6 80
75 7 60
75 8 30
75 9 40
75 10 40
75 11 40
75 12 60
75 13 40
75 14 60
75 15 80
75 16 80
75 17 80
75 18 80
75 19 60
75 20 80
75 21 30
75 22 30
75 23 80
75 24 30
75 25 60
75 26 40
75 27 40
75 28 80
75 29 80
75 30 30
75 31 30
75 32 40
75 33 80
75 34 80
75 35 80
75 36 80
75 37 40
75 38 60
75 39 40
75 40 40
75 41 80
75 42 80
75 43 30
75 44 30
75 45 30
75 46 80
75 47 40
75 48 60
75 49 80
75 50 40
75 51 30
75 52 60
75 53 30
75 54 40
75 55 40
75 56 40
75 57 80
75 58 80
75 59 30
75 60 60
75 61 80
75 62 60
75 63 30
75 64 30
75 65 40
75 66 40
75 67 60
75 68 30
75 69 40
75 70 30
75 71 60
75 72 80
75 73 60
75 74 80
75 76 40
75 77 30
75 78 30
75 79 30
75 80 40
75 81 80
75 82 60
75 83 40
75 84 40
76 0 40
76 1 30
76 2 30
76 3 60
76 4 60
76 5 40
76 6 30
76 7 30
76 8 30
76 9 80
76 10 40
76 11 30
76 12 60
76 13 60
76 14 30
76 15 60
76 16 40
76 17 30
76 18 30
76 19 40
76 20 40
76 21 40
76 22 80
76 23 30
76 24 60
76 25 30
76 26 40
76 27 30
76 28 60
76 29 30
76 30 30
76 31 80
76 32 40
76 33 60
76 34 40
76 35 60
76 36 80
76 37 80
76 38 80
76 39 80
76 40 60
76 41 60
76 42 30
76 43 60
76 44 40
76 45 80
76 46 30
76 47 60
76 48 60
76 49 40
76 50 80
76 51 40
76 52 60
76 53 60
76 54 40
76 55 60
76 56 40
76 57 40
76 58 30
76 59 30
76 60 30
76 61 80
76 62 30
76 63 60
76 64 40
76 65 80
76 66 30
76 67 30
76 68 40
76 69 30
76 70 80
76 71 80
76 72 60
76 73 30
76 74 30
76 75 60
76 77 60
76 78 60
76 79 60
76 80 60
76 81 60
76 82 80
76 83 60
76 84 30
77 0 40
77 1 30
77 2 80
77 3 40
77 4 80
77 5 80
77 6 60
77 7 30
77 8 60
77 9 30
77 10 30
77 11 80
77 12 80
77 13 30
77 14 30
77 15 60
77 16 80
77 17 60
77 18 80
77 19 60
77 20 60
77 21 60
77 22 30
77 23 30
77 24 60
77 25 40
77 26 80
77 27 80
77 28 80
77 29 80
77 30 80
77 31 30
77 32 40
77 33 30
77 34 60
77 35 40
77 36 30
77 37 60
77 38 30
77 39 60
77 40 80
77 41 30
77 42 40
77 43 30
77 44 80
77 45 80
77 46 60
77 47 80
77 48 60
77 49 80
77 50 60
77 51 80
77 52 60
77 53 40
77 54 80
77 55 80
77 56 60
77 57 80
77 58 30
77 59 80
77 60 40
77 61 60
77 62 80
77 63 80
77 64 30
77 65 60
77 66 30
77 67 40
77 68 80
77 69 60
77 70 60
77 71 30
77 72 40
77 73 80
77 74 30
77 75 60
77 76 80
77 78 40
77 79 80
77 80 30
77 81 80
77 82 30
77 83 40
77 84 80
78 0 40
78 1 30
78 2 60
78 3 30
78 4 60
78 5 80
78 6 40
78 7 60
78 8 40
78 9 80
78 10 30
78 11 30
78 12 40
78 13 80
78 14 80
78 15 40
78 16 60
78 17 80
78 18 60
78 19 80
78 20 80
78 21 30
78 22 80
78 23 30
78 24 40
78 25 60
78 26 30
78 27 40
78 28 40
78 29 60
78 30 30
78 31 40
78 32 80
78 33 80
78 34 60
78 35 40
78 36 60
78 37 30
78 38 60
78 39 80
78 40 30
78 41 80
78 42 40
78 43 40
78 44 40
78 45 60
78 46 40
78 47 80
78 48 30
78 49 80
78 50 80
78 51 60
78 52 60
78 53 60
78 54 60
78 55 40
78 56 60
78 57 40
78 58 30
78 59 60
78 60 60
78 61 30
78 62 80
78 63 80
78 64 40
78 65 80
78 66 40
78 67 80
78 68 60
78 69 30
78 70 40
78 71 60
78 72 60
78 73 60
78 74 80
78 75 80
78 76 30
78 77 30
78 79 30
78 80 60
78 81 80
78 82 40
78 83 80
78 84 30
79 0 40
79 1 30
79 2 80
79 3 40
79 4 40
79 5 40
79 6 40
79 7 40
79 8 40
79 9 30
79 10 60
79 11 30
79 12 80
79 13 60
79 14 40
79 15 40
79 16 60
79 17 80
79 18 40
79 19 30
79 20 30
79 21 80
79 22 60
79 23 60
79 24 80
79 25 30
79 26 60
79 27 60
79 28 60
79 29 40
79 30 60
79 31 60
79 32 80
79 33 40
79 34 80
79 35 30
79 36 80
79 37 60
79 38 40
79 39 40
79 40 30
79 41 30
79 42 40
79 43 60
79 44 80
79 45 80
79 46 80
79 47 40
79 48 60
79 49 80
79 50 60
79 51 80
79 52 60
79 53 80
79 54 80
79 55 30
79 56 40
79 57 30
79 58 80
79 59 30
79 60 40
79 61 80
79 62 60
79 63 80
79 64 30
79 65 80
79 66 80
79 67 40
79 68 30
79 69 80
79 70 30
79 71 30
79 72 60
79 73 60
79 74 80
79 75 80
79 76 40
79 77 60
79 78 30
79 80 80
79 81 40
79 82 60
79 83 40
79 84 30
80 0 40
80 1 30
80 2 80
80 3 30
80 4 40
80 5 80
80 6 30
80 7 80
80 8 60
80 9 80
80 10 30
80 11 60
80 12 80
80 13 30
80 14 80
80 15 60
80 16 30
80 17 30
80 18 40
80 19 80
80 20 40
80 21 40
80 22 60
80 23 60
80 24 30
80 25 80
80 26 80
80 27 80
80 28 80
80 29 30
80 30 60
80 31 80
80 32 60
80 33 80
80 34 30
80 35 30
80 36 80
80 37 60
80 38 60
80 39 60
80 40 60
80 41 30
80 42 60
80 43 80
80 44 40
80 45 30
80 46 40
80 47 60
80 48 80
80 49 40
80 50 30
80 51 30
80 52 30
80 53 80
80 54 40
80 55 40
80 56 40
80 57 60
80 58 60
80 59 80
80 60 80
80 61 40
80 62 80
80 63 30
80 64 80
80 65 80
80 66 30
80 67 80
80 68 80
80 69 40
80 70 60
80 71 40
80 72 40
80 73 40
80 74 30
80 75 80
80 76 40
80 77 60
80 78 80
80 79 60
80 81 30
80 82 80
80 83 30
80 84 30
81 0 60
81 1 40
81 2 80
81 3 40
81 4 80
81 5 40
81 6 30
81 7 60
81 8 60
81 9 40
81 10 30
81 11 40
81 12 60
81 13 40
81 14 30
81 15 60
81 16 30
81 17 60
81 18 40
81 19 60
81 20 40
81 21 40
81 22 60
81 23 40
81 24 30
81 25 40
81 26 30
81 27 80
81 28 40
81 29 30
81 30 30
81 31 80
81 32 80
81 33 30
81 34 60
81 35 40
81 36 60
81 37 80
81 38 80
81 39 40
81 40 40
81 41 30
81 42 30
81 43 80
81 44 40
81 45 40
81 46 30
81 47 80
81 48 80
81 49 80
81 50 60
81 51 60
81 52 30
81 53 30
81 54 60
81 55 80
81 56 30
81 57 80
81 58 30
81 59 80
81 60 60
81 61 30
81 62 30
81 63 60
81 64 40
81 65 30
81 66 60
81 67 40
81 68 40
81 69 30
81 70 80
81 71 30
81 72 80
81 73 60
81 74 60
81 75 60
81 76 30
81 77 80
81 78 40
81 79 30
81 80 80
81 82 60
81 83 40
81 84 30
82 0 40
82 1 80
82 2 80
82 3 30
82 4 60
82 5 40
82 6 60
82 7 60
82 8 40
82 9 30
82 10 80
82 11 60
82 12 80
82 13 30
82 14 30
82 15 80
82 16 80
82 17 60
82 18 40
82 19 80
82 20 40
82 21 60
82 22 30
82 23 30
82 24 40
82 25 40
82 26 60
82 27 60
82 28 60
82 29 30
82 30 60
82 31 40
82 32 60
82 33 40
82 34 40
82 35 30
82 36 60
82 37 40
82 38 60
82 39 30
82 40 80
82 41 40
82 42 80
82 43 30
82 44 30
82 45 60
82 46 80
82 47 40
82 48 30
82 49 30
82 50 80
82 51 30
82 52 60
82 53 60
82 54 30
82 55 40
82 56 80
82 57 40
82 58 30
82 59 60
82 60 60
82 61 40
82 62 80
82 63 40
82 64 30
82 65 60
82 66 40
82 67 60
82 68 30
82 69 60
82 70 40
82 71 30
82 72 80
82 73 40
82 74 40
82 75 40
82 76 30
82 77 60
82 78 40
82 79 40
82 80 30
82 81 40
82 83 60
82 84 40
83 0 60
83 1 30
83 2 40
83 3 60
83 4 40
83 5 30
83 6 30
83 7 40
83 8 40
83 9 80
83 10 80
83 11 30
83 12 30
83 13 80
83 14 60
83 15 60
83 16 60
83 17 30
83 18 30
83 19 60
83 20 40
83 21 80
83 22 60
83 23 60
83 24 60
83 25 40
83 26 30
83 27 60
83 28 80
83 29 80
83 30 60
83 31 80
83 32 80
83 33 30
83 34 60
83 35 80
83 36 80
83 37 60
83 38 60
83 39 40
83 40 80
83 41 80
83 42 80
83 43 80
83 44 30
83 45 80
83 46 40
83 47 60
83 48 80
83 49 60
83 50 60
83 51 80
83 52 40
83 53 30
83 54 30
83 55 80
83 56 40
83 57 80
83 58 30
83 59 80
83 60 80
83 61 30
83 62 60
83 63 80
83 64 80
83 65 60
83 66 30
83 67 40
83 68 80
83 69 40
83 70 40
83 71 60
83 72 30
83 73 30
83 74 80
83 75 40
83 76 40
83 77 60
83 78 40
83 79 30
83 80 30
83 81 60
83 82 40
83 84 40
84 0 30
84 1 60
84 2 80
84 3 40
84 4 60
84 5 30
84 6 30
84 7 60
84 8 40
84 9 40
84 10 30
84 11 60
84 12 30
84 13 40
84 14 60
84 15 60
84 16 40
84 17 40
84 18 30
84 19 60
84 20 40
84 21 30
84 22 40
84 23 80
84 24 60
84 25 30
84 26 60
84 27 60
84 28 30
84 29 30
84 30 30
84 31 30
84 32 40
84 33 80
84 34 60
84 35 80
84 36 60
84 37 30
84 38 40
84 39 30
84 40 40
84 41 60
84 42 30
84 43 40
84 44 60
84 45 30
84 46 60
84 47 40
84 48 40
84 49 60
84 50 60
84 51 60
84 52 80
84 53 80
84 54 40
84 55 60
84 56 60
84 57 60
84 58 80
84 59 40
84 60 60
84 61 60
84 62 80
84 63 40
84 64 80
84 65 80
84 66 60
84 67 40
84 68 40
84 69 40
84 70 80
84 71 30
84 72 40
84 73 60
84 74 60
84 75 30
84 76 60
84 77 40
84 78 80
84 79 40
84 80 60
84 81 30
84 82 40
84 83 60
