NAME C75R8-1
SOURCE Zhang et al. (2018) methodology — reproducible synthetic benchmark
N_CUSTOMERS 75
N_STATIONS 8
VARIANT 1
GRID_MILES 200.0
VEHICLE_CAPACITY 3.0
BATTERY_KWH 110.0
CURB_WEIGHT_KG 2000.0
ALPHA_ARC 0.0981
BETA_VEH 2.11
EFF_D 1.11
EFF_M 1.25
SPEED_SEED 26091115
CUSTOMER_SEED 84775
STATION_SEED 95438

NODES
0 160934.400000 160934.400000 0.000000 depot_start
1 4166.777309 112446.408097 0.065939 customer
2 160201.125722 220015.030210 0.099294 customer
3 113715.269829 259656.071873 0.057959 customer
4 181723.897430 177879.048946 0.101338 customer
5 304607.858454 162739.845983 0.149470 customer
6 313225.365828 247373.594695 0.119500 customer
7 140490.223852 169117.603149 0.069407 customer
8 40525.271997 104997.463967 0.123212 customer
9 239561.275752 194483.897893 0.117872 customer
10 305107.895036 261627.707619 0.143360 customer
11 265040.477963 288573.247680 0.059169 customer
12 52232.902779 10012.648536 0.117693 customer
13 278653.859910 12179.929637 0.103971 customer
14 262305.078952 253253.010725 0.062847 customer
15 80090.331992 259688.908345 0.081407 customer
16 182729.127829 80069.871255 0.071073 customer
17 181256.967090 156868.427264 0.086575 customer
18 276085.673283 93348.218797 0.120788 customer
19 186182.031700 279947.123149 0.135162 customer
20 225275.912606 274204.852617 0.067994 customer
21 206822.700208 202514.580516 0.057529 customer
22 167279.666733 214454.329315 0.127533 customer
23 9346.178280 252262.115648 0.076428 customer
24 30783.875806 127664.383336 0.110586 customer
25 168683.591165 317060.868864 0.138301 customer
26 230940.200190 130615.945218 0.081651 customer
27 145659.918941 148877.545368 0.060138 customer
28 312979.259584 264079.636684 0.120565 customer
29 207948.122834 262321.120370 0.050855 customer
30 79748.776776 218516.683899 0.138973 customer
31 218002.612138 129679.613759 0.131294 customer
32 232642.591491 276024.814661 0.074728 customer
33 198826.219632 8982.201744 0.148221 customer
34 141007.047235 72157.331957 0.107147 customer
35 216302.900600 290644.114474 0.149527 customer
36 8187.407633 209388.625368 0.051916 customer
37 76592.837097 103798.790854 0.132574 customer
38 168502.933207 2609.713305 0.113783 customer
39 123778.380196 139117.001630 0.055457 customer
40 174949.141486 61845.118731 0.117836 customer
41 233639.441824 208164.234116 0.111161 customer
42 126579.122027 121882.375273 0.079315 customer
43 161449.279976 61550.869904 0.088292 customer
44 59365.485103 171423.633432 0.074188 customer
45 117721.540752 99214.301000 0.122642 customer
46 212843.819990 266218.671297 0.080241 customer
47 218007.439805 20860.487837 0.090464 customer
48 220694.311264 49107.635674 0.095756 customer
49 286457.207734 159112.831645 0.059892 customer
50 209392.417290 310882.218450 0.135349 customer
51 131991.251670 270860.202387 0.129195 customer
52 63152.447464 171939.682565 0.111942 customer
53 251673.417013 167944.181369 0.108772 customer
54 128271.872108 41267.218659 0.090678 customer
55 64407.459876 55492.786748 0.073723 customer
56 257421.518692 210963.859932 0.067221 customer
57 255929.257493 274009.616117 0.143267 customer
58 203764.607943 30677.243336 0.099962 customer
59 195456.321755 21327.121930 0.100448 customer
60 231152.798084 161464.545312 0.109604 customer
61 20389.217437 84188.955809 0.140641 customer
62 120963.286764 216155.250590 0.097996 customer
63 96330.937482 159636.037521 0.094353 customer
64 21083.148414 306551.917878 0.082487 customer
65 98250.036218 100057.574783 0.078551 customer
66 1057.211672 150382.876802 0.097043 customer
67 109179.329280 293966.386576 0.125660 customer
68 218346.277083 60843.119035 0.138139 customer
69 20559.541351 1462.260606 0.143168 customer
70 239266.405891 286734.679977 0.143060 customer
71 117213.633846 187018.188653 0.064346 customer
72 109922.647897 182247.497104 0.095573 customer
73 140292.353652 186466.549766 0.123795 customer
74 103406.421827 20741.635206 0.093087 customer
75 84025.391324 245379.896484 0.131752 customer
76 118454.843259 302280.364179 0.000000 station
77 107139.368799 163636.516798 0.000000 station
78 51975.314137 76043.057809 0.000000 station
79 158310.331314 85160.723172 0.000000 station
80 190640.152038 11258.477566 0.000000 station
81 236816.144304 216670.854672 0.000000 station
82 170755.695251 155628.755719 0.000000 station
83 192513.259006 227380.119617 0.000000 station
84 160934.400000 160934.400000 0.000000 depot_end

SPEEDS
0 1 40
0 2 40
0 3 80
0 4 60
0 5 40
0 6 30
0 7 30
0 8 80
0 9 30
0 10 40
0 11 40
0 12 80
0 13 80
0 14 80
0 15 40
0 16 80
0 17 40
0 18 30
0 19 30
0 20 60
0 21 80
0 22 30
0 23 30
0 24 30
0 25 60
0 26 80
0 27 80
0 28 80
0 29 30
0 30 40
0 31 40
0 32 30
0 33 80
0 34 60
0 35 60
0 36 80
0 37 40
0 38 60
0 39 60
0 40 60
0 41 40
0 42 80
0 43 60
0 44 30
0 45 30
0 46 80
0 47 30
0 48 30
0 49 80
0 50 40
0 51 60
0 52 30
0 53 60
0 54 40
0 55 80
0 56 60
0 57 80
0 58 30
0 59 80
0 60 40
0 61 30
0 62 60
0 63 60
0 64 40
0 65 60
0 66 80
0 67 40
0 68 60
0 69 40
0 70 30
0 71 40
0 72 30
0 73 30
0 74 80
0 75 40
0 76 40
0 77 60
0 78 80
0 79 40
0 80 30
0 81 60
0 82 60
0 83 80
0 84 60
1 0 40
1 2 60
1 3 60
1 4 30
1 5 80
1 6 40
1 7 30
1 8 60
1 9 30
1 10 60
1 11 40
1 12 30
1 13 60
1 14 30
1 15 40
1 16 40
1 17 30
1 18 40
1 19 80
1 20 30
1 21 60
1 22 40
1 23 80
1 24 60
1 25 30
1 26 30
1 27 40
1 28 40
1 29 80
1 30 80
1 31 40
1 32 80
1 33 60
1 34 80
1 35 80
1 36 80
1 37 80
1 38 30
1 39 60
1 40 60
1 41 30
1 42 30
1 43 80
1 44 30
1 45 80
1 46 30
1 47 60
1 48 80
1 49 30
1 50 60
1 51 40
1 52 40
1 53 40
1 54 80
1 55 80
1 56 80
1 57 60
1 58 60
1 59 80
1 60 30
1 61 80
1 62 30
1 63 40
1 64 30
1 65 80
1 66 80
1 67 80
1 68 40
1 69 80
1 70 30
1 71 30
1 72 80
1 73 80
1 74 40
1 75 80
1 76 40
1 77 40
1 78 40
1 79 40
1 80 60
1 81 60
1 82 60
1 83 30
1 84 80
2 0 60
2 1 60
2 3 80
2 4 60
2 5 60
2 6 80
2 7 60
2 8 40
2 9 60
2 10 30
2 11 60
2 12 40
2 13 60
2 14 60
2 15 40
2 16 60
2 17 60
2 18 30
2 19 60
2 20 60
2 21 80
2 22 30
2 23 60
2 24 60
2 25 80
2 26 80
2 27 30
2 28 30
2 29 40
2 30 80
2 31 30
2 32 30
2 33 30
2 34 60
2 35 60
2 36 60
2 37 60
2 38 40
2 39 80
2 40 40
2 41 30
2 42 80
2 43 30
2 44 40
2 45 40
2 46 80
2 47 80
2 48 40
2 49 30
2 50 80
2 51 80
2 52 60
2 53 40
2 54 60
2 55 40
2 56 30
2 57 40
2 58 40
2 59 30
2 60 60
2 61 80
2 62 60
2 63 60
2 64 30
2 65 80
2 66 60
2 67 80
2 68 80
2 69 30
2 70 40
2 71 40
2 72 40
2 73 60
2 74 40
2 75 30
2 76 80
2 77 60
2 78 30
2 79 80
2 80 30
2 81 80
2 82 30
2 83 30
2 84 40
3 0 60
3 1 80
3 2 60
3 4 80
3 5 80
3 6 30
3 7 40
3 8 40
3 9 40
3 10 80
3 11 60
3 12 80
3 13 40
3 14 80
3 15 30
3 16 30
3 17 60
3 18 40
3 19 60
3 20 80
3 21 40
3 22 80
3 23 60
3 24 60
3 25 60
3 26 40
3 27 80
3 28 80
3 29 60
3 30 40
3 31 60
3 32 80
3 33 60
3 34 60
3 35 60
3 36 80
3 37 80
3 38 40
3 39 60
3 40 40
3 41 30
3 42 30
3 43 80
3 44 30
3 45 80
3 46 30
3 47 30
3 48 80
3 49 80
3 50 40
3 51 30
3 52 30
3 53 40
3 54 80
3 55 80
3 56 80
3 57 30
3 58 40
3 59 80
3 60 40
3 61 60
3 62 40
3 63 30
3 64 40
3 65 60
3 66 40
3 67 40
3 68 60
3 69 30
3 70 80
3 71 80
3 72 40
3 73 40
3 74 60
3 75 40
3 76 60
3 77 30
3 78 80
3 79 30
3 80 30
3 81 80
3 82 80
3 83 60
3 84 40
4 0 40
4 1 60
4 2 40
4 3 80
4 5 30
4 6 80
4 7 80
4 8 80
4 9 60
4 10 80
4 11 80
4 12 80
4 13 30
4 14 80
4 15 30
4 16 40
4 17 30
4 18 30
4 19 30
4 20 80
4 21 60
4 22 40
4 23 40
4 24 60
4 25 40
4 26 80
4 27 30
4 28 80
4 29 80
4 30 30
4 31 60
4 32 60
4 33 60
4 34 40
4 35 60
4 36 40
4 37 30
4 38 60
4 39 80
4 40 30
4 41 80
4 42 60
4 43 60
4 44 40
4 45 80
4 46 60
4 47 80
4 48 40
4 49 80
4 50 40
4 51 60
4 52 80
4 53 40
4 54 80
4 55 40
4 56 80
4 57 60
4 58 60
4 59 30
4 60 40
4 61 80
4 62 40
4 63 30
4 64 30
4 65 40
4 66 30
4 67 80
4 68 30
4 69 80
4 70 30
4 71 30
4 72 40
4 73 60
4 74 60
4 75 60
4 76 30
4 77 80
4 78 40
4 79 80
4 80 30
4 81 80
4 82 60
4 83 40
4 84 60
5 0 30
5 1 80
5 2 40
5 3 80
5 4 40
5 6 60
5 7 80
5 8 30
5 9 80
5 10 80
5 11 60
5 12 60
5 13 80
5 14 80
5 15 40
5 16 60
5 17 40
5 18 60
5 19 30
5 20 60
5 21 80
5 22 30
5 23 30
5 24 30
5 25 30
5 26 30
5 27 60
5 28 30
5 29 60
5 30 60
5 31 80
5 32 60
5 33 40
5 34 30
5 35 40
5 36 30
5 37 60
5 38 30
5 39 40
5 40 80
5 41 60
5 42 30
5 43 60
5 44 60
5 45 40
5 46 60
5 47 60
5 48 40
5 49 40
5 50 40
5 51 30
5 52 60
5 53 60
5 54 30
5 55 80
5 56 40
5 57 30
5 58 80
5 59 40
5 60 30
5 61 30
5 62 60
5 63 80
5 64 80
5 65 80
5 66 60
5 67 30
5 68 80
5 69 40
5 70 80
5 71 30
5 72 40
5 73 40
5 74 60
5 75 40
5 76 60
5 77 40
5 78 80
5 79 60
5 80 30
5 81 40
5 82 80
5 83 60
5 84 30
6 0 30
6 1 80
6 2 80
6 3 40
6 4 60
6 5 80
6 7 30
6 8 80
6 9 80
6 10 80
6 11 80
6 12 30
6 13 30
6 14 40
6 15 30
6 16 30
6 17 60
6 18 80
6 19 40
6 20 30
6 21 30
6 22 30
6 23 60
6 24 40
6 25 60
6 26 80
6 27 40
6 28 30
6 29 40
6 30 40
6 31 60
6 32 80
6 33 40
6 34 80
6 35 40
6 36 40
6 37 80
6 38 30
6 39 80
6 40 30
6 41 30
6 42 30
6 43 80
6 44 30
6 45 30
6 46 60
6 47 30
6 48 30
6 49 80
6 50 30
6 51 80
6 52 80
6 53 30
6 54 40
6 55 60
6 56 30
6 57 40
6 58 60
6 59 80
6 60 80
6 61 40
6 62 40
6 63 40
6 64 30
6 65 40
6 66 30
6 67 60
6 68 40
6 69 60
6 70 40
6 71 60
6 72 40
6 73 40
6 74 40
6 75 40
6 76 30
6 77 80
6 78 30
6 79 60
6 80 80
6 81 30
6 82 80
6 83 30
6 84 30
7 0 30
7 1 60
7 2 30
7 3 60
7 4 80
7 5 40
7 6 80
7 8 60
7 9 30
7 10 40
7 11 40
7 12 40
7 13 80
7 14 30
7 15 40
7 16 40
7 17 30
7 18 80
7 19 60
7 20 30
7 21 30
7 22 80
7 23 60
7 24 80
7 25 80
7 26 40
7 27 40
7 28 60
7 29 60
7 30 30
7 31 40
7 32 80
7 33 60
7 34 60
7 35 80
7 36 40
7 37 60
7 38 40
7 39 80
7 40 40
7 41 30
7 42 30
7 43 40
7 44 80
7 45 60
7 46 60
7 47 60
7 48 80
7 49 60
7 50 30
7 51 40
7 52 40
7 53 60
7 54 80
7 55 60
7 56 40
7 57 60
7 58 60
7 59 80
7 60 80
7 61 30
7 62 80
7 63 40
7 64 80
7 65 60
7 66 60
7 67 60
7 68 80
7 69 40
7 70 80
7 71 30
7 72 60
7 73 30
7 74 80
7 75 60
7 76 30
7 77 60
7 78 80
7 79 60
7 80 40
7 81 30
7 82 80
7 83 30
7 84 40
8 0 80
8 1 30
8 2 80
8 3 40
8 4 40
8 5 80
8 6 80
8 7 30
8 9 40
8 10 60
8 11 80
8 12 30
8 13 60
8 14 30
8 15 40
8 16 60
8 17 30
8 18 30
8 19 30
8 20 80
8 21 60
8 22 40
8 23 60
8 24 30
8 25 60
8 26 80
8 27 80
8 28 80
8 29 80
8 30 80
8 31 30
8 32 30
8 33 60
8 34 80
8 35 30
8 36 80
8 37 30
8 38 40
8 39 30
8 40 60
8 41 40
8 42 80
8 43 30
8 44 60
8 45 40
8 46 40
8 47 30
8 48 60
8 49 30
8 50 80
8 51 40
8 52 60
8 53 60
8 54 40
8 55 40
8 56 30
8 57 30
8 58 40
8 59 40
8 60 30
8 61 60
8 62 30
8 63 60
8 64 40
8 65 80
8 66 80
8 67 60
8 68 80
8 69 40
8 70 30
8 71 30
8 72 30
8 73 80
8 74 30
8 75 60
8 76 80
8 77 40
8 78 30
8 79 60
8 80 40
8 81 40
8 82 30
8 83 40
8 84 80
9 0 60
9 1 40
9 2 30
9 3 80
9 4 40
9 5 30
9 6 60
9 7 80
9 8 30
9 10 80
9 11 30
9 12 60
9 13 30
9 14 30
9 15 80
9 16 60
9 17 40
9 18 80
9 19 30
9 20 60
9 21 80
9 22 80
9 23 80
9 24 60
9 25 40
9 26 80
9 27 60
9 28 80
9 29 30
9 30 40
9 31 60
9 32 30
9 33 30
9 34 80
9 35 30
9 36 40
9 37 30
9 38 40
9 39 40
9 40 80
9 41 60
9 42 40
9 43 60
9 44 60
9 45 40
9 46 30
9 47 80
9 48 30
9 49 30
9 50 40
9 51 80
9 52 80
9 53 60
9 54 60
9 55 30
9 56 30
9 57 60
9 58 30
9 59 60
9 60 80
9 61 40
9 62 40
9 63 80
9 64 80
9 65 80
9 66 30
9 67 60
9 68 40
9 69 80
9 70 40
9 71 40
9 72 80
9 73 30
9 74 40
9 75 30
9 76 60
9 77 30
9 78 80
9 79 80
9 80 40
9 81 40
9 82 60
9 83 60
9 84 40
10 0 40
10 1 80
10 2 30
10 3 40
10 4 60
10 5 60
10 6 40
10 7 60
10 8 30
10 9 80
10 11 40
10 12 60
10 13 30
10 14 80
10 15 80
10 16 30
10 17 40
10 18 80
10 19 80
10 20 60
10 21 60
10 22 40
10 23 60
10 24 30
10 25 60
10 26 30
10 27 60
10 28 40
10 29 40
10 30 80
10 31 60
10 32 60
10 33 80
10 34 40
10 35 40
10 36 80
10 37 40
10 38 40
10 39 30
10 40 40
10 41 40
10 42 30
10 43 40
10 44 80
10 45 60
10 46 60
10 47 60
10 48 40
10 49 30
10 50 60
10 51 30
10 52 60
10 53 60
10 54 60
10 55 40
10 56 80
10 57 60
10 58 40
10 59 40
10 60 80
10 61 60
10 62 80
10 63 30
10 64 80
10 65 30
10 66 40
10 67 80
10 68 30
10 69 60
10 70 40
10 71 80
10 72 30
10 73 40
10 74 30
10 75 30
10 76 60
10 77 30
10 78 40
10 79 60
10 80 80
10 81 30
10 82 30
10 83 30
10 84 40
11 0 80
11 1 60
11 2 40
11 3 60
11 4 30
11 5 40
11 6 30
11 7 30
11 8 80
11 9 30
11 10 60
11 12 40
11 13 30
11 14 60
11 15 40
11 16 30
11 17 30
11 18 80
11 19 80
11 20 30
11 21 30
11 22 60
11 23 30
11 24 30
11 25 60
11 26 40
11 27 30
11 28 40
11 29 40
11 30 60
11 31 40
11 32 60
11 33 30
11 34 40
11 35 30
11 36 80
11 37 60
11 38 40
11 39 60
11 40 40
11 41 30
11 42 80
11 43 40
11 44 80
11 45 80
11 46 40
11 47 30
11 48 80
11 49 60
11 50 40
11 51 80
11 52 40
11 53 40
11 54 80
11 55 40
11 56 30
11 57 30
11 58 40
11 59 30
11 60 60
11 61 60
11 62 40
11 63 60
11 64 80
11 65 60
11 66 30
11 67 60
11 68 80
11 69 40
11 70 40
11 71 80
11 72 60
11 73 80
11 74 40
11 75 30
11 76 80
11 77 30
11 78 30
11 79 60
11 80 60
11 81 80
11 82 80
11 83 60
11 84 40
12 0 40
12 1 30
12 2 40
12 3 60
12 4 30
12 5 60
12 6 40
12 7 30
12 8 80
12 9 30
12 10 60
12 11 80
12 13 40
12 14 40
12 15 60
12 16 60
12 17 30
12 18 60
12 19 80
12 20 30
12 21 60
12 22 80
12 23 40
12 24 80
12 25 30
12 26 40
12 27 30
12 28 30
12 29 40
12 30 40
12 31 40
12 32 30
12 33 30
12 34 40
12 35 80
12 36 60
12 37 60
12 38 30
12 39 30
12 40 30
12 41 60
12 42 30
12 43 60
12 44 40
12 45 30
12 46 40
12 47 80
12 48 40
12 49 40
12 50 80
12 51 60
12 52 30
12 53 30
12 54 80
12 55 60
12 56 30
12 57 40
12 58 30
12 59 80
12 60 40
12 61 80
12 62 30
12 63 40
12 64 30
12 65 30
12 66 60
12 67 80
12 68 30
12 69 40
12 70 60
12 71 60
12 72 40
12 73 60
12 74 80
12 75 80
12 76 80
12 77 60
12 78 30
12 79 60
12 80 40
12 81 80
12 82 40
12 83 60
12 84 30
13 0 30
13 1 30
13 2 30
13 3 60
13 4 40
13 5 80
13 6 30
13 7 80
13 8 80
13 9 80
13 10 80
13 11 80
13 12 80
13 14 80
13 15 40
13 16 80
13 17 40
13 18 80
13 19 60
13 20 30
13 21 30
13 22 30
13 23 30
13 24 40
13 25 30
13 26 80
13 27 40
13 28 40
13 29 30
13 30 40
13 31 60
13 32 60
13 33 40
13 34 40
13 35 60
13 36 80
13 37 60
13 38 30
13 39 60
13 40 40
13 41 30
13 42 60
13 43 30
13 44 40
13 45 30
13 46 60
13 47 80
13 48 40
13 49 60
13 50 30
13 51 80
13 52 30
13 53 60
13 54 60
13 55 30
13 56 80
13 57 80
13 58 30
13 59 80
13 60 60
13 61 40
13 62 40
13 63 60
13 64 30
13 65 40
13 66 40
13 67 80
13 68 60
13 69 60
13 70 60
13 71 30
13 72 80
13 73 60
13 74 30
13 75 60
13 76 60
13 77 30
13 78 80
13 79 30
13 80 30
13 81 40
13 82 40
13 83 40
13 84 30
14 0 60
14 1 80
14 2 60
14 3 40
14 4 80
14 5 60
14 6 40
14 7 40
14 8 60
14 9 80
14 10 40
14 11 30
14 12 80
14 13 40
14 15 80
14 16 60
14 17 80
14 18 60
14 19 60
14 20 40
14 21 60
14 22 60
14 23 40
14 24 40
14 25 40
14 26 40
14 27 80
14 28 80
14 29 80
14 30 80
14 31 60
14 32 30
14 33 30
14 34 60
14 35 60
14 36 80
14 37 60
14 38 40
14 39 60
14 40 60
14 41 30
14 42 40
14 43 80
14 44 30
14 45 80
14 46 30
14 47 40
14 48 40
14 49 30
14 50 80
14 51 60
14 52 60
14 53 80
14 54 80
14 55 40
14 56 40
14 57 80
14 58 80
14 59 40
14 60 40
14 61 60
14 62 30
14 63 80
14 64 80
14 65 60
14 66 80
14 67 30
14 68 40
14 69 40
14 70 80
14 71 30
14 72 80
14 73 40
14 74 40
14 75 80
14 76 40
14 77 80
14 78 80
14 79 80
14 80 60
14 81 30
14 82 30
14 83 80
14 84 60
15 0 80
15 1 40
15 2 80
15 3 40
15 4 30
15 5 40
15 6 30
15 7 40
15 8 60
15 9 80
15 10 30
15 11 40
15 12 80
15 13 40
15 14 30
15 16 30
15 17 40
15 18 80
15 19 30
15 20 60
15 21 60
15 22 60
15 23 40
15 24 30
15 25 60
15 26 60
15 27 30
15 28 30
15 29 80
15 30 40
15 31 30
15 32 40
15 33 30
15 34 60
15 35 40
15 36 60
15 37 30
15 38 80
15 39 60
15 40 40
15 41 60
15 42 30
15 43 30
15 44 80
15 45 60
15 46 30
15 47 60
15 48 40
15 49 60
15 50 80
15 51 30
15 52 60
15 53 60
15 54 60
15 55 80
15 56 30
15 57 60
15 58 60
15 59 80
15 60 40
15 61 40
15 62 40
15 63 60
15 64 80
15 65 30
15 66 60
15 67 40
15 68 80
15 69 80
15 70 60
15 71 60
15 72 40
15 73 60
15 74 40
15 75 60
15 76 40
15 77 60
15 78 30
15 79 80
15 80 60
15 81 80
15 82 80
15 83 80
15 84 60
16 0 30
16 1 60
16 2 30
16 3 80
16 4 60
16 5 40
16 6 60
16 7 60
16 8 80
16 9 40
16 10 80
16 11 60
16 12 30
16 13 40
16 14 40
16 15 40
16 17 40
16 18 80
16 19 80
16 20 40
16 21 40
16 22 60
16 23 60
16 24 30
16 25 30
16 26 30
16 27 40
16 28 40
16 29 80
16 30 60
16 31 80
16 32 60
16 33 30
16 34 30
16 35 30
16 36 80
16 37 30
16 38 40
16 39 40
16 40 80
16 41 80
16 42 40
16 43 80
16 44 30
16 45 40
16 46 80
16 47 60
16 48 60
16 49 80
16 50 60
16 51 80
16 52 80
16 53 80
16 54 60
16 55 80
16 56 40
16 57 80
16 58 30
16 59 60
16 60 60
16 61 80
16 62 30
16 63 30
16 64 80
16 65 40
16 66 60
16 67 40
16 68 30
16 69 60
16 70 60
16 71 60
16 72 40
16 73 30
16 74 60
16 75 60
16 76 80
16 77 40
16 78 40
16 79 40
16 80 80
16 81 30
16 82 40
16 83 40
16 84 30
17 0 30
17 1 80
17 2 80
17 3 30
17 4 80
17 5 30
17 6 40
17 7 30
17 8 80
17 9 40
17 10 80
17 11 60
17 12 40
17 13 30
17 14 60
17 15 80
17 16 30
17 18 40
17 19 80
17 20 30
17 21 40
17 22 80
17 23 40
17 24 60
17 25 60
17 26 80
17 27 60
17 28 40
17 29 40
17 30 80
17 31 60
17 32 60
17 33 60
17 34 80
17 35 80
17 36 40
17 37 40
17 38 80
17 39 60
17 40 30
17 41 80
17 42 60
17 43 80
17 44 40
17 45 60
17 46 30
17 47 60
17 48 80
17 49 60
17 50 30
17 51 30
17 52 60
17 53 60
17 54 60
17 55 60
17 56 80
17 57 40
17 58 60
17 59 40
17 60 30
17 61 60
17 62 80
17 63 40
17 64 60
17 65 40
17 66 40
17 67 80
17 68 80
17 69 40
17 70 40
17 71 30
17 72 30
17 73 60
17 74 60
17 75 40
17 76 60
17 77 40
17 78 60
17 79 30
17 80 40
17 81 60
17 82 60
17 83 30
17 84 80
18 0 40
18 1 30
18 2 40
18 3 30
18 4 60
18 5 40
18 6 40
18 7 30
18 8 60
18 9 30
18 10 80
18 11 60
18 12 40
18 13 60
18 14 80
18 15 60
18 16 60
18 17 60
18 19 30
18 20 80
18 21 30
18 22 80
18 23 30
18 24 30
18 25 60
18 26 80
18 27 30
18 28 30
18 29 30
18 30 80
18 31 60
18 32 40
18 33 30
18 34 60
18 35 80
18 36 40
18 37 40
18 38 30
18 39 30
18 40 60
18 41 40
18 42 80
18 43 80
18 44 60
18 45 80
18 46 30
18 47 60
18 48 60
18 49 30
18 50 30
18 51 30
18 52 30
18 53 80
18 54 60
18 55 40
18 56 30
18 57 80
18 58 80
18 59 80
18 60 40
18 61 80
18 62 80
18 63 40
18 64 60
18 65 30
18 66 60
18 67 40
18 68 60
18 69 80
18 70 60
18 71 80
18 72 30
18 73 30
18 74 60
18 75 60
18 76 80
18 77 40
18 78 80
18 79 30
18 80 60
18 81 80
18 82 30
18 83 40
18 84 40
19 0 40
19 1 60
19 2 60
19 3 80
19 4 40
19 5 40
19 6 60
19 7 80
19 8 30
19 9 60
19 10 30
19 11 40
19 12 80
19 13 30
19 14 80
19 15 80
19 16 30
19 17 80
19 18 80
19 20 30
19 21 30
19 22 30
19 23 30
19 24 40
19 25 60
19 26 60
19 27 40
19 28 40
19 29 40
19 30 30
19 31 80
19 32 60
19 33 30
19 34 30
19 35 30
19 36 60
19 37 60
19 38 80
19 39 30
19 40 60
19 41 80
19 42 60
19 43 40
19 44 80
19 45 40
19 46 30
19 47 30
19 48 30
19 49 40
19 50 30
19 51 30
19 52 30
19 53 60
19 54 80
19 55 80
19 56 30
19 57 60
19 58 40
19 59 80
19 60 40
19 61 30
19 62 60
19 63 40
19 64 80
19 65 60
19 66 60
19 67 80
19 68 60
19 69 80
19 70 30
19 71 30
19 72 80
19 73 80
19 74 60
19 75 60
19 76 80
19 77 40
19 78 30
19 79 80
19 80 40
19 81 40
19 82 60
19 83 60
19 84 30
20 0 60
20 1 40
20 2 80
20 3 40
20 4 30
20 5 30
20 6 40
20 7 80
20 8 60
20 9 60
20 10 40
20 11 40
20 12 80
20 13 40
20 14 40
20 15 40
20 16 80
20 17 80
20 18 30
20 19 30
20 21 40
20 22 60
20 23 40
20 24 60
20 25 30
20 26 80
20 27 30
20 28 40
20 29 60
20 30 60
20 31 60
20 32 30
20 33 40
20 34 40
20 35 60
20 36 30
20 37 60
20 38 60
20 39 80
20 40 40
20 41 30
20 42 40
20 43 30
20 44 80
20 45 80
20 46 80
20 47 40
20 48 30
20 49 60
20 50 60
20 51 80
20 52 30
20 53 80
20 54 60
20 55 80
20 56 60
20 57 40
20 58 60
20 59 80
20 60 80
20 61 40
20 62 30
20 63 60
20 64 80
20 65 80
20 66 30
20 67 30
20 68 40
20 69 30
20 70 40
20 71 30
20 72 40
20 73 80
20 74 60
20 75 30
20 76 80
20 77 60
20 78 80
20 79 80
20 80 30
20 81 40
20 82 80
20 83 80
20 84 60
21 0 30
21 1 60
21 2 60
21 3 40
21 4 60
21 5 30
21 6 80
21 7 40
21 8 40
21 9 80
21 10 30
21 11 30
21 12 30
21 13 40
21 14 60
21 15 60
21 16 40
21 17 40
21 18 80
21 19 80
21 20 30
21 22 40
21 23 80
21 24 80
21 25 30
21 26 80
21 27 30
21 28 80
21 29 60
21 30 30
21 31 30
21 32 80
21 33 80
21 34 60
21 35 40
21 36 60
21 37 60
21 38 30
21 39 30
21 40 60
21 41 80
21 42 80
21 43 80
21 44 30
21 45 30
21 46 40
21 47 40
21 48 80
21 49 80
21 50 30
21 51 30
21 52 80
21 53 40
21 54 80
21 55 40
21 56 60
21 57 60
21 58 40
21 59 80
21 60 80
21 61 40
21 62 30
21 63 40
21 64 80
21 65 80
21 66 30
21 67 40
21 68 80
21 69 40
21 70 60
21 71 40
21 72 40
21 73 30
21 74 30
21 75 30
21 76 60
21 77 80
21 78 40
21 79 40
21 80 40
21 81 30
21 82 80
21 83 30
21 84 40
22 0 40
22 1 60
22 2 30
22 3 30
22 4 30
22 5 30
22 6 80
22 7 40
22 8 60
22 9 30
22 10 40
22 11 60
22 12 30
22 13 60
22 14 80
22 15 30
22 16 80
22 17 30
22 18 40
22 19 80
22 20 30
22 21 80
22 23 30
22 24 40
22 25 80
22 26 30
22 27 60
22 28 80
22 29 60
22 30 80
22 31 30
22 32 30
22 33 30
22 34 40
22 35 40
22 36 30
22 37 80
22 38 40
22 39 60
22 40 60
22 41 30
22 42 40
22 43 80
22 44 60
22 45 30
22 46 30
22 47 60
22 48 60
22 49 80
22 50 80
22 51 30
22 52 30
22 53 30
22 54 80
22 55 40
22 56 80
22 57 30
22 58 30
22 59 80
22 60 30
22 61 40
22 62 80
22 63 80
22 64 80
22 65 80
22 66 40
22 67 80
22 68 80
22 69 80
22 70 40
22 71 30
22 72 30
22 73 80
22 74 60
22 75 60
22 76 40
22 77 80
22 78 30
22 79 40
22 80 40
22 81 60
22 82 40
22 83 30
22 84 80
23 0 40
23 1 40
23 2 30
23 3 80
23 4 60
23 5 60
23 6 40
23 7 60
23 8 60
23 9 80
23 10 30
23 11 60
23 12 60
23 13 80
23 14 80
23 15 80
23 16 80
23 17 60
23 18 60
23 19 80
23 20 30
23 21 30
23 22 40
23 24 80
23 25 40
23 26 40
23 27 80
23 28 40
23 29 80
23 30 40
23 31 30
23 32 40
23 33 80
23 34 60
23 35 40
23 36 60
23 37 30
23 38 80
23 39 40
23 40 40
23 41 40
23 42 30
23 43 40
23 44 40
23 45 30
23 46 60
23 47 60
23 48 80
23 49 80
23 50 30
23 51 40
23 52 60
23 53 40
23 54 80
23 55 30
23 56 30
23 57 60
23 58 80
23 59 40
23 60 80
23 61 40
23 62 80
23 63 80
23 64 30
23 65 80
23 66 40
23 67 40
23 68 30
23 69 40
23 70 80
23 71 40
23 72 80
23 73 60
23 74 40
23 75 30
23 76 80
23 77 40
23 78 40
23 79 80
23 80 30
23 81 80
23 82 60
23 83 60
23 84 40
24 0 40
24 1 60
24 2 40
24 3 30
24 4 40
24 5 60
24 6 40
24 7 40
24 8 30
24 9 40
24 10 40
24 11 80
24 12 60
24 13 30
24 14 40
24 15 30
24 16 60
24 17 80
24 18 60
24 19 40
24 20 60
24 21 40
24 22 30
24 23 60
24 25 30
24 26 40
24 27 30
24 28 60
24 29 60
24 30 60
24 31 30
24 32 80
24 33 60
24 34 30
24 35 30
24 36 80
24 37 80
24 38 80
24 39 80
24 40 30
24 41 30
24 42 60
24 43 60
24 44 60
24 45 60
24 46 80
24 47 30
24 48 30
24 49 30
24 50 60
24 51 30
24 52 30
24 53 40
24 54 80
24 55 40
24 56 30
24 57 40
24 58 40
24 59 40
24 60 40
24 61 40
24 62 60
24 63 40
24 64 40
24 65 40
24 66 60
24 67 40
24 68 40
24 69 60
24 70 40
24 71 80
24 72 60
24 73 30
24 74 30
24 75 80
24 76 40
24 77 80
24 78 60
24 79 80
24 80 40
24 81 60
24 82 80
24 83 30
24 84 80
25 0 30
25 1 30
25 2 60
25 3 80
25 4 60
25 5 40
25 6 30
25 7 40
25 8 30
25 9 30
25 10 60
25 11 40
25 12 60
25 13 30
25 14 40
25 15 60
25 16 30
25 17 60
25 18 40
25 19 80
25 20 40
25 21 60
25 22 40
25 23 30
25 24 30
25 26 40
25 27 40
25 28 80
25 29 40
25 30 40
25 31 30
25 32 40
25 33 60
25 34 40
25 35 40
25 36 60
25 37 40
25 38 80
25 39 60
25 40 30
25 41 80
25 42 60
25 43 60
25 44 40
25 45 40
25 46 30
25 47 60
25 48 80
25 49 40
25 50 40
25 51 30
25 52 40
25 53 40
25 54 80
25 55 40
25 56 80
25 57 40
25 58 80
25 59 60
25 60 40
25 61 60
25 62 60
25 63 30
25 64 40
25 65 40
25 66 60
25 67 40
25 68 30
25 69 80
25 70 30
25 71 80
25 72 40
25 73 80
25 74 80
25 75 60
25 76 30
25 77 60
25 78 30
25 79 40
25 80 60
25 81 60
25 82 40
25 83 80
25 84 80
26 0 60
26 1 80
26 2 30
26 3 80
26 4 40
26 5 80
26 6 60
26 7 80
26 8 40
26 9 40
26 10 80
26 11 40
26 12 30
26 13 40
26 14 80
26 15 40
26 16 60
26 17 30
26 18 80
26 19 80
26 20 40
26 21 40
26 22 80
26 23 30
26 24 40
26 25 60
26 27 30
26 28 40
26 29 60
26 30 30
26 31 40
26 32 40
26 33 40
26 34 30
26 35 60
26 36 30
26 37 80
26 38 60
26 39 60
26 40 60
26 41 30
26 42 40
26 43 60
26 44 40
26 45 30
26 46 80
26 47 80
26 48 80
26 49 60
26 50 80
26 51 30
26 52 40
26 53 80
26 54 30
26 55 40
26 56 30
26 57 40
26 58 60
26 59 30
26 60 60
26 61 80
26 62 80
26 63 80
26 64 30
26 65 60
26 66 80
26 67 30
26 68 60
26 69 30
26 70 80
26 71 80
26 72 40
26 73 30
26 74 80
26 75 80
26 76 80
26 77 80
26 78 30
26 79 80
26 80 40
26 81 30
26 82 80
26 83 60
26 84 80
27 0 80
27 1 30
27 2 60
27 3 80
27 4 40
27 5 60
27 6 30
27 7 30
27 8 80
27 9 80
27 10 60
27 11 60
27 12 30
27 13 60
27 14 80
27 15 30
27 16 80
27 17 60
27 18 40
27 19 40
27 20 30
27 21 80
27 22 60
27 23 60
27 24 40
27 25 80
27 26 30
27 28 60
27 29 60
27 30 80
27 31 30
27 32 30
27 33 40
27 34 80
27 35 40
27 36 80
27 37 30
27 38 40
27 39 40
27 40 80
27 41 30
27 42 80
27 43 40
27 44 40
27 45 30
27 46 60
27 47 30
27 48 80
27 49 30
27 50 30
27 51 80
27 52 80
27 53 80
27 54 80
27 55 80
27 56 40
27 57 60
27 58 40
27 59 80
27 60 60
27 61 40
27 62 60
27 63 60
27 64 30
27 65 80
27 66 80
27 67 60
27 68 30
27 69 60
27 70 30
27 71 40
27 72 40
27 73 40
27 74 80
27 75 30
27 76 60
27 77 30
27 78 30
27 79 40
27 80 60
27 81 60
27 82 60
27 83 40
27 84 80
28 0 60
28 1 80
28 2 30
28 3 40
28 4 30
28 5 60
28 6 40
28 7 60
28 8 80
28 9 40
28 10 30
28 11 30
28 12 30
28 13 40
28 14 40
28 15 60
28 16 80
28 17 30
28 18 30
28 19 60
28 20 60
28 21 80
28 22 60
28 23 60
28 24 30
28 25 80
28 26 80
28 27 60
28 29 80
28 30 40
28 31 60
28 32 60
28 33 60
28 34 30
28 35 60
28 36 80
28 37 40
28 38 40
28 39 30
28 40 30
28 41 40
28 42 60
28 43 30
28 44 80
28 45 30
28 46 40
28 47 40
28 48 40
28 49 60
28 50 80
28 51 80
28 52 60
28 53 60
28 54 60
28 55 80
28 56 40
28 57 80
28 58 80
28 59 40
28 60 80
28 61 60
28 62 40
28 63 80
28 64 60
28 65 60
28 66 30
28 67 60
28 68 30
28 69 30
28 70 40
28 71 40
28 72 60
28 73 30
28 74 80
28 75 30
28 76 30
28 77 80
28 78 60
28 79 40
28 80 40
28 81 60
28 82 60
28 83 30
28 84 40
29 0 30
29 1 40
29 2 30
29 3 40
29 4 60
29 5 30
29 6 30
29 7 40
29 8 30
29 9 80
29 10 30
29 11 30
29 12 60
29 13 30
29 14 60
29 15 30
29 16 60
29 17 30
29 18 30
29 19 30
29 20 60
29 21 60
29 22 80
29 23 30
29 24 80
29 25 30
29 26 60
29 27 80
29 28 30
29 30 30
29 31 80
29 32 60
29 33 80
29 34 40
29 35 80
29 36 60
29 37 30
29 38 80
29 39 60
29 40 80
29 41 40
29 42 30
29 43 60
29 44 80
29 45 40
29 46 60
29 47 30
29 48 80
29 49 60
29 50 40
29 51 40
29 52 80
29 53 60
29 54 30
29 55 30
29 56 40
29 57 40
29 58 80
29 59 30
29 60 40
29 61 80
29 62 80
29 63 80
29 64 60
29 65 80
29 66 80
29 67 80
29 68 80
29 69 40
29 70 80
29 71 40
29 72 60
29 73 80
29 74 30
29 75 80
29 76 80
29 77 30
29 78 40
29 79 80
29 80 40
29 81 80
29 82 30
29 83 80
29 84 60
30 0 60
30 1 80
30 2 30
30 3 80
30 4 60
30 5 30
30 6 80
30 7 40
30 8 60
30 9 60
30 10 30
30 11 30
30 12 80
30 13 60
30 14 60
30 15 40
30 16 40
30 17 30
30 18 30
30 19 40
30 20 40
30 21 80
30 22 60
30 23 80
30 24 80
30 25 80
30 26 30
30 27 60
30 28 60
30 29 30
30 31 40
30 32 80
30 33 60
30 34 60
30 35 30
30 36 80
30 37 60
30 38 60
30 39 40
30 40 80
30 41 40
30 42 60
30 43 40
30 44 40
30 45 30
30 46 30
30 47 60
30 48 60
30 49 30
30 50 40
30 51 30
30 52 60
30 53 80
30 54 40
30 55 30
30 56 80
30 57 80
30 58 30
30 59 80
30 60 60
30 61 40
30 62 40
30 63 60
30 64 80
30 65 60
30 66 80
30 67 60
30 68 30
30 69 80
30 70 40
30 71 80
30 72 40
30 73 80
30 74 60
30 75 40
30 76 30
30 77 40
30 78 80
30 79 80
30 80 80
30 81 80
30 82 80
30 83 80
30 84 60
31 0 60
31 1 80
31 2 40
31 3 30
31 4 30
31 5 40
31 6 30
31 7 40
31 8 80
31 9 60
31 10 80
31 11 30
31 12 30
31 13 60
31 14 80
31 15 30
31 16 80
31 17 30
31 18 40
31 19 60
31 20 30
31 21 80
31 22 60
31 23 30
31 24 60
31 25 40
31 26 40
31 27 60
31 28 80
31 29 80
31 30 80
31 32 60
31 33 80
31 34 40
31 35 40
31 36 60
31 37 60
31 38 80
31 39 40
31 40 40
31 41 40
31 42 40
31 43 80
31 44 60
31 45 30
31 46 60
31 47 80
31 48 30
31 49 40
31 50 40
31 51 80
31 52 30
31 53 40
31 54 80
31 55 40
31 56 30
31 57 30
31 58 60
31 59 80
31 60 80
31 61 80
31 62 60
31 63 40
31 64 40
31 65 30
31 66 30
31 67 60
31 68 80
31 69 60
31 70 30
31 71 40
31 72 40
31 73 80
31 74 80
31 75 40
31 76 60
31 77 40
31 78 60
31 79 40
31 80 40
31 81 80
31 82 60
31 83 80
31 84 40
32 0 80
32 1 80
32 2 40
32 3 40
32 4 30
32 5 60
32 6 80
32 7 30
32 8 60
32 9 30
32 10 80
32 11 30
32 12 60
32 13 60
32 14 40
32 15 40
32 16 40
32 17 80
32 18 30
32 19 40
32 20 60
32 21 80
32 22 60
32 23 60
32 24 60
32 25 30
32 26 80
32 27 80
32 28 80
32 29 80
32 30 40
32 31 60
32 33 40
32 34 80
32 35 30
32 36 60
32 37 30
32 38 40
32 39 60
32 40 40
32 41 30
32 42 30
32 43 30
32 44 60
32 45 80
32 46 60
32 47 40
32 48 60
32 49 30
32 50 40
32 51 40
32 52 40
32 53 60
32 54 80
32 55 30
32 56 30
32 57 30
32 58 60
32 59 60
32 60 80
32 61 60
32 62 40
32 63 60
32 64 60
32 65 80
32 66 30
32 67 40
32 68 60
32 69 60
32 70 80
32 71 60
32 72 40
32 73 60
32 74 30
32 75 60
32 76 80
32 77 40
32 78 30
32 79 40
32 80 40
32 81 30
32 82 80
32 83 30
32 84 60
33 0 80
33 1 40
33 2 40
33 3 30
33 4 30
33 5 40
33 6 40
33 7 60
33 8 60
33 9 30
33 10 40
33 11 80
33 12 80
33 13 60
33 14 80
33 15 80
33 16 60
33 17 40
33 18 60
33 19 80
33 20 80
33 21 80
33 22 30
33 23 40
33 24 60
33 25 80
33 26 40
33 27 30
33 28 40
33 29 30
33 30 60
33 31 80
33 32 40
33 34 30
33 35 30
33 36 60
33 37 60
33 38 40
33 39 60
33 40 40
33 41 60
33 42 60
33 43 30
33 44 60
33 45 40
33 46 80
33 47 40
33 48 80
33 49 60
33 50 40
33 51 60
33 52 80
33 53 30
33 54 30
33 55 30
33 56 30
33 57 60
33 58 80
33 59 30
33 60 40
33 61 60
33 62 40
33 63 30
33 64 30
33 65 30
33 66 80
33 67 60
33 68 60
33 69 80
33 70 60
33 71 80
33 72 80
33 73 60
33 74 60
33 75 60
33 76 30
33 77 30
33 78 60
33 79 40
33 80 80
33 81 40
33 82 40
33 83 80
33 84 60
34 0 40
34 1 30
34 2 40
34 3 80
34 4 30
34 5 30
34 6 40
34 7 60
34 8 60
34 9 60
34 10 30
34 11 60
34 12 60
34 13 30
34 14 60
34 15 80
34 16 40
34 17 60
34 18 30
34 19 60
34 20 30
34 21 30
34 22 30
34 23 40
34 24 60
34 25 40
34 26 80
34 27 60
34 28 80
34 29 60
34 30 30
34 31 30
34 32 30
34 33 60
34 35 80
34 36 80
34 37 40
34 38 40
34 39 40
34 40 60
34 41 60
34 42 80
34 43 40
34 44 30
34 45 30
34 46 80
34 47 30
34 48 80
34 49 80
34 50 40
34 51 60
34 52 40
34 53 60
34 54 60
34 55 60
34 56 60
34 57 80
34 58 80
34 59 40
34 60 60
34 61 80
34 62 60
34 63 30
34 64 60
34 65 80
34 66 60
34 67 60
34 68 30
34 69 40
34 70 30
34 71 40
34 72 30
34 73 60
34 74 40
34 75 80
34 76 40
34 77 60
34 78 80
34 79 80
34 80 40
34 81 40
34 82 80
34 83 40
34 84 40
35 0 60
35 1 40
35 2 60
35 3 60
35 4 30
35 5 80
35 6 40
35 7 30
35 8 30
35 9 60
35 10 40
35 11 40
35 12 80
35 13 30
35 14 60
35 15 80
35 16 30
35 17 40
35 18 80
35 19 40
35 20 40
35 21 30
35 22 80
35 23 60
35 24 30
35 25 30
35 26 60
35 27 80
35 28 30
35 29 40
35 30 30
35 31 60
35 32 30
35 33 60
35 34 40
35 36 30
35 37 60
35 38 30
35 39 30
35 40 30
35 41 60
35 42 30
35 43 40
35 44 30
35 45 80
35 46 40
35 47 40
35 48 60
35 49 80
35 50 30
35 51 60
35 52 40
35 53 30
35 54 60
35 55 40
35 56 30
35 57 80
35 58 40
35 59 80
35 60 80
35 61 60
35 62 80
35 63 80
35 64 60
35 65 60
35 66 40
35 67 60
35 68 30
35 69 60
35 70 30
35 71 30
35 72 30
35 73 80
35 74 40
35 75 80
35 76 40
35 77 80
35 78 40
35 79 40
35 80 30
35 81 80
35 82 30
35 83 30
35 84 60
36 0 30
36 1 80
36 2 30
36 3 30
36 4 40
36 5 40
36 6 40
36 7 60
36 8 40
36 9 30
36 10 60
36 11 30
36 12 30
36 13 80
36 14 30
36 15 40
36 16 40
36 17 30
36 18 40
36 19 80
36 20 60
36 21 80
36 22 30
36 23 80
36 24 60
36 25 30
36 26 60
36 27 30
36 28 40
36 29 60
36 30 60
36 31 60
36 32 40
36 33 60
36 34 80
36 35 40
36 37 60
36 38 30
36 39 40
36 40 40
36 41 60
36 42 40
36 43 60
36 44 80
36 45 40
36 46 40
36 47 60
36 48 60
36 49 30
36 50 60
36 51 40
36 52 40
36 53 30
36 54 80
36 55 60
36 56 30
36 57 60
36 58 80
36 59 30
36 60 40
36 61 30
36 62 40
36 63 80
36 64 60
36 65 40
36 66 40
36 67 30
36 68 60
36 69 30
36 70 30
36 71 40
36 72 40
36 73 40
36 74 80
36 75 80
36 76 30
36 77 30
36 78 30
36 79 60
36 80 80
36 81 80
36 82 60
36 83 60
36 84 80
37 0 30
37 1 60
37 2 30
37 3 40
37 4 60
37 5 30
37 6 40
37 7 40
37 8 60
37 9 60
37 10 60
37 11 30
37 12 30
37 13 30
37 14 60
37 15 60
37 16 60
37 17 80
37 18 40
37 19 80
37 20 80
37 21 60
37 22 80
37 23 40
37 24 80
37 25 40
37 26 40
37 27 30
37 28 60
37 29 40
37 30 80
37 31 40
37 32 40
37 33 60
37 34 80
37 35 80
37 36 60
37 38 60
37 39 60
37 40 40
37 41 40
37 42 40
37 43 30
37 44 60
37 45 40
37 46 30
37 47 40
37 48 40
37 49 40
37 50 30
37 51 30
37 52 80
37 53 30
37 54 40
37 55 30
37 56 80
37 57 60
37 58 80
37 59 30
37 60 30
37 61 60
37 62 80
37 63 30
37 64 60
37 65 40
37 66 40
37 67 60
37 68 30
37 69 60
37 70 30
37 71 30
37 72 30
37 73 30
37 74 30
37 75 80
37 76 30
37 77 80
37 78 60
37 79 40
37 80 40
37 81 30
37 82 40
37 83 80
37 84 30
38 0 80
38 1 30
38 2 80
38 3 30
38 4 40
38 5 40
38 6 80
38 7 30
38 8 80
38 9 80
38 10 30
38 11 80
38 12 80
38 13 30
38 14 80
38 15 30
38 16 40
38 17 40
38 18 80
38 19 80
38 20 80
38 21 80
38 22 30
38 23 60
38 24 80
38 25 80
38 26 30
38 27 80
38 28 40
38 29 40
38 30 60
38 31 60
38 32 40
38 33 60
38 34 40
38 35 30
38 36 40
38 37 60
38 39 40
38 40 30
38 41 30
38 42 60
38 43 40
38 44 30
38 45 80
38 46 30
38 47 60
38 48 30
38 49 40
38 50 40
38 51 30
38 52 60
38 53 30
38 54 40
38 55 80
38 56 30
38 57 40
38 58 80
38 59 60
38 60 60
38 61 60
38 62 30
38 63 40
38 64 60
38 65 40
38 66 60
38 67 40
38 68 40
38 69 40
38 70 40
38 71 60
38 72 60
38 73 60
38 74 80
38 75 40
38 76 60
38 77 80
38 78 80
38 79 80
38 80 80
38 81 80
38 82 80
38 83 40
38 84 40
39 0 30
39 1 60
39 2 40
39 3 60
39 4 30
39 5 40
39 6 30
39 7 80
39 8 80
39 9 30
39 10 60
39 11 40
39 12 60
39 13 60
39 14 80
39 15 60
39 16 80
39 17 80
39 18 80
39 19 60
39 20 30
39 21 60
39 22 40
39 23 30
39 24 80
39 25 80
39 26 60
39 27 60
39 28 40
39 29 80
39 30 80
39 31 30
39 32 80
39 33 80
39 34 40
39 35 60
39 36 60
39 37 80
39 38 80
39 40 30
39 41 30
39 42 40
39 43 60
39 44 80
39 45 40
39 46 40
39 47 80
39 48 40
39 49 40
39 50 30
39 51 40
39 52 40
39 53 60
39 54 40
39 55 40
39 56 60
39 57 80
39 58 60
39 59 40
39 60 80
39 61 40
39 62 40
39 63 40
39 64 80
39 65 60
39 66 60
39 67 80
39 68 60
39 69 40
39 70 40
39 71 30
39 72 40
39 73 80
39 74 40
39 75 40
39 76 80
39 77 80
39 78 80
39 79 80
39 80 30
39 81 40
39 82 40
39 83 30
39 84 40
40 0 30
40 1 30
40 2 40
40 3 60
40 4 30
40 5 60
40 6 60
40 7 30
40 8 80
40 9 40
40 10 80
40 11 40
40 12 30
40 13 40
40 14 40
40 15 80
40 16 40
40 17 30
40 18 40
40 19 40
40 20 60
40 21 40
40 22 60
40 23 40
40 24 30
40 25 80
40 26 30
40 27 30
40 28 30
40 29 30
40 30 60
40 31 60
40 32 40
40 33 80
40 34 30
40 35 40
40 36 60
40 37 40
40 38 80
40 39 60
40 41 80
40 42 40
40 43 30
40 44 60
40 45 30
40 46 30
40 47 80
40 48 60
40 49 30
40 50 80
40 51 80
40 52 80
40 53 60
40 54 60
40 55 30
40 56 60
40 57 60
40 58 40
40 59 80
40 60 30
40 61 60
40 62 40
40 63 60
40 64 40
40 65 40
40 66 30
40 67 40
40 68 30
40 69 80
40 70 40
40 71 30
40 72 60
40 73 30
40 74 40
40 75 40
40 76 60
40 77 40
40 78 30
40 79 30
40 80 80
40 81 40
40 82 80
40 83 30
40 84 60
41 0 60
41 1 40
41 2 80
41 3 80
41 4 60
41 5 40
41 6 80
41 7 30
41 8 80
41 9 60
41 10 40
41 11 60
41 12 80
41 13 60
41 14 30
41 15 80
41 16 40
41 17 40
41 18 80
41 19 30
41 20 30
41 21 40
41 22 80
41 23 80
41 24 40
41 25 60
41 26 80
41 27 80
41 28 60
41 29 60
41 30 40
41 31 80
41 32 30
41 33 40
41 34 80
41 35 60
41 36 60
41 37 30
41 38 40
41 39 60
41 40 30
41 42 40
41 43 40
41 44 30
41 45 40
41 46 40
41 47 30
41 48 30
41 49 40
41 50 60
41 51 80
41 52 80
41 53 80
41 54 80
41 55 40
41 56 40
41 57 80
41 58 30
41 59 30
41 60 30
41 61 40
41 62 80
41 63 80
41 64 80
41 65 60
41 66 60
41 67 60
41 68 60
41 69 60
41 70 80
41 71 40
41 72 30
41 73 40
41 74 60
41 75 40
41 76 80
41 77 40
41 78 80
41 79 40
41 80 30
41 81 80
41 82 60
41 83 40
41 84 30
42 0 80
42 1 60
42 2 30
42 3 80
42 4 40
42 5 60
42 6 40
42 7 60
42 8 40
42 9 30
42 10 40
42 11 40
42 12 40
42 13 80
42 14 60
42 15 40
42 16 30
42 17 80
42 18 60
42 19 60
42 20 80
42 21 60
42 22 80
42 23 40
42 24 40
42 25 30
42 26 30
42 27 40
42 28 30
42 29 80
42 30 60
42 31 60
42 32 60
42 33 40
42 34 30
42 35 80
42 36 30
42 37 60
42 38 40
42 39 40
42 40 60
42 41 80
42 43 30
42 44 60
42 45 80
42 46 80
42 47 80
42 48 30
42 49 30
42 50 40
42 51 60
42 52 30
42 53 80
42 54 40
42 55 30
42 56 30
42 57 80
42 58 80
42 59 30
42 60 60
42 61 30
42 62 40
42 63 30
42 64 80
42 65 60
42 66 40
42 67 80
42 68 40
42 69 60
42 70 30
42 71 80
42 72 40
42 73 80
42 74 80
42 75 40
42 76 40
42 77 80
42 78 30
42 79 30
42 80 30
42 81 30
42 82 30
42 83 60
42 84 30
43 0 80
43 1 80
43 2 40
43 3 40
43 4 40
43 5 30
43 6 40
43 7 60
43 8 80
43 9 80
43 10 80
43 11 40
43 12 40
43 13 40
43 14 60
43 15 80
43 16 30
43 17 30
43 18 60
43 19 30
43 20 80
43 21 40
43 22 60
43 23 30
43 24 60
43 25 40
43 26 40
43 27 80
43 28 40
43 29 40
43 30 80
43 31 60
43 32 30
43 33 40
43 34 60
43 35 40
43 36 30
43 37 40
43 38 80
43 39 30
43 40 40
43 41 80
43 42 30
43 44 30
43 45 30
43 46 60
43 47 40
43 48 30
43 49 80
43 50 60
43 51 30
43 52 30
43 53 80
43 54 40
43 55 30
43 56 80
43 57 80
43 58 60
43 59 40
43 60 40
43 61 60
43 62 40
43 63 40
43 64 30
43 65 80
43 66 30
43 67 60
43 68 30
43 69 80
43 70 60
43 71 40
43 72 80
43 73 60
43 74 80
43 75 80
43 76 60
43 77 80
43 78 60
43 79 80
43 80 30
43 81 80
43 82 80
43 83 40
43 84 80
44 0 40
44 1 30
44 2 80
44 3 60
44 4 60
44 5 60
44 6 40
44 7 30
44 8 80
44 9 60
44 10 60
44 11 60
44 12 30
44 13 30
44 14 80
44 15 40
44 16 60
44 17 40
44 18 60
44 19 40
44 20 40
44 21 30
44 22 30
44 23 30
44 24 80
44 25 30
44 26 60
44 27 60
44 28 80
44 29 30
44 30 30
44 31 80
44 32 30
44 33 30
44 34 80
44 35 40
44 36 60
44 37 80
44 38 40
44 39 60
44 40 60
44 41 40
44 42 40
44 43 30
44 45 60
44 46 80
44 47 60
44 48 60
44 49 60
44 50 80
44 51 60
44 52 40
44 53 40
44 54 60
44 55 30
44 56 60
44 57 60
44 58 30
44 59 40
44 60 60
44 61 80
44 62 80
44 63 80
44 64 30
44 65 30
44 66 60
44 67 80
44 68 30
44 69 80
44 70 80
44 71 80
44 72 80
44 73 30
44 74 60
44 75 60
44 76 60
44 77 40
44 78 30
44 79 40
44 80 80
44 81 30
44 82 60
44 83 60
44 84 80
45 0 30
45 1 40
45 2 60
45 3 40
45 4 40
45 5 30
45 6 30
45 7 30
45 8 30
45 9 60
45 10 30
45 11 60
45 12 80
45 13 60
45 14 30
45 15 40
45 16 40
45 17 30
45 18 30
45 19 80
45 20 60
45 21 60
45 22 80
45 23 80
45 24 60
45 25 40
45 26 30
45 27 40
45 28 40
45 29 60
45 30 40
45 31 80
45 32 30
45 33 30
45 34 80
45 35 40
45 36 80
45 37 40
45 38 40
45 39 30
45 40 60
45 41 60
45 42 80
45 43 30
45 44 30
45 46 30
45 47 40
45 48 80
45 49 80
45 50 80
45 51 60
45 52 80
45 53 40
45 54 60
45 55 60
45 56 40
45 57 30
45 58 40
45 59 80
45 60 40
45 61 80
45 62 80
45 63 80
45 64 30
45 65 30
45 66 80
45 67 40
45 68 60
45 69 60
45 70 40
45 71 60
45 72 40
45 73 30
45 74 60
45 75 30
45 76 30
45 77 80
45 78 60
45 79 30
45 80 40
45 81 60
45 82 80
45 83 80
45 84 30
46 0 40
46 1 40
46 2 60
46 3 80
46 4 80
46 5 80
46 6 30
46 7 40
46 8 40
46 9 60
46 10 30
46 11 80
46 12 80
46 13 80
46 14 30
46 15 30
46 16 40
46 17 30
46 18 80
46 19 60
46 20 30
46 21 80
46 22 60
46 23 60
46 24 80
46 25 60
46 26 80
46 27 40
46 28 80
46 29 40
46 30 80
46 31 40
46 32 60
46 33 40
46 34 30
46 35 30
46 36 60
46 37 60
46 38 30
46 39 40
46 40 30
46 41 60
46 42 30
46 43 30
46 44 40
46 45 60
46 47 60
46 48 40
46 49 80
46 50 80
46 51 40
46 52 40
46 53 40
46 54 40
46 55 80
46 56 60
46 57 30
46 58 30
46 59 80
46 60 60
46 61 80
46 62 30
46 63 40
46 64 80
46 65 40
46 66 80
46 67 40
46 68 30
46 69 60
46 70 60
46 71 80
46 72 60
46 73 40
46 74 40
46 75 30
46 76 40
46 77 60
46 78 40
46 79 40
46 80 40
46 81 60
46 82 40
46 83 80
46 84 80
47 0 80
47 1 60
47 2 80
47 3 80
47 4 60
47 5 30
47 6 60
47 7 40
47 8 60
47 9 40
47 10 80
47 11 80
47 12 40
47 13 40
47 14 30
47 15 30
47 16 60
47 17 60
47 18 40
47 19 40
47 20 30
47 21 80
47 22 40
47 23 40
47 24 80
47 25 60
47 26 60
47 27 40
47 28 80
47 29 80
47 30 30
47 31 30
47 32 80
47 33 80
47 34 30
47 35 30
47 36 80
47 37 80
47 38 80
47 39 60
47 40 30
47 41 30
47 42 80
47 43 40
47 44 60
47 45 30
47 46 80
47 48 40
47 49 60
47 50 80
47 51 30
47 52 80
47 53 40
47 54 30
47 55 60
47 56 40
47 57 80
47 58 40
47 59 40
47 60 40
47 61 60
47 62 30
47 63 80
47 64 40
47 65 30
47 66 40
47 67 60
47 68 30
47 69 40
47 70 80
47 71 80
47 72 40
47 73 60
47 74 30
47 75 80
47 76 40
47 77 30
47 78 40
47 79 30
47 80 80
47 81 60
47 82 30
47 83 80
47 84 30
48 0 40
48 1 40
48 2 40
48 3 80
48 4 40
48 5 30
48 6 40
48 7 60
48 8 80
48 9 30
48 10 40
48 11 60
48 12 60
48 13 60
48 14 80
48 15 40
48 16 60
48 17 80
48 18 30
48 19 60
48 20 60
48 21 40
48 22 80
48 23 40
48 24 60
48 25 60
48 26 60
48 27 30
48 28 80
48 29 60
48 30 30
48 31 40
48 32 60
48 33 40
48 34 60
48 35 40
48 36 80
48 37 80
48 38 40
48 39 40
48 40 80
48 41 40
48 42 30
48 43 80
48 44 80
48 45 30
48 46 60
48 47 80
48 49 80
48 50 40
48 51 30
48 52 60
48 53 30
48 54 60
48 55 80
48 56 80
48 57 60
48 58 80
48 59 40
48 60 80
48 61 80
48 62 30
48 63 60
48 64 30
48 65 30
48 66 30
48 67 60
48 68 80
48 69 30
48 70 80
48 71 60
48 72 60
48 73 60
48 74 40
48 75 30
48 76 30
48 77 80
48 78 30
48 79 30
48 80 30
48 81 60
48 82 60
48 83 80
48 84 30
49 0 30
49 1 60
49 2 40
49 3 60
49 4 60
49 5 60
49 6 40
49 7 80
49 8 60
49 9 30
49 10 30
49 11 80
49 12 30
49 13 80
49 14 80
49 15 80
49 16 40
49 17 30
49 18 30
49 19 40
49 20 60
49 21 30
49 22 40
49 23 40
49 24 40
49 25 40
49 26 60
49 27 60
49 28 80
49 29 80
49 30 60
49 31 40
49 32 60
49 33 80
49 34 40
49 35 30
49 36 60
49 37 40
49 38 40
49 39 80
49 40 80
49 41 40
49 42 60
49 43 30
49 44 80
49 45 60
49 46 30
49 47 80
49 48 40
49 50 30
49 51 40
49 52 60
49 53 40
49 54 30
49 55 30
49 56 40
49 57 30
49 58 40
49 59 80
49 60 40
49 61 40
49 62 40
49 63 40
49 64 80
49 65 80
49 66 80
49 67 30
49 68 30
49 69 80
49 70 80
49 71 80
49 72 80
49 73 40
49 74 60
49 75 60
49 76 30
49 77 80
49 78 30
49 79 80
49 80 60
49 81 40
49 82 60
49 83 60
49 84 40
50 0 40
50 1 60
50 2 30
50 3 60
50 4 80
50 5 30
50 6 60
50 7 40
50 8 40
50 9 40
50 10 40
50 11 80
50 12 30
50 13 30
50 14 80
50 15 40
50 16 40
50 17 80
50 18 80
50 19 80
50 20 60
50 21 30
50 22 40
50 23 80
50 24 60
50 25 30
50 26 80
50 27 80
50 28 60
50 29 30
50 30 40
50 31 80
50 32 60
50 33 80
50 34 80
50 35 60
50 36 60
50 37 60
50 38 80
50 39 40
50 40 60
50 41 60
50 42 60
50 43 60
50 44 60
50 45 80
50 46 80
50 47 80
50 48 80
50 49 40
50 51 30
50 52 40
50 53 60
50 54 60
50 55 80
50 56 30
50 57 40
50 58 80
50 59 60
50 60 80
50 61 30
50 62 80
50 63 80
50 64 80
50 65 40
50 66 30
50 67 60
50 68 80
50 69 40
50 70 40
50 71 30
50 72 40
50 73 80
50 74 40
50 75 30
50 76 30
50 77 60
50 78 80
50 79 30
50 80 80
50 81 60
50 82 40
50 83 60
50 84 80
51 0 60
51 1 60
51 2 60
51 3 60
51 4 30
51 5 30
51 6 80
51 7 60
51 8 80
51 9 80
51 10 60
51 11 80
51 12 80
51 13 60
51 14 60
51 15 60
51 16 60
51 17 40
51 18 40
51 19 80
51 20 60
51 21 30
51 22 30
51 23 40
51 24 30
51 25 40
51 26 80
51 27 30
51 28 40
51 29 30
51 30 80
51 31 30
51 32 30
51 33 60
51 34 60
51 35 80
51 36 60
51 37 60
51 38 30
51 39 60
51 40 80
51 41 80
51 42 80
51 43 60
51 44 30
51 45 80
51 46 80
51 47 60
51 48 80
51 49 40
51 50 80
51 52 80
51 53 30
51 54 80
51 55 80
51 56 30
51 57 80
51 58 80
51 59 80
51 60 40
51 61 40
51 62 80
51 63 30
51 64 30
51 65 60
51 66 30
51 67 40
51 68 40
51 69 60
51 70 60
51 71 60
51 72 30
51 73 40
51 74 60
51 75 60
51 76 30
51 77 60
51 78 40
51 79 60
51 80 80
51 81 60
51 82 30
51 83 60
51 84 80
52 0 60
52 1 60
52 2 60
52 3 60
52 4 30
52 5 80
52 6 60
52 7 30
52 8 30
52 9 30
52 10 80
52 11 60
52 12 30
52 13 40
52 14 40
52 15 60
52 16 30
52 17 80
52 18 60
52 19 60
52 20 80
52 21 40
52 22 30
52 23 40
52 24 60
52 25 80
52 26 60
52 27 60
52 28 80
52 29 80
52 30 40
52 31 60
52 32 40
52 33 40
52 34 40
52 35 30
52 36 80
52 37 40
52 38 80
52 39 40
52 40 30
52 41 60
52 42 80
52 43 60
52 44 80
52 45 40
52 46 60
52 47 60
52 48 40
52 49 60
52 50 80
52 51 40
52 53 40
52 54 30
52 55 30
52 56 80
52 57 30
52 58 30
52 59 80
52 60 80
52 61 30
52 62 30
52 63 60
52 64 40
52 65 80
52 66 80
52 67 80
52 68 40
52 69 30
52 70 30
52 71 60
52 72 60
52 73 80
52 74 30
52 75 40
52 76 80
52 77 80
52 78 30
52 79 30
52 80 40
52 81 80
52 82 80
52 83 80
52 84 40
53 0 30
53 1 80
53 2 80
53 3 80
53 4 40
53 5 40
53 6 40
53 7 80
53 8 60
53 9 60
53 10 30
53 11 60
53 12 30
53 13 30
53 14 60
53 15 30
53 16 30
53 17 60
53 18 80
53 19 30
53 20 40
53 21 80
53 22 80
53 23 30
53 24 60
53 25 80
53 26 30
53 27 80
53 28 60
53 29 80
53 30 80
53 31 80
53 32 80
53 33 80
53 34 30
53 35 80
53 36 30
53 37 60
53 38 80
53 39 60
53 40 80
53 41 80
53 42 60
53 43 60
53 44 60
53 45 80
53 46 60
53 47 80
53 48 60
53 49 30
53 50 60
53 51 40
53 52 60
53 54 30
53 55 80
53 56 60
53 57 30
53 58 60
53 59 60
53 60 80
53 61 60
53 62 60
53 63 30
53 64 80
53 65 30
53 66 30
53 67 80
53 68 40
53 69 40
53 70 80
53 71 60
53 72 40
53 73 60
53 74 80
53 75 60
53 76 60
53 77 80
53 78 80
53 79 40
53 80 30
53 81 60
53 82 40
53 83 40
53 84 60
54 0 80
54 1 80
54 2 40
54 3 40
54 4 30
54 5 60
54 6 60
54 7 40
54 8 30
54 9 60
54 10 30
54 11 80
54 12 80
54 13 30
54 14 60
54 15 60
54 16 60
54 17 40
54 18 30
54 19 40
54 20 80
54 21 30
54 22 80
54 23 30
54 24 60
54 25 60
54 26 60
54 27 60
54 28 30
54 29 30
54 30 60
54 31 30
54 32 80
54 33 40
54 34 80
54 35 80
54 36 80
54 37 30
54 38 30
54 39 80
54 40 40
54 41 60
54 42 60
54 43 80
54 44 60
54 45 80
54 46 80
54 47 30
54 48 40
54 49 30
54 50 40
54 51 30
54 52 30
54 53 80
54 55 60
54 56 30
54 57 30
54 58 60
54 59 40
54 60 80
54 61 80
54 62 30
54 63 30
54 64 60
54 65 80
54 66 30
54 67 30
54 68 40
54 69 60
54 70 30
54 71 40
54 72 30
54 73 60
54 74 80
54 75 40
54 76 60
54 77 40
54 78 80
54 79 30
54 80 40
54 81 40
54 82 30
54 83 30
54 84 80
55 0 30
55 1 30
55 2 80
55 3 30
55 4 30
55 5 80
55 6 40
55 7 40
55 8 80
55 9 30
55 10 40
55 11 30
55 12 80
55 13 40
55 14 30
55 15 80
55 16 30
55 17 60
55 18 30
55 19 30
55 20 60
55 21 80
55 22 80
55 23 60
55 24 60
55 25 30
55 26 40
55 27 80
55 28 30
55 29 40
55 30 40
55 31 30
55 32 80
55 33 40
55 34 30
55 35 80
55 36 30
55 37 40
55 38 30
55 39 30
55 40 60
55 41 60
55 42 40
55 43 40
55 44 80
55 45 30
55 46 30
55 47 30
55 48 60
55 49 60
55 50 80
55 51 60
55 52 30
55 53 40
55 54 40
55 56 30
55 57 40
55 58 40
55 59 30
55 60 40
55 61 40
55 62 80
55 63 40
55 64 40
55 65 60
55 66 40
55 67 30
55 68 60
55 69 60
55 70 30
55 71 80
55 72 30
55 73 30
55 74 60
55 75 30
55 76 80
55 77 30
55 78 60
55 79 80
55 80 40
55 81 40
55 82 60
55 83 30
55 84 30
56 0 30
56 1 80
56 2 80
56 3 60
56 4 60
56 5 60
56 6 80
56 7 40
56 8 40
56 9 30
56 10 80
56 11 60
56 12 40
56 13 30
56 14 30
56 15 40
56 16 60
56 17 80
56 18 80
56 19 60
56 20 80
56 21 40
56 22 30
56 23 80
56 24 60
56 25 60
56 26 80
56 27 40
56 28 40
56 29 80
56 30 80
56 31 30
56 32 40
56 33 40
56 34 30
56 35 80
56 36 80
56 37 60
56 38 60
56 39 80
56 40 60
56 41 40
56 42 30
56 43 30
56 44 60
56 45 80
56 46 40
56 47 80
56 48 30
56 49 40
56 50 80
56 51 80
56 52 30
56 53 60
56 54 40
56 55 80
56 57 80
56 58 80
56 59 60
56 60 30
56 61 60
56 62 60
56 63 30
56 64 30
56 65 80
56 66 80
56 67 60
56 68 30
56 69 40
56 70 60
56 71 80
56 72 80
56 73 60
56 74 30
56 75 30
56 76 60
56 77 60
56 78 60
56 79 60
56 80 60
56 81 80
56 82 30
56 83 40
56 84 60
57 0 40
57 1 80
57 2 40
57 3 30
57 4 30
57 5 60
57 6 30
57 7 60
57 8 60
57 9 40
57 10 60
57 11 60
57 12 80
57 13 30
57 14 30
57 15 30
57 16 80
57 17 80
57 18 30
57 19 30
57 20 80
57 21 30
57 22 80
57 23 60
57 24 30
57 25 60
57 26 40
57 27 30
57 28 30
57 29 80
57 30 40
57 31 40
57 32 60
57 33 40
57 34 80
57 35 60
57 36 40
57 37 30
57 38 60
57 39 60
57 40 30
57 41 60
57 42 60
57 43 60
57 44 30
57 45 40
57 46 40
57 47 60
57 48 60
57 49 30
57 50 80
57 51 30
57 52 80
57 53 60
57 54 60
57 55 30
57 56 40
57 58 40
57 59 40
57 60 40
57 61 30
57 62 30
57 63 60
57 64 60
57 65 40
57 66 80
57 67 30
57 68 60
57 69 80
57 70 80
57 71 40
57 72 40
57 73 80
57 74 60
57 75 30
57 76 40
57 77 60
57 78 60
57 79 40
57 80 80
57 81 40
57 82 40
57 83 60
57 84 30
58 0 60
58 1 80
58 2 30
58 3 40
58 4 60
58 5 30
58 6 30
58 7 60
58 8 60
58 9 80
58 10 60
58 11 30
58 12 60
58 13 80
58 14 80
58 15 80
58 16 40
58 17 60
58 18 80
58 19 30
58 20 30
58 21 60
58 22 60
58 23 40
58 24 80
58 25 80
58 26 30
58 27 80
58 28 60
58 29 60
58 30 40
58 31 40
58 32 40
58 33 40
58 34 40
58 35 60
58 36 30
58 37 60
58 38 60
58 39 40
58 40 80
58 41 80
58 42 40
58 43 40
58 44 40
58 45 40
58 46 60
58 47 40
58 48 80
58 49 40
58 50 80
58 51 40
58 52 30
58 53 60
58 54 80
58 55 40
58 56 60
58 57 80
58 59 80
58 60 60
58 61 80
58 62 30
58 63 60
58 64 60
58 65 40
58 66 80
58 67 80
58 68 60
58 69 40
58 70 80
58 71 30
58 72 40
58 73 40
58 74 30
58 75 80
58 76 40
58 77 30
58 78 80
58 79 30
58 80 80
58 81 30
58 82 40
58 83 80
58 84 80
59 0 40
59 1 30
59 2 60
59 3 40
59 4 80
59 5 80
59 6 40
59 7 80
59 8 40
59 9 30
59 10 80
59 11 80
59 12 80
59 13 60
59 14 40
59 15 30
59 16 60
59 17 60
59 18 60
59 19 30
59 20 30
59 21 80
59 22 60
59 23 30
59 24 40
59 25 60
59 26 80
59 27 40
59 28 30
59 29 80
59 30 40
59 31 40
59 32 80
59 33 60
59 34 40
59 35 40
59 36 40
59 37 30
59 38 60
59 39 40
59 40 30
59 41 60
59 42 30
59 43 30
59 44 60
59 45 40
59 46 60
59 47 60
59 48 30
59 49 80
59 50 80
59 51 80
59 52 30
59 53 60
59 54 30
59 55 30
59 56 40
59 57 80
59 58 40
59 60 40
59 61 60
59 62 30
59 63 80
59 64 80
59 65 30
59 66 80
59 67 60
59 68 80
59 69 60
59 70 30
59 71 40
59 72 80
59 73 80
59 74 60
59 75 30
59 76 40
59 77 30
59 78 60
59 79 60
59 80 30
59 81 30
59 82 40
59 83 30
59 84 80
60 0 30
60 1 60
60 2 40
60 3 40
60 4 40
60 5 60
60 6 80
60 7 60
60 8 80
60 9 60
60 10 30
60 11 60
60 12 30
60 13 40
60 14 40
60 15 40
60 16 30
60 17 60
60 18 40
60 19 40
60 20 60
60 21 30
60 22 40
60 23 40
60 24 30
60 25 30
60 26 40
60 27 30
60 28 60
60 29 80
60 30 60
60 31 30
60 32 30
60 33 40
60 34 40
60 35 40
60 36 60
60 37 40
60 38 80
60 39 80
60 40 80
60 41 30
60 42 30
60 43 30
60 44 60
60 45 60
60 46 40
60 47 30
60 48 80
60 49 30
60 50 60
60 51 40
60 52 30
60 53 80
60 54 60
60 55 40
60 56 60
60 57 40
60 58 40
60 59 30
60 61 40
60 62 30
60 63 30
60 64 40
60 65 30
60 66 80
60 67 40
60 68 80
60 69 80
60 70 60
60 71 40
60 72 40
60 73 30
60 74 30
60 75 80
60 76 80
60 77 80
60 78 40
60 79 30
60 80 60
60 81 30
60 82 40
60 83 80
60 84 30
61 0 80
61 1 40
61 2 30
61 3 30
61 4 60
61 5 80
61 6 60
61 7 30
61 8 30
61 9 40
61 10 30
61 11 30
61 12 30
61 13 30
61 14 40
61 15 80
61 16 80
61 17 40
61 18 80
61 19 60
61 20 60
61 21 80
61 22 40
61 23 40
61 24 40
61 25 40
61 26 60
61 27 30
61 28 30
61 29 60
61 30 30
61 31 80
61 32 60
61 33 30
61 34 80
61 35 60
61 36 80
61 37 40
61 38 30
61 39 80
61 40 80
61 41 30
61 42 30
61 43 40
61 44 40
61 45 40
61 46 60
61 47 80
61 48 30
61 49 60
61 50 40
61 51 80
61 52 30
61 53 40
61 54 80
61 55 60
61 56 40
61 57 30
61 58 60
61 59 30
61 60 40
61 62 80
61 63 60
61 64 80
61 65 30
61 66 60
61 67 30
61 68 80
61 69 40
61 70 30
61 71 60
61 72 30
61 73 80
61 74 30
61 75 30
61 76 30
61 77 30
61 78 60
61 79 40
61 80 80
61 81 60
61 82 60
61 83 30
61 84 30
62 0 40
62 1 80
62 2 60
62 3 30
62 4 30
62 5 30
62 6 40
62 7 60
62 8 60
62 9 60
62 10 60
62 11 40
62 12 80
62 13 60
62 14 30
62 15 60
62 16 40
62 17 80
62 18 40
62 19 40
62 20 40
62 21 80
62 22 80
62 23 40
62 24 80
62 25 40
62 26 60
62 27 40
62 28 30
62 29 80
62 30 40
62 31 60
62 32 30
62 33 30
62 34 30
62 35 60
62 36 40
62 37 30
62 38 40
62 39 30
62 40 80
62 41 80
62 42 30
62 43 30
62 44 30
62 45 40
62 46 30
62 47 40
62 48 60
62 49 60
62 50 80
62 51 40
62 52 40
62 53 60
62 54 80
62 55 80
62 56 40
62 57 40
62 58 30
62 59 60
62 60 60
62 61 40
62 63 80
62 64 40
62 65 60
62 66 30
62 67 30
62 68 30
62 69 80
62 70 60
62 71 80
62 72 40
62 73 40
62 74 80
62 75 40
62 76 60
62 77 40
62 78 30
62 79 30
62 80 40
62 81 60
62 82 40
62 83 80
62 84 60
63 0 30
63 1 60
63 2 40
63 3 60
63 4 60
63 5 40
63 6 60
63 7 80
63 8 60
63 9 60
63 10 80
63 11 80
63 12 40
63 13 80
63 14 80
63 15 40
63 16 30
63 17 40
63 18 30
63 19 40
63 20 80
63 21 40
63 22 80
63 23 40
63 24 30
63 25 30
63 26 80
63 27 80
63 28 40
63 29 30
63 30 60
63 31 40
63 32 60
63 33 80
63 34 60
63 35 40
63 36 80
63 37 80
63 38 40
63 39 40
63 40 80
63 41 30
63 42 30
63 43 40
63 44 60
63 45 30
63 46 80
63 47 80
63 48 30
63 49 30
63 50 30
63 51 60
63 52 80
63 53 80
63 54 80
63 55 40
63 56 60
63 57 80
63 58 60
63 59 30
63 60 40
63 61 30
63 62 30
63 64 60
63 65 30
63 66 60
63 67 40
63 68 80
63 69 80
63 70 60
63 71 80
63 72 40
63 73 40
63 74 40
63 75 60
63 76 60
63 77 40
63 78 30
63 79 30
63 80 30
63 81 80
63 82 30
63 83 60
63 84 30
64 0 40
64 1 40
64 2 40
64 3 80
64 4 40
64 5 80
64 6 80
64 7 40
64 8 30
64 9 80
64 10 30
64 11 30
64 12 60
64 13 80
64 14 60
64 15 80
64 16 80
64 17 60
64 18 60
64 19 80
64 20 60
64 21 80
64 22 40
64 23 30
64 24 40
64 25 60
64 26 40
64 27 60
64 28 40
64 29 80
64 30 80
64 31 40
64 32 80
64 33 80
64 34 30
64 35 40
64 36 80
64 37 40
64 38 30
64 39 80
64 40 60
64 41 80
64 42 80
64 43 40
64 44 40
64 45 60
64 46 80
64 47 80
64 48 60
64 49 80
64 50 80
64 51 40
64 52 60
64 53 60
64 54 40
64 55 30
64 56 80
64 57 30
64 58 80
64 59 30
64 60 60
64 61 40
64 62 40
64 63 80
64 65 80
64 66 60
64 67 60
64 68 80
64 69 60
64 70 80
64 71 40
64 72 80
64 73 80
64 74 40
64 75 40
64 76 40
64 77 40
64 78 40
64 79 30
64 80 40
64 81 80
64 82 80
64 83 80
64 84 30
65 0 80
65 1 40
65 2 40
65 3 40
65 4 30
65 5 60
65 6 80
65 7 30
65 8 40
65 9 80
65 10 60
65 11 40
65 12 80
65 13 40
65 14 30
65 15 80
65 16 40
65 17 30
65 18 30
65 19 30
65 20 30
65 21 40
65 22 80
65 23 60
65 24 30
65 25 80
65 26 80
65 27 60
65 28 30
65 29 40
65 30 30
65 31 30
65 32 30
65 33 30
65 34 30
65 35 30
65 36 80
65 37 60
65 38 40
65 39 40
65 40 30
65 41 60
65 42 60
65 43 30
65 44 80
65 45 80
65 46 40
65 47 30
65 48 80
65 49 60
65 50 40
65 51 80
65 52 60
65 53 40
65 54 80
65 55 40
65 56 40
65 57 30
65 58 40
65 59 60
65 60 30
65 61 80
65 62 40
65 63 40
65 64 40
65 66 40
65 67 30
65 68 60
65 69 40
65 70 40
65 71 30
65 72 40
65 73 60
65 74 60
65 75 30
65 76 40
65 77 60
65 78 80
65 79 80
65 80 40
65 81 40
65 82 30
65 83 40
65 84 80
66 0 60
66 1 40
66 2 60
66 3 30
66 4 60
66 5 60
66 6 60
66 7 80
66 8 60
66 9 80
66 10 80
66 11 60
66 12 40
66 13 30
66 14 30
66 15 80
66 16 40
66 17 30
66 18 60
66 19 30
66 20 30
66 21 80
66 22 40
66 23 40
66 24 60
66 25 30
66 26 30
66 27 30
66 28 30
66 29 30
66 30 40
66 31 60
66 32 40
66 33 40
66 34 80
66 35 80
66 36 80
66 37 80
66 38 80
66 39 60
66 40 60
66 41 80
66 42 80
66 43 60
66 44 30
66 45 60
66 46 80
66 47 30
66 48 60
66 49 40
66 50 80
66 51 60
66 52 40
66 53 60
66 54 30
66 55 60
66 56 30
66 57 30
66 58 80
66 59 30
66 60 80
66 61 80
66 62 60
66 63 80
66 64 40
66 65 40
66 67 40
66 68 40
66 69 80
66 70 30
66 71 80
66 72 30
66 73 60
66 74 30
66 75 30
66 76 60
66 77 30
66 78 40
66 79 80
66 80 30
66 81 40
66 82 40
66 83 80
66 84 30
67 0 80
67 1 30
67 2 80
67 3 80
67 4 40
67 5 60
67 6 60
67 7 30
67 8 60
67 9 30
67 10 30
67 11 80
67 12 80
67 13 80
67 14 60
67 15 80
67 16 30
67 17 60
67 18 30
67 19 60
67 20 40
67 21 80
67 22 40
67 23 30
67 24 60
67 25 40
67 26 30
67 27 60
67 28 30
67 29 30
67 30 80
67 31 40
67 32 30
67 33 40
67 34 30
67 35 30
67 36 80
67 37 60
67 38 30
67 39 60
67 40 40
67 41 30
67 42 80
67 43 30
67 44 40
67 45 40
67 46 60
67 47 60
67 48 30
67 49 80
67 50 60
67 51 30
67 52 80
67 53 30
67 54 40
67 55 30
67 56 80
67 57 60
67 58 40
67 59 80
67 60 60
67 61 60
67 62 80
67 63 60
67 64 80
67 65 80
67 66 60
67 68 40
67 69 40
67 70 40
67 71 40
67 72 80
67 73 80
67 74 60
67 75 80
67 76 80
67 77 80
67 78 60
67 79 80
67 80 80
67 81 40
67 82 60
67 83 60
67 84 80
68 0 60
68 1 80
68 2 40
68 3 60
68 4 80
68 5 40
68 6 60
68 7 40
68 8 40
68 9 40
68 10 60
68 11 40
68 12 40
68 13 80
68 14 40
68 15 30
68 16 60
68 17 80
68 18 60
68 19 40
68 20 80
68 21 40
68 22 40
68 23 30
68 24 40
68 25 60
68 26 60
68 27 40
68 28 30
68 29 30
68 30 60
68 31 60
68 32 30
68 33 60
68 34 40
68 35 40
68 36 60
68 37 30
68 38 30
68 39 60
68 40 60
68 41 60
68 42 60
68 43 30
68 44 60
68 45 40
68 46 80
68 47 80
68 48 80
68 49 80
68 50 60
68 51 40
68 52 30
68 53 30
68 54 80
68 55 80
68 56 30
68 57 30
68 58 30
68 59 80
68 60 40
68 61 80
68 62 60
68 63 40
68 64 60
68 65 40
68 66 40
68 67 40
68 69 60
68 70 30
68 71 40
68 72 30
68 73 40
68 74 60
68 75 80
68 76 30
68 77 80
68 78 30
68 79 80
68 80 60
68 81 40
68 82 80
68 83 30
68 84 80
69 0 80
69 1 40
69 2 80
69 3 40
69 4 40
69 5 30
69 6 80
69 7 30
69 8 40
69 9 30
69 10 60
69 11 40
69 12 80
69 13 40
69 14 30
69 15 40
69 16 80
69 17 30
69 18 60
69 19 40
69 20 30
69 21 40
69 22 80
69 23 30
69 24 80
69 25 40
69 26 30
69 27 40
69 28 30
69 29 80
69 30 80
69 31 30
69 32 40
69 33 80
69 34 80
69 35 40
69 36 80
69 37 60
69 38 80
69 39 40
69 40 40
69 41 30
69 42 60
69 43 40
69 44 30
69 45 80
69 46 40
69 47 60
69 48 80
69 49 80
69 50 60
69 51 40
69 52 80
69 53 40
69 54 30
69 55 80
69 56 30
69 57 40
69 58 80
69 59 80
69 60 30
69 61 40
69 62 40
69 63 80
69 64 30
69 65 80
69 66 40
69 67 60
69 68 30
69 70 40
69 71 40
69 72 80
69 73 30
69 74 60
69 75 40
69 76 60
69 77 80
69 78 30
69 79 60
69 80 30
69 81 40
69 82 40
69 83 30
69 84 40
70 0 60
70 1 80
70 2 30
70 3 30
70 4 40
70 5 30
70 6 60
70 7 30
70 8 40
70 9 60
70 10 80
70 11 40
70 12 80
70 13 30
70 14 60
70 15 80
70 16 80
70 17 30
70 18 40
70 19 40
70 20 40
70 21 80
70 22 30
70 23 40
70 24 40
70 25 60
70 26 30
70 27 40
70 28 30
70 29 60
70 30 60
70 31 80
70 32 60
70 33 80
70 34 80
70 35 60
70 36 60
70 37 40
70 38 40
70 39 80
70 40 30
70 41 80
70 42 40
70 43 60
70 44 80
70 45 30
70 46 30
70 47 30
70 48 30
70 49 30
70 50 80
70 51 80
70 52 60
70 53 30
70 54 30
70 55 80
70 56 80
70 57 60
70 58 80
70 59 60
70 60 40
70 61 60
70 62 80
70 63 60
70 64 40
70 65 60
70 66 80
70 67 60
70 68 40
70 69 60
70 71 40
70 72 30
70 73 80
70 74 80
70 75 80
70 76 40
70 77 60
70 78 40
70 79 30
70 80 40
70 81 60
70 82 80
70 83 30
70 84 60
71 0 80
71 1 30
71 2 30
71 3 30
71 4 80
71 5 30
71 6 30
71 7 40
71 8 60
71 9 60
71 10 40
71 11 40
71 12 30
71 13 80
71 14 30
71 15 80
71 16 60
71 17 60
71 18 80
71 19 80
71 20 80
71 21 60
71 22 40
71 23 30
71 24 60
71 25 80
71 26 40
71 27 40
71 28 40
71 29 80
71 30 80
71 31 40
71 32 80
71 33 40
71 34 40
71 35 80
71 36 30
71 37 80
71 38 80
71 39 60
71 40 30
71 41 60
71 42 60
71 43 30
71 44 80
71 45 40
71 46 80
71 47 30
71 48 30
71 49 60
71 50 80
71 51 60
71 52 30
71 53 80
71 54 40
71 55 40
71 56 30
71 57 80
71 58 60
71 59 80
71 60 30
71 61 40
71 62 60
71 63 40
71 64 60
71 65 30
71 66 30
71 67 40
71 68 60
71 69 60
71 70 60
71 72 30
71 73 60
71 74 40
71 75 40
71 76 80
71 77 30
71 78 80
71 79 30
71 80 40
71 81 80
71 82 80
71 83 60
71 84 40
72 0 80
72 1 60
72 2 30
72 3 40
72 4 80
72 5 40
72 6 30
72 7 30
72 8 40
72 9 40
72 10 60
72 11 80
72 12 40
72 13 30
72 14 60
72 15 80
72 16 30
72 17 60
72 18 40
72 19 60
72 20 80
72 21 60
72 22 40
72 23 30
72 24 60
72 25 80
72 26 40
72 27 40
72 28 80
72 29 40
72 30 80
72 31 40
72 32 60
72 33 40
72 34 80
72 35 60
72 36 60
72 37 80
72 38 80
72 39 40
72 40 40
72 41 40
72 42 60
72 43 80
72 44 60
72 45 80
72 46 40
72 47 80
72 48 80
72 49 80
72 50 40
72 51 40
72 52 40
72 53 30
72 54 80
72 55 60
72 56 40
72 57 60
72 58 80
72 59 30
72 60 30
72 61 30
72 62 30
72 63 60
72 64 60
72 65 60
72 66 80
72 67 30
72 68 40
72 69 80
72 70 80
72 71 40
72 73 40
72 74 30
72 75 80
72 76 30
72 77 40
72 78 80
72 79 30
72 80 80
72 81 30
72 82 80
72 83 80
72 84 80
73 0 40
73 1 80
73 2 60
73 3 40
73 4 60
73 5 40
73 6 60
73 7 30
73 8 40
73 9 30
73 10 60
73 11 60
73 12 30
73 13 40
73 14 40
73 15 60
73 16 40
73 17 30
73 18 30
73 19 80
73 20 80
73 21 40
73 22 40
73 23 60
73 24 30
73 25 60
73 26 60
73 27 80
73 28 40
73 29 60
73 30 60
73 31 30
73 32 30
73 33 60
73 34 80
73 35 60
73 36 80
73 37 80
73 38 40
73 39 30
73 40 80
73 41 80
73 42 60
73 43 40
73 44 80
73 45 60
73 46 80
73 47 40
73 48 40
73 49 80
73 50 40
73 51 40
73 52 60
73 53 60
73 54 80
73 55 80
73 56 80
73 57 40
73 58 80
73 59 40
73 60 40
73 61 30
73 62 80
73 63 40
73 64 60
73 65 80
73 66 60
73 67 80
73 68 80
73 69 40
73 70 80
73 71 30
73 72 80
73 74 30
73 75 60
73 76 80
73 77 80
73 78 30
73 79 60
73 80 30
73 81 40
73 82 30
73 83 80
73 84 40
74 0 80
74 1 80
74 2 60
74 3 80
74 4 30
74 5 40
74 6 30
74 7 80
74 8 80
74 9 40
74 10 40
74 11 80
74 12 30
74 13 60
74 14 60
74 15 80
74 16 40
74 17 80
74 18 40
74 19 60
74 20 30
74 21 30
74 22 30
74 23 80
74 24 60
74 25 80
74 26 40
74 27 30
74 28 80
74 29 30
74 30 60
74 31 40
74 32 40
74 33 60
74 34 80
74 35 30
74 36 60
74 37 80
74 38 30
74 39 30
74 40 40
74 41 80
74 42 80
74 43 80
74 44 30
74 45 30
74 46 40
74 47 30
74 48 30
74 49 40
74 50 30
74 51 80
74 52 60
74 53 60
74 54 40
74 55 30
74 56 40
74 57 40
74 58 60
74 59 40
74 60 30
74 61 60
74 62 80
74 63 30
74 64 40
74 65 30
74 66 60
74 67 40
74 68 40
74 69 80
74 70 60
74 71 80
74 72 30
74 73 60
74 75 30
74 76 60
74 77 80
74 78 30
74 79 80
74 80 60
74 81 40
74 82 80
74 83 60
74 84 80
75 0 60
75 1 40
75 2 60
75 3 40
75 4 40
75 5 40
75 6 80
75 7 30
75 8 30
75 9 40
75 10 30
75 11 80
75 12 80
75 13 40
75 14 30
75 15 40
75 16 60
75 17 40
75 18 40
75 19 30
75 20 80
75 21 60
75 22 60
75 23 80
75 24 40
75 25 60
75 26 30
75 27 60
75 28 80
75 29 40
75 30 30
75 31 30
75 32 40
75 33 60
75 34 60
75 35 80
75 36 80
75 37 30
75 38 40
75 39 80
75 40 60
75 41 60
75 42 60
75 43 60
75 44 40
75 45 30
75 46 60
75 47 30
75 48 30
75 49 30
75 50 80
75 51 60
75 52 30
75 53 40
75 54 30
75 55 60
75 56 40
75 57 80
75 58 40
75 59 80
75 60 60
75 61 30
75 62 60
75 63 30
75 64 40
75 65 80
75 66 40
75 67 80
75 68 30
75 69 60
75 70 30
75 71 60
75 72 40
75 73 80
75 74 30
75 76 80
75 77 30
75 78 60
75 79 60
75 80 40
75 81 30
75 82 60
75 83 60
75 84 60
76 0 60
76 1 30
76 2 40
76 3 40
76 4 40
76 5 30
76 6 60
76 7 80
76 8 60
76 9 30
76 10 30
76 11 40
76 12 60
76 13 80
76 14 60
76 15 60
76 16 30
76 17 60
76 18 60
76 19 40
76 20 40
76 21 30
76 22 80
76 23 30
76 24 80
76 25 30
76 26 60
76 27 30
76 28 80
76 29 30
76 30 80
76 31 30
76 32 40
76 33 60
76 34 40
76 35 30
76 36 40
76 37 60
76 38 40
76 39 30
76 40 60
76 41 80
76 42 80
76 43 60
76 44 60
76 45 80
76 46 80
76 47 60
76 48 60
76 49 30
76 50 60
76 51 40
76 52 30
76 53 40
76 54 40
76 55 80
76 56 80
76 57 30
76 58 60
76 59 80
76 60 80
76 61 30
76 62 60
76 63 60
76 64 80
76 65 80
76 66 30
76 67 80
76 68 60
76 69 30
76 70 60
76 71 30
76 72 80
76 73 80
76 74 40
76 75 30
76 77 30
76 78 30
76 79 30
76 80 40
76 81 30
76 82 30
76 83 30
76 84 30
77 0 60
77 1 40
77 2 80
77 3 60
77 4 30
77 5 80
77 6 40
77 7 30
77 8 40
77 9 60
77 10 40
77 11 30
77 12 30
77 13 60
77 14 30
77 15 30
77 16 80
77 17 60
77 18 30
77 19 60
77 20 60
77 21 40
77 22 40
77 23 60
77 24 80
77 25 30
77 26 80
77 27 60
77 28 40
77 29 30
77 30 60
77 31 80
77 32 30
77 33 30
77 34 60
77 35 60
77 36 80
77 37 60
77 38 40
77 39 60
77 40 40
77 41 60
77 42 60
77 43 80
77 44 60
77 45 30
77 46 40
77 47 40
77 48 60
77 49 30
77 50 30
77 51 60
77 52 60
77 53 40
77 54 80
77 55 60
77 56 30
77 57 80
77 58 40
77 59 80
77 60 40
77 61 40
77 62 60
77 63 80
77 64 80
77 65 60
77 66 30
77 67 40
77 68 80
77 69 80
77 70 40
77 71 80
77 72 30
77 73 60
77 74 30
77 75 60
77 76 60
77 78 40
77 79 30
77 80 60
77 81 60
77 82 60
77 83 40
77 84 30
78 0 60
78 1 60
78 2 80
78 3 60
78 4 80
78 5 40
78 6 80
78 7 80
78 8 80
78 9 30
78 10 30
78 11 80
78 12 40
78 13 40
78 14 40
78 15 40
78 16 30
78 17 30
78 18 80
78 19 40
78 20 80
78 21 30
78 22 80
78 23 30
78 24 60
78 25 60
78 26 40
78 27 40
78 28 40
78 29 80
78 30 40
78 31 60
78 32 40
78 33 60
78 34 60
78 35 30
78 36 80
78 37 40
78 38 30
78 39 60
78 40 60
78 41 40
78 42 40
78 43 30
78 44 60
78 45 60
78 46 30
78 47 80
78 48 30
78 49 80
78 50 60
78 51 40
78 52 60
78 53 40
78 54 40
78 55 60
78 56 30
78 57 80
78 58 80
78 59 40
78 60 40
78 61 60
78 62 60
78 63 80
78 64 60
78 65 30
78 66 30
78 67 80
78 68 80
78 69 30
78 70 80
78 71 60
78 72 40
78 73 30
78 74 60
78 75 40
78 76 60
78 77 40
78 79 80
78 80 30
78 81 40
78 82 60
78 83 30
78 84 60
79 0 40
79 1 40
79 2 40
79 3 30
79 4 40
79 5 40
79 6 30
79 7 30
79 8 80
79 9 30
79 10 80
79 11 80
79 12 80
79 13 40
79 14 30
79 15 40
79 16 80
79 17 40
79 18 80
79 19 80
79 20 60
79 21 80
79 22 30
79 23 60
79 24 80
79 25 80
79 26 40
79 27 40
79 28 80
79 29 60
79 30 30
79 31 60
79 32 60
79 33 80
79 34 40
79 35 80
79 36 40
79 37 40
79 38 60
79 39 80
79 40 40
79 41 80
79 42 30
79 43 40
79 44 30
79 45 30
79 46 80
79 47 80
79 48 60
79 49 80
79 50 30
79 51 60
79 52 40
79 53 30
79 54 60
79 55 30
79 56 40
79 57 40
79 58 60
79 59 60
79 60 80
79 61 40
79 62 30
79 63 30
79 64 40
79 65 30
79 66 60
79 67 60
79 68 80
79 69 80
79 70 80
79 71 40
79 72 80
79 73 80
79 74 60
79 75 60
79 76 40
79 77 80
79 78 40
79 80 60
79 81 80
79 82 30
79 83 40
79 84 60
80 0 80
80 1 60
80 2 30
80 3 30
80 4 40
80 5 60
80 6 80
80 7 80
80 8 30
80 9 30
80 10 40
80 11 40
80 12 80
80 13 80
80 14 80
80 15 60
80 16 40
80 17 60
80 18 30
80 19 40
80 20 60
80 21 30
80 22 80
80 23 30
80 24 60
80 25 30
80 26 60
80 27 30
80 28 80
80 29 40
80 30 60
80 31 60
80 32 30
80 33 30
80 34 80
80 35 60
80 36 60
80 37 40
80 38 40
80 39 60
80 40 60
80 41 40
80 42 30
80 43 80
80 44 40
80 45 60
80 46 40
80 47 60
80 48 40
80 49 40
80 50 80
80 51 40
80 52 30
80 53 30
80 54 80
80 55 80
80 56 30
80 57 40
80 58 60
80 59 40
80 60 80
80 61 60
80 62 80
80 63 40
80 64 40
80 65 40
80 66 40
80 67 60
80 68 80
80 69 40
80 70 30
80 71 80
80 72 80
80 73 30
80 74 30
80 75 30
80 76 60
80 77 60
80 78 40
80 79 60
80 81 30
80 82 80
80 83 80
80 84 80
81 0 80
81 1 30
81 2 80
81 3 30
81 4 80
81 5 60
81 6 80
81 7 40
81 8 40
81 9 40
81 10 30
81 11 80
81 12 80
81 13 40
81 14 30
81 15 60
81 16 60
81 17 80
81 18 60
81 19 60
81 20 40
81 21 40
81 22 40
81 23 40
81 24 60
81 25 40
81 26 60
81 27 30
81 28 80
81 29 40
81 30 60
81 31 80
81 32 40
81 33 80
81 34 60
81 35 30
81 36 30
81 37 80
81 38 40
81 39 80
81 40 80
81 41 40
81 42 80
81 43 60
81 44 30
81 45 60
81 46 40
81 47 30
81 48 30
81 49 80
81 50 30
81 51 30
81 52 40
81 53 60
81 54 60
81 55 80
81 56 80
81 57 30
81 58 80
81 59 30
81 60 40
81 61 30
81 62 30
81 63 80
81 64 80
81 65 30
81 66 40
81 67 40
81 68 60
81 69 40
81 70 80
81 71 80
81 72 40
81 73 60
81 74 80
81 75 60
81 76 60
81 77 80
81 78 30
81 79 30
81 80 60
81 82 80
81 83 30
81 84 80
82 0 30
82 1 60
82 2 30
82 3 30
82 4 40
82 5 60
82 6 80
82 7 80
82 8 60
82 9 80
82 10 30
82 11 60
82 12 30
82 13 40
82 14 40
82 15 40
82 16 80
82 17 60
82 18 60
82 19 80
82 20 80
82 21 30
82 22 40
82 23 40
82 24 30
82 25 30
82 26 60
82 27 30
82 28 60
82 29 40
82 30 60
82 31 60
82 32 40
82 33 30
82 34 30
82 35 80
82 36 80
82 37 30
82 38 40
82 39 40
82 40 60
82 41 60
82 42 80
82 43 30
82 44 60
82 45 40
82 46 60
82 47 30
82 48 40
82 49 30
82 50 30
82 51 30
82 52 30
82 53 40
82 54 40
82 55 80
82 56 80
82 57 80
82 58 30
82 59 40
82 60 30
82 61 60
82 62 30
82 63 60
82 64 30
82 65 80
82 66 80
82 67 60
82 68 40
82 69 60
82 70 30
82 71 40
82 72 40
82 73 30
82 74 80
82 75 30
82 76 80
82 77 80
82 78 30
82 79 40
82 80 40
82 81 60
82 83 60
82 84 60
83 0 40
83 1 80
83 2 30
83 3 60
83 4 60
83 5 30
83 6 40
83 7 60
83 8 80
83 9 40
83 10 30
83 11 30
83 12 80
83 13 30
83 14 80
83 15 40
83 16 30
83 17 30
83 18 80
83 19 60
83 20 40
83 21 40
83 22 40
83 23 80
83 24 30
83 25 60
83 26 30
83 27 30
83 28 40
83 29 40
83 30 30
83 31 30
83 32 40
83 33 60
83 34 80
83 35 80
83 36 30
83 37 40
83 38 40
83 39 60
83 40 80
83 41 60
83 42 80
83 43 80
83 44 30
83 45 30
83 46 30
83 47 80
83 48 40
83 49 30
83 50 40
83 51 80
83 52 80
83 53 40
83 54 30
83 55 80
83 56 80
83 57 40
83 58 30
83 59 40
83 60 30
83 61 60
83 62 30
83 63 30
83 64 30
83 65 60
83 66 80
83 67 30
83 68 30
83 69 80
83 70 40
83 71 40
83 72 40
83 73 80
83 74 40
83 75 60
83 76 60
83 77 40
83 78 40
83 79 60
83 80 80
83 81 40
83 82 80
83 84 80
84 0 30
84 1 40
84 2 60
84 3 60
84 4 60
84 5 30
84 6 40
84 7 80
84 8 40
84 9 30
84 10 30
84 11 30
84 12 30
84 13 40
84 14 30
84 15 80
84 16 40
84 17 40
84 18 40
84 19 40
84 20 30
84 21 30
84 22 30
84 23 40
84 24 40
84 25 40
84 26 60
84 27 40
84 28 60
84 29 80
84 30 60
84 31 80
84 32 30
84 33 30
84 34 80
84 35 60
84 36 40
84 37 80
84 38 60
84 39 80
84 40 60
84 41 80
84 42 30
84 43 60
84 44 80
84 45 60
84 46 40
84 47 40
84 48 80
84 49 30
84 50 60
84 51 40
84 52 30
84 53 40
84 54 80
84 55 40
84 56 80
84 57 30
84 58 80
84 59 80
84 60 60
84 61 30
84 62 40
84 63 60
84 64 60
84 65 80
84 66 40
84 67 60
84 68 30
84 69 60
84 70 80
84 71 80
84 72 40
84 73 40
84 74 40
84 75 60
84 76 30
84 77 40
84 78 60
84 79 30
84 80 30
84 81 60
84 82 80
84 83 30
