(.venv) C:\Users\usuario\Desktop\AEM-2026-1\T1\FC>python main.py case1.txt 1 60

============================================================
  caso   : case1.txt  |  pistas: 1
  estado : TIMEOUT - mejor parcial encontrado
============================================================
  costo total       : 3710.00
  nodos explorados  : 175186
  checks realizados : 175186
  tiempo CPU (seg)  : 60.0021

   avion |   T asig | pista |       Pk |    costo
  ------------------------------------------------
       1 |      155 |     1 |      155 |     0.00
       2 |      250 |     1 |      250 |     0.00
       3 |       93 |     1 |       93 |     0.00
       4 |      101 |     1 |       98 |    90.00
       5 |      111 |     1 |      111 |     0.00
       6 |      136 |     1 |      120 |   480.00
       7 |      128 |     1 |      121 |   210.00
       8 |      120 |     1 |      120 |     0.00
       9 |      170 |     1 |      128 |  1260.00
      10 |      178 |     1 |      151 |   810.00
      11 |      339 |     1 |      341 |    20.00
      12 |      313 |     1 |      313 |     0.00
      13 |      194 |     1 |      181 |   390.00
      14 |      186 |     1 |      171 |   450.00
      15 |      342 |     1 |      342 |     0.00

(.venv) C:\Users\usuario\Desktop\AEM-2026-1\T1\FC>python main.py case2.txt 1 60

============================================================
  caso   : case2.txt  |  pistas: 1
  estado : TIMEOUT - mejor parcial encontrado
============================================================
  costo total       : 2830.00
  nodos explorados  : 77961
  checks realizados : 77961
  tiempo CPU (seg)  : 60.0003

   avion |   T asig | pista |       Pk |    costo
  ------------------------------------------------
       1 |       82 |     1 |       82 |     0.00
       2 |      206 |     1 |      197 |    90.00
       3 |      160 |     1 |      160 |     0.00
       4 |      117 |     1 |      117 |     0.00
       5 |      261 |     1 |      261 |     0.00
       6 |      100 |     1 |      106 |   180.00
       7 |      229 |     1 |      229 |     0.00
       8 |      108 |     1 |      108 |     0.00
       9 |      142 |     1 |      132 |   300.00
      10 |      134 |     1 |      130 |   120.00
      11 |      183 |     1 |      149 |  1020.00
      12 |      126 |     1 |      126 |     0.00
      13 |      335 |     1 |      336 |    10.00
      14 |      316 |     1 |      316 |     0.00
      15 |      258 |     1 |      258 |     0.00
      16 |      409 |     1 |      409 |     0.00
      17 |      338 |     1 |      338 |     0.00
      18 |      287 |     1 |      287 |     0.00
      19 |      175 |     1 |      160 |   450.00
      20 |      191 |     1 |      169 |   660.00

(.venv) C:\Users\usuario\Desktop\AEM-2026-1\T1\FC>python main.py case3.txt 1 60

============================================================
  caso   : case3.txt  |  pistas: 1
  estado : TIMEOUT - mejor parcial encontrado
============================================================
  costo total       : 3974.00
  nodos explorados  : 2066485
  checks realizados : 2066485
  tiempo CPU (seg)  : 60.0010

   avion |   T asig | pista |       Pk |    costo
  ------------------------------------------------
       1 |        0 |     1 |        0 |     0.00
       2 |      137 |     1 |      137 |     0.00
       3 |      337 |     1 |      271 |    66.00
       4 |      417 |     1 |      351 |    66.00
       5 |      497 |     1 |      431 |    66.00
       6 |      569 |     1 |      503 |   132.00
       7 |      665 |     1 |      626 |    78.00
       8 |      761 |     1 |      727 |    68.00
       9 |      961 |     1 |      895 |    66.00
      10 |     1033 |     1 |      967 |   132.00
      11 |     1233 |     1 |     1167 |    66.00
      12 |     1305 |     1 |     1239 |   132.00
      13 |     1505 |     1 |     1439 |    66.00
      14 |     1585 |     1 |     1519 |    66.00
      15 |     1657 |     1 |     1591 |   132.00
      16 |     1857 |     1 |     1791 |    66.00
      17 |     1937 |     1 |     1871 |    66.00
      18 |     2009 |     1 |     1943 |   132.00
      19 |     2209 |     1 |     2143 |    66.00
      20 |     2289 |     1 |     2223 |    66.00
      21 |     2361 |     1 |     2295 |   132.00
      22 |     2457 |     1 |     2391 |   132.00
      23 |     2657 |     1 |     2591 |    66.00
      24 |     2729 |     1 |     2663 |   132.00
      25 |     2929 |     1 |     2863 |    66.00
      26 |     3009 |     1 |     2943 |    66.00
      27 |     3089 |     1 |     3023 |    66.00
      28 |     3169 |     1 |     3103 |    66.00
      29 |     3241 |     1 |     3175 |   132.00
      30 |     3337 |     1 |     3271 |   132.00
      31 |     3537 |     1 |     3471 |    66.00
      32 |     3609 |     1 |     3543 |   132.00
      33 |     3809 |     1 |     3743 |    66.00
      34 |     3881 |     1 |     3815 |   132.00
      35 |     3977 |     1 |     3911 |   132.00
      36 |     4177 |     1 |     4111 |    66.00
      37 |     4257 |     1 |     4191 |    66.00
      38 |     4337 |     1 |     4271 |    66.00
      39 |     4409 |     1 |     4343 |   132.00
      40 |     4505 |     1 |     4439 |   132.00
      41 |     4601 |     1 |     4535 |   132.00
      42 |     4697 |     1 |     4631 |   132.00
      43 |     4793 |     1 |     4727 |   132.00
      44 |     4993 |     1 |     4927 |    66.00

(.venv) C:\Users\usuario\Desktop\AEM-2026-1\T1\FC>python main.py case4.txt 1 60

============================================================
  caso   : case4.txt  |  pistas: 1
  estado : TIMEOUT - mejor parcial encontrado
============================================================
  costo total       : 12870.34
  nodos explorados  : 183388
  checks realizados : 183388
  tiempo CPU (seg)  : 60.0033

   avion |   T asig | pista |       Pk |    costo
  ------------------------------------------------
       1 |      791 |     1 |      908 |   169.65
       2 |      881 |     1 |     1027 |   265.72
       3 |      994 |     1 |     1378 |   537.60
       4 |     1062 |     1 |     1502 |   774.40
       5 |     2526 |     1 |     1618 |  1407.40
       6 |     1220 |     1 |     1235 |    20.85
       7 |     1152 |     1 |     1520 |   713.92
       8 |     1401 |     1 |     1401 |     0.00
       9 |     1543 |     1 |     1584 |    41.82
      10 |     1333 |     1 |     1343 |    15.90
      11 |     1792 |     1 |     1787 |     5.75
      12 |     1611 |     1 |     1700 |   100.57
      13 |     1724 |     1 |     1724 |     0.00
      14 |     1907 |     1 |     1907 |     0.00
      15 |     2305 |     1 |     2234 |    72.42
      16 |     2003 |     1 |     2003 |     0.00
      17 |     2125 |     1 |     2169 |    81.40
      18 |     2215 |     1 |     2215 |     0.00
      19 |     2693 |     1 |     2781 |   114.40
      20 |     2436 |     1 |     2436 |     0.00
      21 |     2783 |     1 |     3111 |   334.56
      22 |     3099 |     1 |     2967 |   143.88
      23 |     2986 |     1 |     2971 |    22.50
      24 |     2918 |     1 |     2918 |     0.00
      25 |     3258 |     1 |     3258 |     0.00
      26 |     3332 |     1 |     3728 |   427.68
      27 |     3468 |     1 |     3468 |     0.00
      28 |     3930 |     1 |     3750 |   198.00
      29 |     3400 |     1 |     3647 |   382.85
      30 |     4147 |     1 |     3495 |   938.88
      31 |     3569 |     1 |     3579 |    12.70
      32 |     4079 |     1 |     4079 |     0.00
      33 |     3659 |     1 |     3764 |   144.90
      34 |     3749 |     1 |     3749 |     0.00
      35 |     3862 |     1 |     3854 |    15.92
      36 |     4273 |     1 |     4273 |     0.00
      37 |     4469 |     1 |     4469 |     0.00
      38 |     4771 |     1 |     4771 |     0.00
      39 |     4884 |     1 |     4836 |    88.32
      40 |     4681 |     1 |     4695 |    18.20
      41 |     4952 |     1 |     4829 |   222.63
      42 |     5400 |     1 |     5400 |     0.00
      43 |     5536 |     1 |     5536 |     0.00
      44 |     5224 |     1 |     5224 |     0.00
      45 |     5468 |     1 |     5443 |    44.50
      46 |     5649 |     1 |     5492 |   211.95
      47 |     5156 |     1 |     5373 |   368.90
      48 |     5731 |     1 |     5731 |     0.00
      49 |     5844 |     1 |     5749 |   130.15
      50 |     5912 |     1 |     5588 |   502.20
      51 |     5980 |     1 |     5636 |   660.48
      52 |     6048 |     1 |     5946 |   177.48
      53 |     6161 |     1 |     6145 |    30.24
      54 |     6229 |     1 |     6074 |   213.90
      55 |     6297 |     1 |     6223 |    88.80
      56 |     6521 |     1 |     6521 |     0.00
      57 |     6404 |     1 |     6404 |     0.00
      58 |     6589 |     1 |     6455 |   176.88
      59 |     6679 |     1 |     6344 |   626.45
      60 |     6867 |     1 |     6867 |     0.00
      61 |     6972 |     1 |     6972 |     0.00
      62 |     7439 |     1 |     7439 |     0.00
      63 |     7635 |     1 |     7635 |     0.00
      64 |     7824 |     1 |     7824 |     0.00
      65 |     8193 |     1 |     8162 |    55.80
      66 |     7990 |     1 |     8124 |   199.66
      67 |     8080 |     1 |     8080 |     0.00
      68 |     7922 |     1 |     8149 |   374.55
      69 |     8281 |     1 |     8291 |    18.00
      70 |     8349 |     1 |     8349 |     0.00
      71 |     8715 |     1 |     8715 |     0.00
      72 |     8455 |     1 |     8455 |     0.00
      73 |     8903 |     1 |     8903 |     0.00
      74 |     9293 |     1 |     9293 |     0.00
      75 |     9508 |     1 |     9508 |     0.00
      76 |     9988 |     1 |     9988 |     0.00
      77 |     9796 |     1 |     9796 |     0.00
      78 |    10300 |     1 |    10300 |     0.00
      79 |    10108 |     1 |    10108 |     0.00
      80 |    10636 |     1 |    10666 |    48.30
      81 |    10704 |     1 |    10704 |     0.00
      82 |    10817 |     1 |    10779 |    47.88
      83 |    11011 |     1 |    10944 |   131.32
      84 |    10943 |     1 |    10943 |     0.00
      85 |    10515 |     1 |    10515 |     0.00
      86 |    11112 |     1 |    11112 |     0.00
      87 |    11288 |     1 |    11288 |     0.00
      88 |    11469 |     1 |    11071 |   437.80
      89 |    11356 |     1 |    11353 |     5.28
      90 |    11537 |     1 |    11335 |   373.70
      91 |    11627 |     1 |    11428 |   298.50
      92 |    11717 |     1 |    11713 |     7.36
      93 |    11959 |     1 |    11959 |     0.00
      94 |    12072 |     1 |    12035 |    65.86
      95 |    12140 |     1 |    12031 |   115.54
      96 |    12393 |     1 |    12393 |     0.00
      97 |    12655 |     1 |    12655 |     0.00
      98 |    12461 |     1 |    12387 |    93.24
      99 |    12574 |     1 |    12550 |    44.16
     100 |    12723 |     1 |    12691 |    48.64

(.venv) C:\Users\usuario\Desktop\AEM-2026-1\T1\FC>python main.py case1.txt 2 60

============================================================
  caso   : case1.txt  |  pistas: 2
  estado : TIMEOUT - mejor parcial encontrado
============================================================
  costo total       : 210.00
  nodos explorados  : 59686
  checks realizados : 59686
  tiempo CPU (seg)  : 60.0012

   avion |   T asig | pista |       Pk |    costo
  ------------------------------------------------
       1 |      155 |     1 |      155 |     0.00
       2 |      250 |     2 |      250 |     0.00
       3 |       93 |     1 |       93 |     0.00
       4 |       98 |     2 |       98 |     0.00
       5 |      111 |     2 |      111 |     0.00
       6 |      119 |     2 |      120 |    30.00
       7 |      127 |     2 |      121 |   180.00
       8 |      120 |     1 |      120 |     0.00
       9 |      128 |     1 |      128 |     0.00
      10 |      151 |     2 |      151 |     0.00
      11 |      341 |     2 |      341 |     0.00
      12 |      313 |     2 |      313 |     0.00
      13 |      181 |     1 |      181 |     0.00
      14 |      171 |     1 |      171 |     0.00
      15 |      342 |     1 |      342 |     0.00

(.venv) C:\Users\usuario\Desktop\AEM-2026-1\T1\FC>python main.py case2.txt 2 60

============================================================
  caso   : case2.txt  |  pistas: 2
  estado : TIMEOUT - mejor parcial encontrado
============================================================
  costo total       : 60.00
  nodos explorados  : 40876
  checks realizados : 40876
  tiempo CPU (seg)  : 60.0029

   avion |   T asig | pista |       Pk |    costo
  ------------------------------------------------
       1 |       82 |     1 |       82 |     0.00
       2 |      197 |     2 |      197 |     0.00
       3 |      160 |     2 |      160 |     0.00
       4 |      117 |     2 |      117 |     0.00
       5 |      261 |     2 |      261 |     0.00
       6 |      106 |     1 |      106 |     0.00
       7 |      229 |     2 |      229 |     0.00
       8 |      108 |     2 |      108 |     0.00
       9 |      134 |     1 |      132 |    60.00
      10 |      130 |     2 |      130 |     0.00
      11 |      149 |     1 |      149 |     0.00
      12 |      126 |     1 |      126 |     0.00
      13 |      336 |     1 |      336 |     0.00
      14 |      316 |     1 |      316 |     0.00
      15 |      258 |     2 |      258 |     0.00
      16 |      409 |     2 |      409 |     0.00
      17 |      338 |     2 |      338 |     0.00
      18 |      287 |     1 |      287 |     0.00
      19 |      160 |     1 |      160 |     0.00
      20 |      169 |     1 |      169 |     0.00

(.venv) C:\Users\usuario\Desktop\AEM-2026-1\T1\FC>python main.py case3.txt 2 60

============================================================
  caso   : case3.txt  |  pistas: 2
  estado : SOLUCIÓN OPTIMA
============================================================
  costo total       : 0.00
  nodos explorados  : 14596
  checks realizados : 14596
  tiempo CPU (seg)  : 21.1032

   avion |   T asig | pista |       Pk |    costo
  ------------------------------------------------
       1 |        0 |     1 |        0 |     0.00
       2 |      137 |     2 |      137 |     0.00
       3 |      271 |     1 |      271 |     0.00
       4 |      351 |     2 |      351 |     0.00
       5 |      431 |     1 |      431 |     0.00
       6 |      503 |     2 |      503 |     0.00
       7 |      626 |     1 |      626 |     0.00
       8 |      727 |     2 |      727 |     0.00
       9 |      895 |     1 |      895 |     0.00
      10 |      967 |     2 |      967 |     0.00
      11 |     1167 |     1 |     1167 |     0.00
      12 |     1239 |     2 |     1239 |     0.00
      13 |     1439 |     1 |     1439 |     0.00
      14 |     1519 |     2 |     1519 |     0.00
      15 |     1591 |     1 |     1591 |     0.00
      16 |     1791 |     2 |     1791 |     0.00
      17 |     1871 |     1 |     1871 |     0.00
      18 |     1943 |     2 |     1943 |     0.00
      19 |     2143 |     1 |     2143 |     0.00
      20 |     2223 |     2 |     2223 |     0.00
      21 |     2295 |     1 |     2295 |     0.00
      22 |     2391 |     2 |     2391 |     0.00
      23 |     2591 |     1 |     2591 |     0.00
      24 |     2663 |     2 |     2663 |     0.00
      25 |     2863 |     1 |     2863 |     0.00
      26 |     2943 |     2 |     2943 |     0.00
      27 |     3023 |     1 |     3023 |     0.00
      28 |     3103 |     2 |     3103 |     0.00
      29 |     3175 |     1 |     3175 |     0.00
      30 |     3271 |     2 |     3271 |     0.00
      31 |     3471 |     1 |     3471 |     0.00
      32 |     3543 |     2 |     3543 |     0.00
      33 |     3743 |     1 |     3743 |     0.00
      34 |     3815 |     2 |     3815 |     0.00
      35 |     3911 |     1 |     3911 |     0.00
      36 |     4111 |     2 |     4111 |     0.00
      37 |     4191 |     1 |     4191 |     0.00
      38 |     4271 |     2 |     4271 |     0.00
      39 |     4343 |     1 |     4343 |     0.00
      40 |     4439 |     2 |     4439 |     0.00
      41 |     4535 |     1 |     4535 |     0.00
      42 |     4631 |     2 |     4631 |     0.00
      43 |     4727 |     1 |     4727 |     0.00
      44 |     4927 |     2 |     4927 |     0.00

(.venv) C:\Users\usuario\Desktop\AEM-2026-1\T1\FC>python main.py case4.txt 2 60

============================================================
  caso   : case4.txt  |  pistas: 2
  estado : TIMEOUT - mejor parcial encontrado
============================================================
  costo total       : 997.83
  nodos explorados  : 19284
  checks realizados : 19284
  tiempo CPU (seg)  : 60.0080

   avion |   T asig | pista |       Pk |    costo
  ------------------------------------------------
       1 |      908 |     1 |      908 |     0.00
       2 |     1027 |     1 |     1027 |     0.00
       3 |     1275 |     2 |     1378 |   144.20
       4 |     1430 |     2 |     1502 |   126.72
       5 |     1610 |     2 |     1618 |    13.36
       6 |     1235 |     1 |     1235 |     0.00
       7 |     1520 |     2 |     1520 |     0.00
       8 |     1401 |     1 |     1401 |     0.00
       9 |     1584 |     1 |     1584 |     0.00
      10 |     1343 |     2 |     1343 |     0.00
      11 |     1790 |     2 |     1787 |     3.45
      12 |     1700 |     2 |     1700 |     0.00
      13 |     1724 |     1 |     1724 |     0.00
      14 |     1907 |     2 |     1907 |     0.00
      15 |     2259 |     1 |     2234 |    25.50
      16 |     2003 |     2 |     2003 |     0.00
      17 |     2169 |     1 |     2169 |     0.00
      18 |     2215 |     2 |     2215 |     0.00
      19 |     2781 |     1 |     2781 |     0.00
      20 |     2436 |     2 |     2436 |     0.00
      21 |     3111 |     2 |     3111 |     0.00
      22 |     2986 |     1 |     2967 |    20.71
      23 |     2971 |     2 |     2971 |     0.00
      24 |     2918 |     1 |     2918 |     0.00
      25 |     3258 |     2 |     3258 |     0.00
      26 |     3681 |     1 |     3728 |    50.76
      27 |     3468 |     1 |     3468 |     0.00
      28 |     3862 |     1 |     3750 |   123.20
      29 |     3613 |     1 |     3647 |    52.70
      30 |     3495 |     2 |     3495 |     0.00
      31 |     3579 |     2 |     3579 |     0.00
      32 |     4079 |     1 |     4079 |     0.00
      33 |     3741 |     2 |     3764 |    31.74
      34 |     3749 |     1 |     3749 |     0.00
      35 |     3854 |     2 |     3854 |     0.00
      36 |     4273 |     1 |     4273 |     0.00
      37 |     4469 |     2 |     4469 |     0.00
      38 |     4771 |     1 |     4771 |     0.00
      39 |     4836 |     2 |     4836 |     0.00
      40 |     4695 |     2 |     4695 |     0.00
      41 |     4861 |     1 |     4829 |    57.92
      42 |     5400 |     2 |     5400 |     0.00
      43 |     5536 |     1 |     5536 |     0.00
      44 |     5224 |     1 |     5224 |     0.00
      45 |     5443 |     1 |     5443 |     0.00
      46 |     5492 |     2 |     5492 |     0.00
      47 |     5373 |     1 |     5373 |     0.00
      48 |     5731 |     1 |     5731 |     0.00
      49 |     5749 |     2 |     5749 |     0.00
      50 |     5588 |     2 |     5588 |     0.00
      51 |     5649 |     1 |     5636 |    24.96
      52 |     5946 |     2 |     5946 |     0.00
      53 |     6145 |     1 |     6145 |     0.00
      54 |     6074 |     2 |     6074 |     0.00
      55 |     6223 |     1 |     6223 |     0.00
      56 |     6521 |     2 |     6521 |     0.00
      57 |     6404 |     1 |     6404 |     0.00
      58 |     6472 |     1 |     6455 |    22.44
      59 |     6344 |     2 |     6344 |     0.00
      60 |     6867 |     2 |     6867 |     0.00
      61 |     6972 |     1 |     6972 |     0.00
      62 |     7439 |     1 |     7439 |     0.00
      63 |     7635 |     2 |     7635 |     0.00
      64 |     7824 |     2 |     7824 |     0.00
      65 |     8056 |     1 |     8162 |   164.30
      66 |     8124 |     1 |     8124 |     0.00
      67 |     8080 |     2 |     8080 |     0.00
      68 |     8193 |     2 |     8149 |    55.44
      69 |     8291 |     1 |     8291 |     0.00
      70 |     8349 |     2 |     8349 |     0.00
      71 |     8715 |     1 |     8715 |     0.00
      72 |     8455 |     2 |     8455 |     0.00
      73 |     8903 |     2 |     8903 |     0.00
      74 |     9293 |     1 |     9293 |     0.00
      75 |     9508 |     2 |     9508 |     0.00
      76 |     9988 |     2 |     9988 |     0.00
      77 |     9796 |     1 |     9796 |     0.00
      78 |    10300 |     1 |    10300 |     0.00
      79 |    10108 |     2 |    10108 |     0.00
      80 |    10666 |     1 |    10666 |     0.00
      81 |    10704 |     2 |    10704 |     0.00
      82 |    10779 |     1 |    10779 |     0.00
      83 |    10944 |     2 |    10944 |     0.00
      84 |    10943 |     1 |    10943 |     0.00
      85 |    10515 |     2 |    10515 |     0.00
      86 |    11112 |     1 |    11112 |     0.00
      87 |    11288 |     2 |    11288 |     0.00
      88 |    11071 |     2 |    11071 |     0.00
      89 |    11353 |     1 |    11353 |     0.00
      90 |    11356 |     2 |    11335 |    38.85
      91 |    11443 |     1 |    11428 |    22.50
      92 |    11713 |     1 |    11713 |     0.00
      93 |    11959 |     1 |    11959 |     0.00
      94 |    12035 |     2 |    12035 |     0.00
      95 |    12049 |     1 |    12031 |    19.08
      96 |    12393 |     2 |    12393 |     0.00
      97 |    12655 |     2 |    12655 |     0.00
      98 |    12387 |     1 |    12387 |     0.00
      99 |    12550 |     1 |    12550 |     0.00
     100 |    12691 |     1 |    12691 |     0.00

(.venv) C:\Users\usuario\Desktop\AEM-2026-1\T1\FC>python main.py case1.txt 3 60

============================================================
  caso   : case1.txt  |  pistas: 3
  estado : SOLUCIÓN OPTIMA
============================================================
  costo total       : 0.00
  nodos explorados  : 21018
  checks realizados : 21018
  tiempo CPU (seg)  : 25.5405

   avion |   T asig | pista |       Pk |    costo
  ------------------------------------------------
       1 |      155 |     3 |      155 |     0.00
       2 |      250 |     2 |      250 |     0.00
       3 |       93 |     1 |       93 |     0.00
       4 |       98 |     2 |       98 |     0.00
       5 |      111 |     1 |      111 |     0.00
       6 |      120 |     1 |      120 |     0.00
       7 |      121 |     3 |      121 |     0.00
       8 |      120 |     2 |      120 |     0.00
       9 |      128 |     2 |      128 |     0.00
      10 |      151 |     1 |      151 |     0.00
      11 |      341 |     3 |      341 |     0.00
      12 |      313 |     3 |      313 |     0.00
      13 |      181 |     2 |      181 |     0.00
      14 |      171 |     3 |      171 |     0.00
      15 |      342 |     1 |      342 |     0.00

(.venv) C:\Users\usuario\Desktop\AEM-2026-1\T1\FC>python main.py case2.txt 3 60

============================================================
  caso   : case2.txt  |  pistas: 3
  estado : SOLUCIÓN OPTIMA
============================================================
  costo total       : 0.00
  nodos explorados  : 28579
  checks realizados : 28579
  tiempo CPU (seg)  : 49.5226

   avion |   T asig | pista |       Pk |    costo
  ------------------------------------------------
       1 |       82 |     1 |       82 |     0.00
       2 |      197 |     2 |      197 |     0.00
       3 |      160 |     1 |      160 |     0.00
       4 |      117 |     1 |      117 |     0.00
       5 |      261 |     1 |      261 |     0.00
       6 |      106 |     3 |      106 |     0.00
       7 |      229 |     2 |      229 |     0.00
       8 |      108 |     2 |      108 |     0.00
       9 |      132 |     1 |      132 |     0.00
      10 |      130 |     3 |      130 |     0.00
      11 |      149 |     3 |      149 |     0.00
      12 |      126 |     2 |      126 |     0.00
      13 |      336 |     1 |      336 |     0.00
      14 |      316 |     2 |      316 |     0.00
      15 |      258 |     1 |      258 |     0.00
      16 |      409 |     2 |      409 |     0.00
      17 |      338 |     3 |      338 |     0.00
      18 |      287 |     3 |      287 |     0.00
      19 |      160 |     2 |      160 |     0.00
      20 |      169 |     3 |      169 |     0.00

(.venv) C:\Users\usuario\Desktop\AEM-2026-1\T1\FC>python main.py case3.txt 3 60

============================================================
  caso   : case3.txt  |  pistas: 3
  estado : SOLUCIÓN OPTIMA
============================================================
  costo total       : 0.00
  nodos explorados  : 25074
  checks realizados : 25074
  tiempo CPU (seg)  : 48.1467

   avion |   T asig | pista |       Pk |    costo
  ------------------------------------------------
       1 |        0 |     1 |        0 |     0.00
       2 |      137 |     2 |      137 |     0.00
       3 |      271 |     3 |      271 |     0.00
       4 |      351 |     1 |      351 |     0.00
       5 |      431 |     2 |      431 |     0.00
       6 |      503 |     2 |      503 |     0.00
       7 |      626 |     1 |      626 |     0.00
       8 |      727 |     3 |      727 |     0.00
       9 |      895 |     1 |      895 |     0.00
      10 |      967 |     3 |      967 |     0.00
      11 |     1167 |     2 |     1167 |     0.00
      12 |     1239 |     3 |     1239 |     0.00
      13 |     1439 |     1 |     1439 |     0.00
      14 |     1519 |     2 |     1519 |     0.00
      15 |     1591 |     3 |     1591 |     0.00
      16 |     1791 |     1 |     1791 |     0.00
      17 |     1871 |     2 |     1871 |     0.00
      18 |     1943 |     3 |     1943 |     0.00
      19 |     2143 |     1 |     2143 |     0.00
      20 |     2223 |     2 |     2223 |     0.00
      21 |     2295 |     3 |     2295 |     0.00
      22 |     2391 |     1 |     2391 |     0.00
      23 |     2591 |     2 |     2591 |     0.00
      24 |     2663 |     3 |     2663 |     0.00
      25 |     2863 |     1 |     2863 |     0.00
      26 |     2943 |     2 |     2943 |     0.00
      27 |     3023 |     3 |     3023 |     0.00
      28 |     3103 |     1 |     3103 |     0.00
      29 |     3175 |     2 |     3175 |     0.00
      30 |     3271 |     3 |     3271 |     0.00
      31 |     3471 |     1 |     3471 |     0.00
      32 |     3543 |     2 |     3543 |     0.00
      33 |     3743 |     3 |     3743 |     0.00
      34 |     3815 |     1 |     3815 |     0.00
      35 |     3911 |     2 |     3911 |     0.00
      36 |     4111 |     3 |     4111 |     0.00
      37 |     4191 |     1 |     4191 |     0.00
      38 |     4271 |     2 |     4271 |     0.00
      39 |     4343 |     3 |     4343 |     0.00
      40 |     4439 |     1 |     4439 |     0.00
      41 |     4535 |     2 |     4535 |     0.00
      42 |     4631 |     3 |     4631 |     0.00
      43 |     4727 |     1 |     4727 |     0.00
      44 |     4927 |     2 |     4927 |     0.00

(.venv) C:\Users\usuario\Desktop\AEM-2026-1\T1\FC>python main.py case4.txt 3 60

============================================================
  caso   : case4.txt  |  pistas: 3
  estado : TIMEOUT - mejor parcial encontrado
============================================================
  costo total       : 120.60
  nodos explorados  : 8083
  checks realizados : 8083
  tiempo CPU (seg)  : 60.0302

   avion |   T asig | pista |       Pk |    costo
  ------------------------------------------------
       1 |      908 |     2 |      908 |     0.00
       2 |     1027 |     2 |     1027 |     0.00
       3 |     1378 |     2 |     1378 |     0.00
       4 |     1502 |     1 |     1502 |     0.00
       5 |     1618 |     1 |     1618 |     0.00
       6 |     1235 |     3 |     1235 |     0.00
       7 |     1520 |     3 |     1520 |     0.00
       8 |     1401 |     3 |     1401 |     0.00
       9 |     1584 |     2 |     1584 |     0.00
      10 |     1343 |     1 |     1343 |     0.00
      11 |     1787 |     1 |     1787 |     0.00
      12 |     1700 |     2 |     1700 |     0.00
      13 |     1724 |     3 |     1724 |     0.00
      14 |     1907 |     2 |     1907 |     0.00
      15 |     2234 |     1 |     2234 |     0.00
      16 |     2003 |     1 |     2003 |     0.00
      17 |     2169 |     3 |     2169 |     0.00
      18 |     2215 |     2 |     2215 |     0.00
      19 |     2781 |     1 |     2781 |     0.00
      20 |     2436 |     2 |     2436 |     0.00
      21 |     3111 |     3 |     3111 |     0.00
      22 |     2967 |     3 |     2967 |     0.00
      23 |     2971 |     1 |     2971 |     0.00
      24 |     2918 |     2 |     2918 |     0.00
      25 |     3258 |     1 |     3258 |     0.00
      26 |     3728 |     2 |     3728 |     0.00
      27 |     3468 |     1 |     3468 |     0.00
      28 |     3696 |     1 |     3750 |    64.80
      29 |     3647 |     3 |     3647 |     0.00
      30 |     3495 |     3 |     3495 |     0.00
      31 |     3579 |     2 |     3579 |     0.00
      32 |     4079 |     3 |     4079 |     0.00
      33 |     3764 |     1 |     3764 |     0.00
      34 |     3749 |     3 |     3749 |     0.00
      35 |     3854 |     2 |     3854 |     0.00
      36 |     4273 |     3 |     4273 |     0.00
      37 |     4469 |     1 |     4469 |     0.00
      38 |     4771 |     3 |     4771 |     0.00
      39 |     4836 |     1 |     4836 |     0.00
      40 |     4695 |     2 |     4695 |     0.00
      41 |     4829 |     2 |     4829 |     0.00
      42 |     5400 |     2 |     5400 |     0.00
      43 |     5536 |     1 |     5536 |     0.00
      44 |     5224 |     3 |     5224 |     0.00
      45 |     5443 |     1 |     5443 |     0.00
      46 |     5492 |     2 |     5492 |     0.00
      47 |     5373 |     3 |     5373 |     0.00
      48 |     5731 |     3 |     5731 |     0.00
      49 |     5749 |     1 |     5749 |     0.00
      50 |     5588 |     2 |     5588 |     0.00
      51 |     5636 |     3 |     5636 |     0.00
      52 |     5946 |     1 |     5946 |     0.00
      53 |     6145 |     2 |     6145 |     0.00
      54 |     6074 |     3 |     6074 |     0.00
      55 |     6223 |     1 |     6223 |     0.00
      56 |     6521 |     2 |     6521 |     0.00
      57 |     6404 |     3 |     6404 |     0.00
      58 |     6455 |     1 |     6455 |     0.00
      59 |     6344 |     2 |     6344 |     0.00
      60 |     6867 |     3 |     6867 |     0.00
      61 |     6972 |     1 |     6972 |     0.00
      62 |     7439 |     1 |     7439 |     0.00
      63 |     7635 |     2 |     7635 |     0.00
      64 |     7824 |     1 |     7824 |     0.00
      65 |     8193 |     3 |     8162 |    55.80
      66 |     8124 |     1 |     8124 |     0.00
      67 |     8080 |     3 |     8080 |     0.00
      68 |     8149 |     2 |     8149 |     0.00
      69 |     8291 |     3 |     8291 |     0.00
      70 |     8349 |     2 |     8349 |     0.00
      71 |     8715 |     1 |     8715 |     0.00
      72 |     8455 |     3 |     8455 |     0.00
      73 |     8903 |     2 |     8903 |     0.00
      74 |     9293 |     3 |     9293 |     0.00
      75 |     9508 |     2 |     9508 |     0.00
      76 |     9988 |     2 |     9988 |     0.00
      77 |     9796 |     1 |     9796 |     0.00
      78 |    10300 |     3 |    10300 |     0.00
      79 |    10108 |     1 |    10108 |     0.00
      80 |    10666 |     1 |    10666 |     0.00
      81 |    10704 |     3 |    10704 |     0.00
      82 |    10779 |     2 |    10779 |     0.00
      83 |    10944 |     2 |    10944 |     0.00
      84 |    10943 |     3 |    10943 |     0.00
      85 |    10515 |     1 |    10515 |     0.00
      86 |    11112 |     3 |    11112 |     0.00
      87 |    11288 |     2 |    11288 |     0.00
      88 |    11071 |     2 |    11071 |     0.00
      89 |    11353 |     1 |    11353 |     0.00
      90 |    11335 |     3 |    11335 |     0.00
      91 |    11428 |     2 |    11428 |     0.00
      92 |    11713 |     1 |    11713 |     0.00
      93 |    11959 |     3 |    11959 |     0.00
      94 |    12035 |     1 |    12035 |     0.00
      95 |    12031 |     2 |    12031 |     0.00
      96 |    12393 |     3 |    12393 |     0.00
      97 |    12655 |     3 |    12655 |     0.00
      98 |    12387 |     1 |    12387 |     0.00
      99 |    12550 |     2 |    12550 |     0.00
     100 |    12691 |     1 |    12691 |     0.00