185 200 5594 28159
118 433 68 187 138 261 116 285 93 142 62 232 98 52 214 381 431 254 146 237 434 64 71 231 347 101 211 97 243 306 104 228 150 205 303 475 229 328 309 51 169 447 66 189 98 198 319 415 33 245 205 106 310 465 297 490 483 432 197 213 155 227 53 319 517 190 237 475 69 370 322 32 384 496 26 80 298 405 56 226 104 52 291 389 287 377 76 148 429 289 341 337 102 88 436 167 49 378 365 61 419 179 46 21 224 512 267 501 508 324 131 66 159 388 234 362 387 490 505 292 312 60 455 413 212 289 512 361 259 209 151 130 171 449 487 89 460 155 275 458 362 416 60 357 202 414 126 133 80 392 492 74 46 385 203 516 439 36 257 156 442 164 214 192 156 163 255 73 350 136 203 186 241 322 471 95 23 139 314 227 55 370 354 220 329 
130 36 247 164 161 171 117 139 78 111 172 100 111 28 304 234 197 240 203 315 320 14 226 160 231 55 243 240 307 185 25 172 276 303 54 44 284 72 172 153 198 95 95 150 16 102 110 150 235 187 160 203 327 239 143 320 48 157 231 200 52 235 317 248 49 109 24 23 54 27 285 91 273 244 228 151 78 116 125 126 27 269 47 187 185 291 99 318 34 41 189 129 173 121 144 65 107 270 229 300 219 16 303 231 43 147 152 139 280 113 284 117 112 137 111 251 23 119 19 305 195 72 235 131 177 160 173 136 36 237 181 328 69 31 150 280 153 86 204 315 265 171 329 234 90 84 45 227 273 322 169 290 162 102 177 128 64 85 54 140 257 74 75 288 114 319 140 146 105 21 112 53 151 300 320 65 19 318 246 82 262 228 223 31 24 196 12 207 118 261 307 248 223 240 188 257 76 196 319 187 
0 0
0 3
0 8
0 10
0 11
0 25
0 26
0 28
0 30
0 32
0 36
0 43
0 50
0 53
0 56
0 66
0 68
0 71
0 73
0 78
0 82
0 93
0 105
0 113
0 115
0 119
0 121
0 137
0 139
0 141
0 143
0 146
0 148
0 152
0 179
1 2
1 12
1 13
1 21
1 25
1 32
1 36
1 40
1 75
1 78
1 84
1 87
1 106
1 108
1 111
1 124
1 127
1 141
1 142
1 144
1 147
1 149
1 154
1 157
1 162
1 169
1 181
1 183
1 192
1 193
1 197
2 3
2 16
2 17
2 23
2 26
2 29
2 30
2 35
2 37
2 45
2 56
2 62
2 69
2 105
2 109
2 129
2 136
2 140
2 157
2 161
2 167
2 189
2 190
3 1
3 2
3 9
3 10
3 11
3 15
3 24
3 25
3 29
3 33
3 34
3 41
3 51
3 61
3 69
3 72
3 73
3 77
3 83
3 94
3 98
3 100
3 101
3 103
3 104
3 109
3 113
3 117
3 119
3 132
3 143
3 157
3 161
3 168
3 172
3 178
3 180
3 187
3 191
3 194
3 195
4 4
4 13
4 15
4 16
4 17
4 30
4 31
4 37
4 41
4 42
4 45
4 47
4 52
4 53
4 54
4 65
4 69
4 76
4 81
4 84
4 89
4 91
4 105
4 119
4 127
4 135
4 152
4 159
4 162
4 168
4 177
4 178
4 187
4 189
4 190
5 6
5 19
5 20
5 42
5 45
5 61
5 69
5 75
5 78
5 86
5 100
5 110
5 111
5 113
5 133
5 136
5 141
5 146
5 151
5 152
5 153
5 155
5 157
5 160
5 166
5 167
5 169
5 180
5 181
5 187
5 189
5 197
6 6
6 20
6 27
6 31
6 33
6 36
6 39
6 54
6 64
6 65
6 69
6 73
6 79
6 90
6 100
6 101
6 113
6 121
6 130
6 138
6 139
6 140
6 175
6 190
6 191
7 8
7 16
7 22
7 32
7 36
7 48
7 52
7 54
7 56
7 65
7 67
7 83
7 85
7 86
7 87
7 89
7 93
7 97
7 101
7 104
7 111
7 113
7 127
7 130
7 145
7 148
7 150
7 155
7 163
7 167
7 182
7 192
7 194
8 14
8 16
8 21
8 54
8 58
8 60
8 65
8 70
8 78
8 79
8 81
8 82
8 90
8 101
8 106
8 107
8 108
8 130
8 135
8 140
8 147
8 149
8 172
8 182
8 187
8 190
9 8
9 15
9 22
9 28
9 29
9 34
9 40
9 42
9 43
9 46
9 58
9 60
9 61
9 62
9 63
9 65
9 72
9 86
9 97
9 103
9 106
9 123
9 126
9 133
9 139
9 141
9 154
9 159
9 160
9 175
9 190
9 193
9 196
9 199
10 1
10 2
10 4
10 8
10 10
10 20
10 34
10 37
10 46
10 48
10 50
10 57
10 78
10 95
10 100
10 112
10 123
10 126
10 129
10 145
10 148
10 151
10 156
10 163
10 166
10 185
11 8
11 18
11 25
11 27
11 32
11 42
11 43
11 48
11 51
11 60
11 62
11 63
11 66
11 69
11 76
11 77
11 88
11 92
11 95
11 117
11 120
11 121
11 134
11 148
11 156
11 157
11 182
11 186
11 188
11 192
11 197
12 3
12 4
12 11
12 13
12 16
12 22
12 32
12 33
12 34
12 37
12 45
12 54
12 66
12 79
12 81
12 91
12 98
12 116
12 123
12 124
12 131
12 132
12 135
12 142
12 144
12 149
12 154
12 157
12 158
12 173
12 175
12 178
12 184
12 185
12 191
12 197
13 2
13 9
13 16
13 21
13 25
13 32
13 56
13 64
13 66
13 79
13 87
13 91
13 103
13 128
13 135
13 142
13 143
13 144
13 145
13 158
13 188
13 190
14 1
14 6
14 8
14 48
14 58
14 64
14 69
14 74
14 77
14 88
14 93
14 100
14 101
14 104
14 113
14 114
14 116
14 126
14 160
14 169
14 176
14 181
14 186
14 188
14 194
14 195
15 13
15 14
15 26
15 29
15 33
15 36
15 51
15 69
15 72
15 85
15 89
15 98
15 99
15 114
15 122
15 124
15 140
15 150
15 156
15 158
15 160
15 161
15 168
15 185
16 2
16 7
16 22
16 25
16 36
16 41
16 42
16 50
16 60
16 65
16 70
16 71
16 84
16 92
16 107
16 109
16 110
16 121
16 128
16 137
16 139
16 151
16 155
16 157
16 164
16 185
16 186
16 188
17 14
17 19
17 23
17 39
17 46
17 65
17 90
17 96
17 98
17 101
17 110
17 112
17 125
17 128
17 133
17 174
17 175
17 179
17 187
17 191
17 192
18 5
18 9
18 10
18 11
18 16
18 22
18 37
18 42
18 46
18 51
18 57
18 62
18 69
18 73
18 74
18 84
18 85
18 86
18 100
18 105
18 117
18 118
18 119
18 121
18 123
18 126
18 127
18 134
18 138
18 140
18 147
18 153
18 170
18 171
18 175
18 182
18 183
18 198
19 4
19 9
19 21
19 29
19 35
19 38
19 48
19 59
19 60
19 75
19 81
19 82
19 88
19 94
19 95
19 103
19 104
19 106
19 108
19 116
19 120
19 125
19 126
19 131
19 133
19 138
19 150
19 162
19 171
19 175
19 178
19 190
20 15
20 16
20 23
20 25
20 34
20 51
20 55
20 66
20 78
20 80
20 85
20 92
20 93
20 109
20 114
20 120
20 122
20 126
20 134
20 147
20 157
20 159
20 160
20 163
20 166
20 170
20 175
20 176
20 181
20 190
20 191
20 193
20 194
20 195
21 5
21 6
21 20
21 38
21 45
21 48
21 52
21 53
21 56
21 57
21 66
21 68
21 69
21 70
21 79
21 85
21 87
21 107
21 110
21 112
21 115
21 116
21 117
21 124
21 125
21 128
21 133
21 134
21 135
21 140
21 147
21 150
21 164
21 168
21 169
21 179
21 181
21 183
21 192
22 1
22 7
22 11
22 14
22 18
22 46
22 53
22 57
22 68
22 80
22 81
22 85
22 93
22 95
22 97
22 102
22 104
22 113
22 121
22 132
22 139
22 140
22 155
22 164
22 174
22 175
22 177
22 180
22 184
22 188
22 189
22 197
23 1
23 4
23 14
23 21
23 23
23 24
23 31
23 34
23 37
23 38
23 39
23 56
23 67
23 75
23 76
23 82
23 86
23 94
23 95
23 98
23 100
23 101
23 112
23 120
23 129
23 132
23 138
23 146
23 152
23 156
23 172
23 177
23 195
24 1
24 4
24 5
24 18
24 34
24 36
24 48
24 56
24 57
24 59
24 60
24 66
24 75
24 80
24 83
24 89
24 99
24 106
24 113
24 118
24 119
24 120
24 132
24 133
24 138
24 144
24 145
24 152
24 170
24 182
24 184
24 186
24 188
24 190
25 1
25 5
25 7
25 9
25 12
25 38
25 53
25 66
25 70
25 77
25 100
25 110
25 117
25 121
25 125
25 127
25 129
25 135
25 149
25 156
25 157
25 172
25 175
25 177
25 179
25 190
25 195
26 3
26 4
26 14
26 34
26 35
26 36
26 43
26 46
26 49
26 53
26 67
26 74
26 82
26 90
26 95
26 100
26 112
26 121
26 122
26 125
26 126
26 130
26 136
26 137
26 146
26 151
26 158
26 165
26 173
26 174
26 178
26 181
27 0
27 3
27 8
27 14
27 15
27 17
27 19
27 22
27 31
27 36
27 38
27 47
27 64
27 67
27 69
27 73
27 97
27 100
27 101
27 104
27 108
27 125
27 126
27 128
27 131
27 137
27 138
27 153
27 163
27 181
27 182
27 195
27 196
28 7
28 11
28 14
28 18
28 22
28 24
28 27
28 34
28 40
28 45
28 48
28 50
28 56
28 81
28 90
28 97
28 103
28 105
28 116
28 126
28 132
28 140
28 155
28 158
28 161
28 176
28 180
28 190
28 197
29 0
29 6
29 8
29 11
29 15
29 27
29 28
29 51
29 52
29 66
29 68
29 82
29 89
29 93
29 94
29 99
29 101
29 106
29 108
29 109
29 119
29 130
29 138
29 152
29 153
29 155
29 166
29 172
29 173
29 175
29 179
29 184
29 187
29 191
30 1
30 2
30 4
30 6
30 11
30 20
30 23
30 28
30 32
30 36
30 42
30 61
30 71
30 72
30 76
30 90
30 101
30 111
30 118
30 121
30 122
30 125
30 134
30 137
30 139
30 141
30 147
30 164
30 182
30 192
31 6
31 10
31 16
31 18
31 20
31 23
31 25
31 26
31 34
31 40
31 41
31 42
31 45
31 46
31 50
31 51
31 52
31 60
31 62
31 63
31 72
31 73
31 82
31 87
31 89
31 93
31 114
31 119
31 121
31 127
31 138
31 140
31 141
31 147
31 160
31 165
31 174
31 178
31 184
31 190
31 193
32 6
32 12
32 14
32 17
32 31
32 33
32 40
32 49
32 57
32 68
32 78
32 94
32 95
32 99
32 100
32 113
32 114
32 117
32 122
32 123
32 124
32 127
32 141
32 155
32 158
32 162
32 183
32 197
32 198
33 9
33 15
33 25
33 31
33 33
33 36
33 50
33 55
33 69
33 85
33 98
33 100
33 104
33 117
33 119
33 124
33 125
33 127
33 144
33 150
33 157
33 158
33 167
33 175
33 182
33 192
34 4
34 7
34 15
34 31
34 38
34 42
34 43
34 46
34 47
34 50
34 57
34 70
34 72
34 74
34 83
34 90
34 109
34 120
34 126
34 129
34 135
34 137
34 141
34 147
34 148
34 154
34 169
34 173
34 182
34 187
34 188
34 191
34 193
34 194
34 198
35 23
35 28
35 32
35 37
35 41
35 48
35 49
35 62
35 64
35 66
35 67
35 87
35 96
35 97
35 109
35 111
35 115
35 127
35 131
35 143
35 147
35 148
35 155
35 160
35 164
35 165
35 182
35 186
35 192
35 196
36 10
36 38
36 41
36 56
36 58
36 66
36 69
36 73
36 75
36 83
36 85
36 89
36 103
36 104
36 111
36 112
36 113
36 117
36 119
36 121
36 122
36 131
36 132
36 134
36 137
36 144
36 153
36 155
36 157
36 166
36 175
36 190
36 192
36 193
37 2
37 4
37 6
37 14
37 29
37 32
37 38
37 41
37 46
37 60
37 84
37 86
37 90
37 92
37 95
37 112
37 134
37 142
37 145
37 146
37 147
37 150
37 166
37 168
37 173
38 7
38 14
38 38
38 44
38 46
38 62
38 73
38 74
38 87
38 101
38 103
38 104
38 110
38 113
38 114
38 116
38 124
38 129
38 136
38 143
38 146
38 147
38 148
38 150
38 151
38 154
38 167
38 169
38 182
38 186
38 191
38 195
39 4
39 12
39 15
39 18
39 25
39 29
39 39
39 40
39 43
39 50
39 54
39 64
39 67
39 68
39 76
39 82
39 86
39 87
39 93
39 96
39 111
39 114
39 119
39 120
39 121
39 140
39 141
39 154
39 157
39 167
39 171
39 173
39 184
39 186
40 2
40 16
40 24
40 32
40 34
40 45
40 46
40 50
40 51
40 56
40 68
40 71
40 72
40 74
40 80
40 108
40 112
40 117
40 125
40 129
40 144
40 163
40 166
40 170
40 182
40 183
40 189
40 195
41 0
41 17
41 19
41 20
41 21
41 24
41 39
41 58
41 59
41 66
41 77
41 84
41 87
41 111
41 113
41 114
41 123
41 124
41 143
41 152
41 159
41 161
41 175
41 189
41 191
41 193
41 194
41 197
42 6
42 9
42 13
42 19
42 24
42 26
42 28
42 37
42 50
42 54
42 56
42 63
42 66
42 73
42 74
42 78
42 80
42 99
42 100
42 104
42 105
42 109
42 110
42 113
42 117
42 120
42 127
42 143
42 144
42 150
42 158
42 166
42 187
42 192
42 194
42 199
43 9
43 10
43 12
43 18
43 23
43 26
43 29
43 41
43 51
43 62
43 63
43 77
43 90
43 103
43 104
43 112
43 113
43 117
43 119
43 125
43 132
43 149
43 155
43 157
43 160
43 161
43 163
43 168
43 173
43 175
43 176
43 178
43 181
43 183
43 186
43 192
44 0
44 1
44 14
44 16
44 20
44 24
44 46
44 58
44 61
44 62
44 64
44 65
44 69
44 72
44 77
44 80
44 84
44 85
44 89
44 108
44 113
44 114
44 120
44 128
44 138
44 148
44 166
44 170
44 176
44 180
44 182
44 190
44 199
45 4
45 10
45 13
45 17
45 23
45 26
45 32
45 44
45 46
45 49
45 60
45 70
45 71
45 74
45 76
45 77
45 87
45 92
45 96
45 106
45 109
45 114
45 116
45 121
45 126
45 137
45 143
45 154
45 166
45 169
45 172
45 183
45 199
46 3
46 4
46 13
46 14
46 23
46 25
46 26
46 45
46 52
46 55
46 61
46 66
46 73
46 77
46 94
46 103
46 106
46 109
46 117
46 131
46 132
46 133
46 140
46 143
46 147
46 154
46 156
46 157
46 163
46 164
46 169
46 176
46 190
47 4
47 11
47 26
47 30
47 40
47 50
47 57
47 62
47 64
47 67
47 74
47 80
47 86
47 89
47 91
47 101
47 114
47 115
47 117
47 122
47 128
47 134
47 140
47 146
47 148
47 169
47 186
47 195
48 10
48 15
48 33
48 34
48 46
48 50
48 51
48 53
48 57
48 69
48 73
48 82
48 85
48 86
48 87
48 97
48 132
48 139
48 158
48 169
48 181
48 190
48 193
49 26
49 32
49 33
49 43
49 50
49 55
49 68
49 69
49 71
49 76
49 78
49 87
49 88
49 90
49 99
49 102
49 105
49 110
49 114
49 118
49 134
49 137
49 139
49 156
49 159
49 164
49 174
49 182
49 195
50 6
50 13
50 17
50 35
50 36
50 45
50 50
50 51
50 66
50 68
50 71
50 79
50 95
50 96
50 100
50 102
50 104
50 112
50 117
50 118
50 120
50 121
50 122
50 128
50 137
50 142
50 165
50 171
50 174
50 178
50 182
50 183
50 185
50 192
51 6
51 13
51 15
51 17
51 25
51 26
51 29
51 31
51 38
51 45
51 57
51 59
51 61
51 67
51 80
51 81
51 95
51 103
51 108
51 118
51 128
51 130
51 131
51 133
51 139
51 141
51 143
51 163
51 169
51 172
51 173
51 180
51 192
51 194
51 197
51 199
52 2
52 15
52 23
52 27
52 29
52 42
52 47
52 62
52 68
52 78
52 81
52 87
52 90
52 92
52 94
52 119
52 122
52 142
52 147
52 149
52 164
52 182
52 185
52 187
53 3
53 4
53 9
53 15
53 26
53 34
53 41
53 52
53 70
53 80
53 84
53 92
53 98
53 101
53 110
53 118
53 119
53 136
53 138
53 149
53 159
53 162
53 164
53 165
53 170
53 171
53 178
53 179
53 185
53 192
53 193
54 11
54 16
54 19
54 38
54 41
54 43
54 69
54 74
54 89
54 91
54 92
54 95
54 103
54 108
54 109
54 122
54 128
54 131
54 135
54 150
54 154
54 171
54 177
54 179
54 189
55 10
55 16
55 18
55 19
55 20
55 21
55 33
55 40
55 44
55 46
55 49
55 53
55 57
55 73
55 76
55 78
55 91
55 92
55 100
55 105
55 110
55 113
55 115
55 116
55 121
55 126
55 129
55 135
55 138
55 162
55 165
55 166
55 167
55 173
55 180
55 183
55 193
56 1
56 8
56 11
56 15
56 18
56 19
56 35
56 36
56 40
56 45
56 46
56 47
56 53
56 63
56 64
56 69
56 72
56 73
56 77
56 84
56 86
56 89
56 90
56 101
56 110
56 129
56 143
56 144
56 149
56 159
56 164
56 168
56 171
56 183
56 185
56 192
57 42
57 58
57 63
57 81
57 85
57 90
57 91
57 94
57 105
57 108
57 112
57 116
57 124
57 133
57 134
57 137
57 142
57 143
57 144
57 159
57 181
57 185
57 190
58 10
58 15
58 22
58 26
58 30
58 36
58 46
58 50
58 52
58 55
58 61
58 66
58 71
58 76
58 89
58 93
58 102
58 103
58 126
58 138
58 141
58 156
58 159
58 163
58 169
58 185
58 193
58 199
59 2
59 6
59 11
59 20
59 36
59 37
59 39
59 44
59 52
59 58
59 66
59 85
59 91
59 94
59 97
59 102
59 108
59 112
59 121
59 128
59 129
59 137
59 140
59 153
59 159
59 171
59 180
59 185
60 7
60 19
60 21
60 25
60 27
60 38
60 44
60 47
60 48
60 56
60 62
60 63
60 66
60 71
60 75
60 80
60 86
60 92
60 101
60 103
60 109
60 112
60 117
60 124
60 126
60 143
60 154
60 156
60 157
60 158
60 162
60 182
60 195
61 6
61 8
61 14
61 19
61 20
61 29
61 39
61 42
61 52
61 53
61 61
61 76
61 79
61 109
61 110
61 117
61 122
61 130
61 134
61 135
61 138
61 143
61 165
61 187
61 192
62 8
62 10
62 25
62 33
62 38
62 47
62 48
62 59
62 63
62 64
62 72
62 73
62 81
62 94
62 95
62 110
62 113
62 116
62 123
62 126
62 137
62 140
62 148
62 150
62 151
62 163
62 170
62 172
62 173
62 180
62 183
62 186
62 189
62 199
63 1
63 18
63 22
63 28
63 29
63 33
63 37
63 42
63 46
63 49
63 50
63 53
63 65
63 69
63 73
63 74
63 87
63 89
63 93
63 98
63 107
63 128
63 131
63 141
63 144
63 153
63 162
63 168
63 177
63 181
63 191
64 4
64 20
64 27
64 29
64 31
64 40
64 51
64 57
64 60
64 62
64 65
64 66
64 67
64 70
64 81
64 83
64 90
64 103
64 107
64 110
64 111
64 117
64 120
64 123
64 126
64 129
64 136
64 140
64 142
64 148
64 151
64 152
64 154
64 169
64 175
64 178
64 181
64 189
65 0
65 23
65 26
65 43
65 47
65 58
65 65
65 76
65 91
65 97
65 98
65 109
65 114
65 117
65 122
65 129
65 132
65 133
65 145
65 146
65 149
65 153
65 158
65 161
65 165
65 167
65 168
65 185
65 191
66 0
66 8
66 25
66 29
66 30
66 32
66 40
66 41
66 43
66 49
66 58
66 66
66 71
66 75
66 76
66 77
66 78
66 81
66 85
66 96
66 98
66 120
66 134
66 139
66 141
66 150
66 152
66 163
66 192
67 3
67 12
67 15
67 19
67 26
67 30
67 38
67 44
67 47
67 50
67 61
67 65
67 69
67 80
67 86
67 93
67 95
67 102
67 112
67 114
67 118
67 121
67 124
67 143
67 144
67 166
67 169
67 179
67 186
67 191
67 193
67 194
68 1
68 4
68 33
68 42
68 48
68 51
68 64
68 65
68 66
68 68
68 71
68 74
68 80
68 89
68 95
68 97
68 100
68 108
68 113
68 116
68 119
68 123
68 128
68 129
68 141
68 164
68 177
68 184
68 189
68 194
68 199
69 1
69 11
69 17
69 22
69 38
69 45
69 46
69 59
69 74
69 75
69 81
69 84
69 103
69 116
69 120
69 122
69 128
69 135
69 142
69 147
69 149
69 160
69 166
69 167
69 168
69 172
69 173
69 175
69 176
69 180
69 183
69 186
70 0
70 1
70 4
70 8
70 12
70 19
70 32
70 35
70 37
70 46
70 47
70 64
70 67
70 70
70 76
70 79
70 85
70 90
70 103
70 110
70 112
70 117
70 118
70 119
70 131
70 136
70 138
70 140
70 145
70 148
70 156
70 168
70 174
70 188
71 4
71 9
71 13
71 21
71 22
71 23
71 31
71 35
71 37
71 50
71 56
71 63
71 83
71 108
71 126
71 128
71 131
71 132
71 135
71 142
71 147
71 172
71 175
71 178
71 181
71 186
71 191
71 194
71 198
71 199
72 7
72 20
72 22
72 30
72 41
72 46
72 48
72 55
72 60
72 61
72 66
72 77
72 107
72 108
72 145
72 161
72 165
72 167
72 176
72 178
72 183
72 186
72 198
73 0
73 1
73 2
73 3
73 8
73 16
73 20
73 24
73 25
73 47
73 53
73 54
73 60
73 64
73 67
73 84
73 97
73 100
73 102
73 106
73 115
73 125
73 136
73 140
73 141
73 142
73 146
73 149
73 151
73 156
73 166
73 171
73 173
73 174
73 175
73 191
73 196
73 199
74 2
74 9
74 10
74 11
74 21
74 32
74 33
74 34
74 39
74 40
74 44
74 49
74 53
74 77
74 84
74 87
74 89
74 91
74 104
74 105
74 107
74 112
74 117
74 128
74 130
74 132
74 137
74 141
74 146
74 147
74 156
74 160
74 161
74 164
74 167
74 172
74 180
74 181
74 183
74 186
74 192
74 196
75 8
75 17
75 35
75 39
75 42
75 61
75 65
75 68
75 73
75 78
75 81
75 94
75 104
75 110
75 117
75 120
75 130
75 132
75 133
75 148
75 154
75 167
75 169
75 182
75 184
75 186
75 191
75 193
75 195
75 196
76 16
76 26
76 27
76 34
76 43
76 50
76 59
76 63
76 80
76 93
76 106
76 108
76 110
76 111
76 116
76 126
76 132
76 136
76 143
76 160
76 165
76 171
76 174
76 175
76 176
76 198
77 3
77 5
77 12
77 30
77 43
77 52
77 69
77 90
77 93
77 101
77 114
77 119
77 126
77 132
77 137
77 141
77 148
77 153
77 157
77 159
77 172
77 175
77 189
77 192
78 2
78 9
78 10
78 13
78 14
78 16
78 39
78 50
78 55
78 70
78 72
78 73
78 84
78 86
78 89
78 95
78 103
78 105
78 110
78 118
78 128
78 143
78 152
78 165
78 166
78 176
78 179
78 190
78 196
79 3
79 7
79 13
79 21
79 34
79 37
79 40
79 78
79 79
79 85
79 92
79 97
79 103
79 111
79 125
79 129
79 138
79 146
79 150
79 159
79 162
79 167
79 172
79 175
79 188
79 195
80 7
80 19
80 34
80 35
80 37
80 39
80 44
80 51
80 54
80 57
80 62
80 65
80 80
80 82
80 88
80 89
80 93
80 95
80 97
80 109
80 115
80 120
80 127
80 129
80 136
80 137
80 141
80 146
80 156
80 157
80 160
80 163
80 166
80 171
80 176
80 180
80 182
80 190
80 197
81 2
81 3
81 6
81 9
81 15
81 18
81 20
81 23
81 27
81 41
81 47
81 66
81 77
81 82
81 86
81 88
81 100
81 106
81 107
81 113
81 124
81 125
81 131
81 149
81 156
81 162
81 167
81 173
81 176
81 196
81 197
81 198
82 2
82 4
82 8
82 19
82 20
82 24
82 36
82 37
82 45
82 62
82 91
82 92
82 94
82 95
82 98
82 99
82 113
82 120
82 122
82 124
82 132
82 146
82 147
82 154
83 2
83 4
83 14
83 18
83 65
83 70
83 82
83 83
83 84
83 95
83 96
83 98
83 100
83 104
83 120
83 124
83 132
83 139
83 140
83 153
83 166
83 176
83 191
83 196
84 2
84 6
84 17
84 18
84 28
84 29
84 32
84 33
84 55
84 80
84 87
84 89
84 102
84 104
84 111
84 116
84 122
84 123
84 130
84 131
84 149
84 151
84 167
84 172
84 176
84 181
84 196
85 1
85 2
85 15
85 27
85 31
85 63
85 64
85 69
85 74
85 78
85 79
85 85
85 86
85 88
85 89
85 95
85 97
85 109
85 111
85 123
85 135
85 141
85 144
85 160
85 163
85 172
85 182
85 183
85 191
85 198
86 0
86 1
86 3
86 6
86 27
86 35
86 37
86 48
86 62
86 66
86 71
86 74
86 75
86 80
86 89
86 90
86 92
86 96
86 103
86 104
86 114
86 118
86 130
86 143
86 173
86 174
86 179
86 193
87 7
87 11
87 30
87 31
87 47
87 52
87 58
87 64
87 73
87 86
87 88
87 93
87 102
87 103
87 116
87 121
87 126
87 140
87 151
87 161
87 163
87 165
87 167
87 173
87 177
87 179
87 187
87 193
88 0
88 5
88 13
88 18
88 22
88 24
88 35
88 37
88 41
88 44
88 52
88 57
88 62
88 63
88 64
88 77
88 85
88 87
88 97
88 98
88 99
88 102
88 117
88 118
88 126
88 127
88 130
88 131
88 132
88 154
88 174
88 192
88 199
89 0
89 23
89 27
89 32
89 36
89 39
89 45
89 47
89 79
89 80
89 83
89 85
89 86
89 91
89 105
89 137
89 140
89 156
89 170
89 171
89 173
89 182
89 188
89 193
89 198
89 199
90 17
90 30
90 32
90 39
90 49
90 51
90 53
90 65
90 78
90 85
90 92
90 101
90 107
90 110
90 113
90 129
90 130
90 133
90 140
90 158
90 160
90 184
90 185
90 187
90 189
90 194
91 11
91 24
91 25
91 34
91 37
91 47
91 61
91 86
91 88
91 96
91 115
91 118
91 123
91 126
91 130
91 134
91 135
91 138
91 155
91 156
91 159
91 164
91 167
91 170
91 180
91 188
91 198
92 1
92 8
92 13
92 17
92 22
92 33
92 41
92 46
92 52
92 56
92 63
92 69
92 73
92 75
92 76
92 78
92 96
92 116
92 124
92 126
92 131
92 138
92 143
92 150
92 155
92 165
92 178
92 185
92 189
92 192
93 21
93 28
93 38
93 51
93 54
93 58
93 64
93 72
93 74
93 83
93 91
93 105
93 110
93 111
93 114
93 120
93 128
93 139
93 141
93 144
93 152
93 156
93 161
93 163
93 164
93 167
93 173
93 176
93 179
93 182
93 196
93 198
94 3
94 7
94 10
94 16
94 21
94 24
94 30
94 48
94 58
94 85
94 91
94 97
94 100
94 102
94 105
94 110
94 123
94 129
94 135
94 161
94 171
94 172
94 180
94 187
94 194
94 195
94 199
95 27
95 31
95 39
95 42
95 43
95 48
95 58
95 62
95 63
95 66
95 72
95 80
95 83
95 101
95 122
95 125
95 134
95 137
95 139
95 141
95 148
95 149
95 158
95 168
95 172
95 173
95 175
95 181
95 183
95 189
95 197
96 5
96 12
96 14
96 22
96 27
96 43
96 48
96 49
96 57
96 58
96 63
96 67
96 70
96 73
96 76
96 80
96 94
96 96
96 101
96 108
96 122
96 125
96 131
96 140
96 151
96 152
96 157
96 170
96 175
96 191
96 193
96 199
97 19
97 26
97 28
97 32
97 40
97 47
97 53
97 59
97 65
97 66
97 75
97 85
97 92
97 98
97 106
97 112
97 119
97 127
97 138
97 161
97 165
97 180
97 183
97 190
97 193
97 196
98 25
98 26
98 35
98 52
98 72
98 75
98 77
98 78
98 82
98 97
98 102
98 110
98 118
98 152
98 156
98 165
98 168
98 169
98 185
98 187
98 188
98 191
99 1
99 11
99 15
99 31
99 32
99 41
99 49
99 52
99 53
99 65
99 66
99 75
99 108
99 127
99 140
99 141
99 143
99 157
99 158
99 164
99 176
99 189
99 192
99 193
100 0
100 4
100 32
100 37
100 38
100 40
100 41
100 44
100 47
100 60
100 63
100 65
100 76
100 79
100 103
100 116
100 117
100 131
100 139
100 152
100 161
100 162
100 163
100 173
100 174
100 180
100 182
100 193
100 195
100 199
101 2
101 29
101 36
101 44
101 45
101 48
101 50
101 51
101 56
101 59
101 61
101 75
101 76
101 79
101 92
101 112
101 115
101 118
101 127
101 149
101 158
101 164
101 178
101 181
101 182
101 186
101 192
101 198
101 199
102 3
102 4
102 11
102 13
102 18
102 22
102 24
102 28
102 34
102 48
102 50
102 51
102 62
102 74
102 79
102 84
102 88
102 93
102 94
102 99
102 105
102 106
102 112
102 114
102 118
102 133
102 136
102 140
102 146
102 157
102 161
102 169
102 181
102 187
102 194
102 195
103 9
103 22
103 26
103 34
103 39
103 42
103 43
103 68
103 70
103 81
103 86
103 121
103 125
103 154
103 169
103 187
103 188
104 1
104 2
104 10
104 22
104 24
104 30
104 31
104 42
104 49
104 61
104 75
104 76
104 83
104 114
104 115
104 117
104 120
104 122
104 127
104 135
104 138
104 141
104 158
104 160
104 165
104 169
104 170
104 171
104 193
105 2
105 8
105 16
105 22
105 26
105 34
105 40
105 46
105 61
105 73
105 76
105 82
105 90
105 111
105 113
105 127
105 129
105 133
105 145
105 147
105 149
105 157
105 162
105 164
105 167
105 174
106 0
106 1
106 2
106 3
106 6
106 42
106 53
106 55
106 61
106 63
106 68
106 74
106 78
106 89
106 91
106 108
106 110
106 115
106 116
106 117
106 118
106 123
106 145
106 153
106 161
106 166
106 174
106 178
106 180
106 199
107 2
107 20
107 44
107 45
107 55
107 59
107 72
107 79
107 82
107 89
107 95
107 97
107 100
107 108
107 112
107 117
107 119
107 124
107 125
107 129
107 138
107 143
107 145
107 153
107 156
107 158
107 164
107 178
107 181
107 183
107 184
108 20
108 21
108 29
108 35
108 36
108 38
108 52
108 58
108 59
108 62
108 64
108 75
108 79
108 83
108 85
108 86
108 89
108 94
108 109
108 122
108 124
108 130
108 131
108 134
108 141
108 145
108 149
108 150
108 153
108 159
108 160
108 163
108 167
108 168
108 181
108 185
108 194
109 1
109 6
109 14
109 16
109 21
109 25
109 32
109 44
109 47
109 51
109 52
109 58
109 71
109 77
109 80
109 86
109 101
109 112
109 117
109 119
109 125
109 127
109 128
109 133
109 140
109 142
109 144
109 146
109 148
109 149
109 167
109 169
109 170
109 172
109 174
109 175
109 185
109 187
110 2
110 3
110 9
110 23
110 31
110 32
110 41
110 42
110 44
110 45
110 51
110 80
110 85
110 86
110 96
110 109
110 116
110 122
110 123
110 124
110 131
110 132
110 133
110 134
110 136
110 140
110 151
110 157
110 158
110 161
110 168
110 184
110 186
110 194
110 195
110 198
111 8
111 10
111 16
111 26
111 27
111 30
111 38
111 40
111 44
111 49
111 56
111 66
111 78
111 82
111 83
111 92
111 94
111 97
111 103
111 142
111 143
111 157
111 171
111 177
111 182
112 1
112 10
112 19
112 24
112 28
112 32
112 37
112 39
112 42
112 43
112 44
112 47
112 57
112 76
112 84
112 87
112 98
112 101
112 103
112 105
112 109
112 111
112 117
112 126
112 131
112 133
112 134
112 136
112 159
112 170
112 177
112 178
112 183
112 186
112 193
113 0
113 3
113 21
113 24
113 29
113 36
113 38
113 44
113 48
113 49
113 56
113 75
113 76
113 83
113 87
113 89
113 109
113 112
113 127
113 132
113 146
113 154
113 173
113 174
113 175
113 182
113 194
113 195
113 196
114 8
114 21
114 27
114 30
114 31
114 49
114 51
114 56
114 67
114 68
114 73
114 74
114 78
114 82
114 87
114 88
114 91
114 95
114 121
114 123
114 125
114 130
114 137
114 142
114 143
114 146
114 147
114 162
114 166
114 169
114 181
114 189
114 194
115 2
115 6
115 22
115 35
115 45
115 59
115 66
115 67
115 70
115 75
115 79
115 86
115 88
115 90
115 99
115 101
115 104
115 105
115 121
115 122
115 123
115 128
115 141
115 142
115 149
115 154
115 166
115 173
115 176
115 177
115 186
116 6
116 7
116 8
116 9
116 10
116 17
116 29
116 37
116 48
116 50
116 68
116 69
116 76
116 89
116 94
116 95
116 102
116 104
116 107
116 110
116 120
116 121
116 125
116 128
116 131
116 132
116 141
116 144
116 153
116 164
116 180
116 193
117 6
117 16
117 28
117 35
117 41
117 46
117 56
117 59
117 63
117 67
117 71
117 73
117 76
117 84
117 110
117 114
117 124
117 128
117 143
117 151
117 153
117 165
117 173
117 186
117 189
117 191
117 198
118 10
118 18
118 31
118 34
118 38
118 39
118 49
118 57
118 69
118 73
118 74
118 76
118 87
118 93
118 99
118 100
118 107
118 118
118 127
118 144
118 151
118 152
118 153
118 184
118 187
118 191
119 0
119 8
119 14
119 25
119 27
119 33
119 39
119 41
119 44
119 47
119 57
119 68
119 69
119 73
119 80
119 86
119 92
119 99
119 104
119 108
119 112
119 117
119 135
119 138
119 142
119 145
119 152
119 165
119 170
119 172
119 173
119 175
119 178
119 182
119 183
119 185
119 198
120 0
120 4
120 5
120 18
120 19
120 24
120 43
120 46
120 51
120 52
120 53
120 60
120 72
120 99
120 101
120 103
120 108
120 120
120 125
120 126
120 137
120 144
120 146
120 152
120 167
120 168
120 169
120 174
120 181
120 183
121 13
121 21
121 25
121 33
121 34
121 37
121 43
121 60
121 66
121 68
121 74
121 81
121 87
121 92
121 95
121 97
121 120
121 124
121 139
121 149
121 157
121 158
121 172
121 176
121 183
121 190
122 10
122 19
122 37
122 40
122 49
122 50
122 72
122 98
122 102
122 104
122 112
122 123
122 124
122 127
122 144
122 163
122 174
122 176
122 178
122 196
122 199
123 2
123 16
123 17
123 26
123 27
123 30
123 32
123 33
123 40
123 42
123 48
123 50
123 58
123 61
123 65
123 67
123 71
123 81
123 92
123 104
123 116
123 122
123 133
123 137
123 143
123 145
123 159
123 163
123 165
123 175
123 176
123 177
124 2
124 13
124 18
124 25
124 33
124 34
124 35
124 39
124 43
124 44
124 50
124 67
124 79
124 90
124 97
124 98
124 100
124 104
124 114
124 119
124 122
124 138
124 141
124 142
124 144
124 150
124 162
124 163
124 174
124 179
124 188
125 0
125 6
125 9
125 23
125 36
125 37
125 44
125 51
125 57
125 71
125 88
125 99
125 100
125 109
125 115
125 118
125 120
125 123
125 130
125 149
125 150
125 151
125 164
125 178
125 185
125 189
125 196
126 3
126 9
126 14
126 16
126 48
126 49
126 60
126 68
126 69
126 78
126 100
126 122
126 123
126 136
126 139
126 146
126 156
126 165
126 170
126 172
126 191
126 194
127 2
127 14
127 36
127 38
127 48
127 52
127 70
127 72
127 74
127 75
127 80
127 83
127 90
127 91
127 117
127 129
127 147
127 152
127 166
127 191
127 192
127 193
127 194
127 196
128 12
128 16
128 17
128 18
128 20
128 28
128 38
128 44
128 48
128 52
128 70
128 75
128 80
128 81
128 86
128 90
128 97
128 103
128 120
128 123
128 129
128 131
128 134
128 146
128 147
128 162
128 165
128 170
128 172
128 184
128 188
128 191
129 0
129 3
129 6
129 25
129 47
129 60
129 61
129 72
129 86
129 92
129 93
129 95
129 96
129 97
129 99
129 103
129 119
129 122
129 134
129 135
129 161
129 167
129 171
129 174
129 175
129 177
129 182
129 183
129 186
129 187
129 189
129 199
130 6
130 10
130 13
130 24
130 34
130 36
130 60
130 67
130 69
130 72
130 78
130 97
130 99
130 103
130 111
130 121
130 123
130 126
130 128
130 134
130 146
130 148
130 163
130 164
130 168
130 169
130 172
130 173
130 177
130 182
130 185
130 195
131 9
131 22
131 24
131 30
131 32
131 36
131 37
131 39
131 48
131 49
131 51
131 54
131 62
131 70
131 72
131 76
131 86
131 92
131 93
131 94
131 95
131 117
131 118
131 123
131 127
131 132
131 135
131 151
131 152
131 158
131 163
131 165
131 169
131 173
131 181
131 184
131 196
131 199
132 28
132 30
132 32
132 47
132 50
132 55
132 70
132 75
132 81
132 87
132 91
132 95
132 96
132 104
132 144
132 160
132 161
132 163
132 165
132 169
132 172
132 174
132 175
132 197
133 17
133 22
133 27
133 29
133 33
133 37
133 38
133 43
133 44
133 52
133 53
133 58
133 59
133 60
133 64
133 75
133 79
133 98
133 111
133 119
133 124
133 149
133 154
133 159
133 160
133 165
133 166
133 169
133 172
133 185
133 187
133 188
133 189
134 11
134 22
134 24
134 26
134 27
134 35
134 39
134 54
134 60
134 74
134 82
134 107
134 132
134 146
134 149
134 159
134 161
134 170
134 185
134 187
134 193
135 1
135 2
135 8
135 15
135 21
135 24
135 25
135 26
135 30
135 35
135 38
135 40
135 50
135 72
135 81
135 82
135 85
135 89
135 93
135 101
135 105
135 119
135 124
135 128
135 135
135 137
135 146
135 150
135 159
135 161
135 168
135 174
135 185
135 195
135 196
135 197
136 0
136 2
136 5
136 24
136 31
136 35
136 45
136 63
136 74
136 79
136 84
136 95
136 99
136 111
136 117
136 159
136 164
136 166
136 168
136 170
136 171
136 174
136 175
136 182
137 12
137 18
137 19
137 58
137 59
137 62
137 72
137 77
137 79
137 85
137 90
137 123
137 144
137 153
137 162
137 174
137 177
137 180
137 181
137 187
138 3
138 4
138 8
138 29
138 35
138 41
138 55
138 56
138 58
138 70
138 72
138 73
138 74
138 82
138 89
138 90
138 98
138 110
138 120
138 128
138 132
138 138
138 139
138 144
138 147
138 152
138 155
138 156
138 172
138 182
138 188
138 193
139 0
139 23
139 28
139 29
139 53
139 61
139 62
139 71
139 76
139 90
139 92
139 99
139 102
139 103
139 115
139 116
139 120
139 132
139 137
139 141
139 143
139 165
139 167
139 178
139 182
139 194
140 15
140 27
140 38
140 50
140 54
140 61
140 66
140 67
140 76
140 81
140 82
140 87
140 100
140 110
140 112
140 116
140 121
140 123
140 125
140 128
140 144
140 151
140 154
140 156
140 159
140 165
140 189
140 190
140 196
141 4
141 25
141 26
141 28
141 30
141 38
141 50
141 53
141 66
141 70
141 75
141 80
141 91
141 93
141 105
141 107
141 112
141 115
141 124
141 136
141 144
141 150
141 160
141 178
141 179
141 186
141 189
141 193
141 198
142 1
142 13
142 18
142 23
142 25
142 42
142 48
142 49
142 50
142 61
142 66
142 68
142 69
142 80
142 86
142 112
142 117
142 125
142 137
142 142
142 150
142 151
142 154
142 165
142 178
142 186
143 2
143 14
143 18
143 20
143 21
143 37
143 38
143 39
143 40
143 48
143 56
143 59
143 71
143 81
143 90
143 97
143 101
143 102
143 103
143 121
143 126
143 136
143 139
143 143
143 153
143 154
143 157
143 158
143 161
143 166
143 174
143 176
144 3
144 14
144 23
144 24
144 27
144 44
144 45
144 47
144 48
144 71
144 74
144 77
144 88
144 89
144 90
144 102
144 104
144 114
144 117
144 119
144 120
144 121
144 126
144 141
144 144
144 153
144 157
144 158
144 170
144 173
144 181
144 188
144 197
144 199
145 3
145 6
145 9
145 14
145 15
145 21
145 27
145 39
145 43
145 51
145 57
145 61
145 70
145 71
145 74
145 76
145 91
145 94
145 99
145 102
145 109
145 110
145 113
145 115
145 121
145 128
145 135
145 140
145 141
145 142
145 146
145 147
145 154
145 163
145 192
145 193
145 198
146 9
146 10
146 11
146 13
146 28
146 43
146 50
146 57
146 76
146 77
146 79
146 88
146 92
146 97
146 101
146 115
146 119
146 136
146 141
146 143
146 152
146 156
146 164
146 172
146 180
146 185
146 194
147 16
147 18
147 23
147 29
147 30
147 38
147 39
147 40
147 47
147 51
147 55
147 62
147 64
147 65
147 72
147 76
147 90
147 94
147 95
147 96
147 109
147 111
147 113
147 117
147 134
147 136
147 142
147 144
147 146
147 167
147 173
147 175
147 179
147 184
147 186
147 190
147 191
148 6
148 18
148 23
148 37
148 41
148 47
148 49
148 50
148 51
148 63
148 90
148 91
148 92
148 94
148 108
148 114
148 127
148 131
148 132
148 133
148 142
148 148
148 160
148 162
148 170
148 173
148 180
148 181
148 182
148 186
148 190
149 13
149 26
149 29
149 31
149 37
149 42
149 44
149 56
149 59
149 64
149 65
149 70
149 73
149 75
149 90
149 95
149 100
149 102
149 106
149 108
149 114
149 120
149 128
149 137
149 140
149 141
149 151
149 156
149 166
149 178
149 187
150 0
150 1
150 2
150 8
150 13
150 18
150 20
150 23
150 25
150 35
150 36
150 52
150 56
150 58
150 61
150 62
150 66
150 70
150 71
150 74
150 92
150 93
150 95
150 96
150 109
150 112
150 115
150 120
150 123
150 134
150 138
150 139
150 141
150 142
150 164
150 167
150 179
150 181
150 185
150 189
150 197
150 198
150 199
151 0
151 6
151 8
151 13
151 16
151 19
151 20
151 24
151 45
151 46
151 48
151 50
151 59
151 61
151 63
151 65
151 75
151 80
151 91
151 100
151 103
151 104
151 128
151 132
151 133
151 176
151 185
152 0
152 5
152 6
152 9
152 12
152 13
152 20
152 36
152 39
152 41
152 43
152 53
152 59
152 66
152 71
152 73
152 75
152 83
152 85
152 89
152 93
152 113
152 117
152 126
152 134
152 135
152 137
152 141
152 148
152 157
152 161
152 171
152 190
152 198
152 199
153 11
153 12
153 15
153 17
153 18
153 20
153 26
153 37
153 43
153 45
153 54
153 56
153 60
153 64
153 65
153 68
153 70
153 78
153 79
153 81
153 86
153 88
153 90
153 106
153 110
153 130
153 138
153 144
153 149
153 150
153 158
153 169
153 173
153 174
153 180
153 186
153 187
153 193
153 196
154 6
154 9
154 22
154 28
154 41
154 45
154 46
154 51
154 62
154 84
154 85
154 94
154 105
154 112
154 122
154 126
154 141
154 144
154 147
154 151
154 153
154 154
154 155
154 164
154 169
154 176
154 177
154 191
155 1
155 4
155 7
155 13
155 17
155 47
155 49
155 52
155 62
155 68
155 70
155 71
155 74
155 79
155 89
155 94
155 107
155 109
155 123
155 138
155 139
155 142
155 148
155 152
155 154
155 155
155 159
155 160
155 162
155 164
155 165
155 167
155 174
155 182
155 184
155 187
155 193
155 199
156 2
156 4
156 16
156 18
156 22
156 38
156 39
156 40
156 43
156 46
156 53
156 59
156 68
156 70
156 73
156 76
156 104
156 119
156 131
156 134
156 137
156 141
156 149
156 152
156 158
156 159
156 162
156 172
156 187
156 197
157 5
157 7
157 9
157 19
157 39
157 44
157 46
157 52
157 60
157 69
157 86
157 89
157 95
157 100
157 102
157 106
157 116
157 127
157 136
157 146
157 148
157 154
157 158
157 161
157 168
157 169
157 180
157 186
157 191
157 192
157 194
157 195
157 196
158 1
158 6
158 17
158 20
158 21
158 23
158 29
158 35
158 36
158 45
158 56
158 64
158 73
158 79
158 90
158 97
158 102
158 105
158 109
158 115
158 121
158 122
158 130
158 136
158 139
158 144
158 149
158 151
158 157
158 162
158 164
158 166
158 177
158 190
159 2
159 4
159 8
159 10
159 30
159 57
159 63
159 81
159 86
159 88
159 92
159 93
159 101
159 112
159 120
159 123
159 131
159 145
159 165
159 174
159 181
159 185
159 187
159 195
160 9
160 16
160 31
160 32
160 49
160 54
160 59
160 65
160 76
160 85
160 96
160 106
160 108
160 112
160 121
160 139
160 145
160 149
160 153
160 154
160 159
160 160
160 163
160 164
160 182
160 184
160 199
161 5
161 11
161 34
161 35
161 62
161 64
161 85
161 89
161 104
161 109
161 111
161 120
161 126
161 127
161 128
161 133
161 149
161 161
161 174
161 189
162 1
162 6
162 11
162 14
162 27
162 42
162 49
162 58
162 68
162 70
162 72
162 74
162 76
162 78
162 86
162 94
162 106
162 115
162 118
162 119
162 126
162 127
162 132
162 144
162 169
162 173
162 181
162 196
163 7
163 9
163 15
163 24
163 27
163 29
163 31
163 38
163 39
163 41
163 47
163 55
163 57
163 63
163 69
163 73
163 76
163 78
163 93
163 98
163 102
163 105
163 107
163 108
163 116
163 121
163 125
163 126
163 131
163 132
163 138
163 144
163 151
163 160
163 165
163 174
163 178
163 179
163 189
163 197
163 198
163 199
164 4
164 26
164 32
164 45
164 46
164 62
164 83
164 97
164 112
164 118
164 128
164 159
164 160
164 197
165 11
165 23
165 41
165 42
165 46
165 62
165 70
165 71
165 79
165 98
165 108
165 120
165 147
165 158
165 172
165 179
165 183
165 189
165 199
166 2
166 3
166 15
166 28
166 34
166 36
166 77
166 84
166 92
166 93
166 97
166 109
166 112
166 113
166 126
166 132
166 139
166 143
166 148
166 150
166 152
166 154
166 159
166 162
166 168
166 173
166 188
166 190
166 191
166 196
166 198
167 0
167 7
167 15
167 20
167 23
167 32
167 52
167 59
167 62
167 66
167 68
167 69
167 71
167 72
167 81
167 84
167 101
167 121
167 125
167 134
167 139
167 143
167 145
167 151
167 166
167 169
167 174
167 194
168 16
168 34
168 36
168 37
168 40
168 59
168 65
168 71
168 74
168 78
168 79
168 83
168 88
168 90
168 97
168 100
168 102
168 104
168 109
168 110
168 111
168 123
168 127
168 135
168 138
168 139
168 152
168 156
168 168
168 175
168 190
169 4
169 38
169 39
169 42
169 44
169 46
169 53
169 54
169 60
169 61
169 73
169 75
169 84
169 88
169 91
169 96
169 101
169 106
169 107
169 113
169 122
169 127
169 132
169 135
169 137
169 156
169 159
169 168
169 171
169 173
169 190
169 192
169 193
170 26
170 30
170 31
170 38
170 41
170 46
170 47
170 52
170 60
170 62
170 72
170 75
170 81
170 86
170 100
170 112
170 113
170 118
170 126
170 133
170 134
170 140
170 142
170 143
170 150
170 152
170 157
170 158
170 164
170 165
170 168
170 169
170 170
170 176
170 178
170 184
170 185
171 10
171 12
171 19
171 20
171 29
171 38
171 69
171 71
171 75
171 83
171 85
171 87
171 120
171 129
171 142
171 159
171 169
171 175
171 190
171 193
172 8
172 10
172 24
172 34
172 35
172 36
172 38
172 40
172 43
172 44
172 60
172 67
172 69
172 76
172 81
172 86
172 88
172 93
172 98
172 102
172 104
172 107
172 117
172 147
172 148
172 150
172 153
172 156
172 160
172 162
172 167
172 170
172 172
172 178
172 190
172 191
172 194
172 198
173 8
173 12
173 27
173 32
173 41
173 50
173 51
173 54
173 57
173 89
173 93
173 95
173 99
173 105
173 107
173 109
173 123
173 135
173 138
173 140
173 143
173 145
173 147
173 150
173 155
173 164
173 168
173 173
173 188
173 196
174 7
174 20
174 26
174 37
174 43
174 45
174 48
174 50
174 67
174 71
174 72
174 77
174 80
174 82
174 84
174 85
174 96
174 97
174 101
174 104
174 122
174 123
174 130
174 132
174 134
174 140
174 145
174 146
174 153
174 156
174 157
174 159
174 181
174 190
174 196
175 1
175 2
175 13
175 32
175 34
175 51
175 56
175 60
175 61
175 62
175 64
175 66
175 71
175 99
175 111
175 128
175 130
175 131
175 133
175 135
175 143
175 153
175 160
175 163
175 177
175 183
175 194
175 197
175 199
176 3
176 6
176 7
176 8
176 14
176 16
176 28
176 31
176 40
176 48
176 51
176 60
176 64
176 70
176 78
176 94
176 95
176 97
176 98
176 100
176 101
176 102
176 111
176 118
176 124
176 129
176 133
176 135
176 150
176 155
176 159
176 169
176 176
176 188
177 2
177 10
177 16
177 32
177 43
177 50
177 52
177 53
177 58
177 67
177 80
177 90
177 94
177 98
177 102
177 117
177 130
177 132
177 139
177 140
177 152
177 162
177 164
177 178
177 188
177 194
178 1
178 8
178 32
178 36
178 42
178 55
178 57
178 59
178 69
178 72
178 77
178 78
178 85
178 98
178 99
178 100
178 101
178 102
178 109
178 111
178 113
178 125
178 143
178 146
178 153
178 164
178 166
178 178
178 180
178 188
178 192
179 7
179 8
179 9
179 21
179 23
179 33
179 35
179 45
179 49
179 51
179 57
179 73
179 78
179 81
179 83
179 88
179 91
179 94
179 99
179 109
179 110
179 116
179 129
179 130
179 132
179 135
179 139
179 140
179 148
179 156
179 158
179 170
179 176
179 183
179 191
179 199
180 4
180 6
180 9
180 10
180 14
180 23
180 24
180 31
180 42
180 43
180 47
180 53
180 54
180 55
180 57
180 83
180 106
180 112
180 114
180 121
180 130
180 135
180 144
180 147
180 150
180 152
180 167
180 176
180 184
180 190
181 0
181 1
181 22
181 26
181 33
181 39
181 49
181 56
181 72
181 74
181 76
181 77
181 80
181 87
181 108
181 109
181 112
181 120
181 139
181 141
181 142
181 160
181 172
181 173
181 175
181 184
181 189
181 193
181 194
182 25
182 31
182 35
182 53
182 61
182 64
182 83
182 84
182 87
182 115
182 117
182 124
182 125
182 134
182 135
182 137
182 139
182 141
182 142
182 148
182 151
182 159
182 160
182 173
182 177
182 181
182 182
182 199
183 0
183 4
183 6
183 14
183 20
183 22
183 24
183 32
183 44
183 53
183 61
183 62
183 65
183 76
183 77
183 79
183 91
183 97
183 101
183 117
183 122
183 123
183 124
183 132
183 133
183 139
183 164
183 174
183 178
183 183
184 2
184 10
184 22
184 27
184 30
184 33
184 40
184 42
184 45
184 46
184 47
184 51
184 55
184 73
184 83
184 90
184 97
184 98
184 100
184 102
184 104
184 106
184 110
184 111
184 112
184 142
184 169
184 184
184 186
184 190
184 197
184 198
