200 200 4057 25630
80 142 337 133 80 151 420 455 425 380 312 237 322 501 275 128 81 274 383 154 224 125 461 316 103 458 154 426 66 457 91 245 231 141 417 248 97 438 353 250 258 420 283 409 30 177 203 90 517 184 149 359 43 508 113 416 28 228 409 510 340 332 446 467 459 226 298 393 237 450 153 319 40 314 64 221 193 471 139 40 404 132 394 38 275 423 448 338 381 503 367 50 354 348 274 72 107 232 448 232 461 268 41 376 297 64 323 255 39 270 91 253 424 167 255 366 187 341 124 277 269 243 107 378 396 227 375 151 388 516 471 240 39 453 24 283 314 197 255 290 304 340 43 238 411 251 303 302 462 307 90 366 357 239 347 421 454 476 428 135 360 457 201 478 358 33 285 353 430 163 395 503 137 313 467 352 359 179 341 212 480 35 374 289 161 498 237 201 332 360 493 414 253 457 111 406 406 210 400 45 
126 279 270 153 318 325 120 269 239 188 195 167 240 24 97 23 326 200 97 34 82 57 108 79 132 20 148 188 124 118 143 119 144 184 267 330 119 33 199 43 154 184 177 318 292 196 121 190 105 38 111 259 330 140 53 99 177 233 201 237 247 91 210 77 152 261 66 297 189 304 238 284 253 149 117 210 148 267 221 62 84 32 207 54 237 100 101 53 12 123 190 195 327 150 239 246 144 54 60 272 86 217 39 281 24 176 243 17 68 314 174 104 57 250 243 60 290 248 303 142 144 219 14 29 256 141 296 34 58 233 217 89 265 155 117 154 265 129 254 193 221 247 253 298 83 232 138 210 242 104 87 136 270 303 136 255 179 278 223 53 152 143 190 50 150 257 202 212 58 145 308 32 192 292 218 307 321 246 80 265 229 153 100 293 274 90 88 12 11 183 309 193 12 256 248 96 212 115 201 68 
0 10
0 16
0 27
0 30
0 58
0 60
0 62
0 71
0 76
0 79
0 106
0 127
0 133
0 135
0 153
0 170
0 174
1 8
1 16
1 23
1 30
1 44
1 61
1 62
1 68
1 92
1 100
1 109
1 133
1 142
1 143
1 144
1 147
1 164
2 12
2 22
2 44
2 63
2 70
2 82
2 112
2 120
2 136
2 147
2 153
2 163
2 169
2 176
2 179
2 187
2 195
3 5
3 12
3 14
3 19
3 20
3 41
3 87
3 100
3 106
3 128
3 150
3 156
3 167
3 195
3 199
4 9
4 12
4 29
4 50
4 55
4 81
4 95
4 109
4 119
4 129
4 150
4 157
4 170
4 171
4 175
5 1
5 4
5 6
5 7
5 9
5 11
5 13
5 18
5 21
5 36
5 40
5 42
5 45
5 57
5 61
5 85
5 90
5 100
5 102
5 159
5 168
5 177
5 180
5 191
5 193
5 194
6 13
6 19
6 31
6 49
6 52
6 71
6 101
6 119
6 121
6 140
6 153
6 166
6 169
6 171
6 172
6 175
6 188
6 198
7 28
7 31
7 35
7 49
7 54
7 60
7 62
7 66
7 77
7 84
7 88
7 104
7 108
7 110
7 119
7 124
7 128
7 148
7 149
7 154
7 156
7 158
7 165
7 166
7 174
7 176
7 179
8 4
8 7
8 8
8 15
8 20
8 25
8 31
8 37
8 39
8 42
8 51
8 60
8 62
8 80
8 86
8 90
8 114
8 117
8 121
8 142
8 170
8 185
8 189
8 190
9 7
9 23
9 44
9 46
9 71
9 80
9 84
9 87
9 88
9 100
9 113
9 117
9 120
9 121
9 127
9 138
9 143
9 163
9 181
9 185
10 9
10 38
10 48
10 56
10 67
10 76
10 79
10 91
10 92
10 96
10 107
10 112
10 120
10 132
10 134
10 148
10 168
10 172
10 173
10 183
10 184
10 189
10 191
11 8
11 12
11 20
11 24
11 32
11 35
11 36
11 52
11 63
11 73
11 106
11 109
11 119
11 125
11 126
11 144
11 156
11 164
11 172
11 175
12 27
12 44
12 50
12 57
12 59
12 64
12 65
12 67
12 80
12 81
12 82
12 84
12 88
12 91
12 109
12 113
12 126
12 135
12 164
12 170
12 177
12 178
12 189
12 196
13 2
13 7
13 26
13 28
13 32
13 43
13 51
13 54
13 66
13 83
13 89
13 103
13 111
13 112
13 127
13 133
13 144
13 155
13 163
13 166
13 170
13 172
13 187
13 192
14 4
14 11
14 34
14 37
14 49
14 51
14 53
14 62
14 69
14 78
14 84
14 94
14 99
14 102
14 103
14 104
14 107
14 112
14 116
14 117
14 119
14 132
14 147
14 159
14 161
14 184
14 187
14 188
15 13
15 14
15 19
15 23
15 32
15 75
15 82
15 85
15 89
15 90
15 101
15 122
15 130
15 142
15 144
15 158
15 159
15 160
15 180
16 14
16 29
16 40
16 52
16 53
16 56
16 63
16 66
16 82
16 98
16 99
16 101
16 114
16 130
16 132
16 143
16 144
16 154
16 173
17 15
17 33
17 38
17 45
17 48
17 71
17 78
17 85
17 95
17 123
17 135
17 139
17 170
17 180
17 191
18 16
18 36
18 44
18 53
18 59
18 75
18 93
18 103
18 116
18 124
18 147
18 149
18 150
18 151
18 159
18 181
18 182
18 193
19 12
19 25
19 39
19 65
19 81
19 87
19 97
19 98
19 106
19 119
19 135
19 140
19 159
19 161
19 171
19 178
19 182
19 186
19 187
19 198
20 0
20 16
20 22
20 27
20 36
20 46
20 52
20 82
20 92
20 99
20 121
20 124
20 131
20 143
20 174
20 187
21 16
21 18
21 34
21 39
21 43
21 44
21 45
21 52
21 54
21 64
21 82
21 111
21 125
21 127
21 136
21 137
21 149
21 156
21 158
21 165
21 178
21 183
21 188
21 194
22 1
22 21
22 26
22 67
22 68
22 70
22 80
22 104
22 109
22 112
22 119
22 135
22 174
22 176
22 180
22 184
23 1
23 9
23 12
23 14
23 18
23 27
23 38
23 52
23 58
23 64
23 69
23 73
23 74
23 125
23 130
23 131
23 140
23 164
23 168
23 174
23 193
23 197
23 199
24 10
24 12
24 33
24 51
24 56
24 57
24 66
24 78
24 86
24 95
24 109
24 111
24 112
24 127
24 145
24 170
24 181
24 183
25 6
25 43
25 44
25 48
25 54
25 58
25 60
25 63
25 75
25 77
25 88
25 90
25 93
25 102
25 116
25 126
25 154
25 155
25 164
25 187
25 199
26 1
26 16
26 21
26 29
26 35
26 50
26 54
26 90
26 92
26 94
26 103
26 112
26 117
26 119
26 124
26 129
26 143
26 150
26 151
26 168
26 171
26 173
26 185
26 196
26 199
27 2
27 21
27 26
27 35
27 40
27 51
27 53
27 56
27 73
27 89
27 90
27 97
27 98
27 109
27 124
27 125
27 126
27 128
27 131
27 132
27 153
27 174
27 188
27 191
27 192
28 11
28 25
28 54
28 61
28 66
28 73
28 99
28 110
28 117
28 121
28 125
28 160
28 164
28 188
28 192
28 196
29 7
29 13
29 15
29 36
29 52
29 61
29 66
29 71
29 74
29 94
29 101
29 103
29 111
29 126
29 134
29 135
29 136
29 161
29 164
29 188
29 189
30 11
30 18
30 46
30 52
30 57
30 68
30 100
30 109
30 110
30 144
30 164
30 168
30 172
30 192
30 195
31 2
31 32
31 62
31 73
31 97
31 112
31 120
31 137
31 142
31 156
31 158
31 161
31 177
31 183
31 194
32 12
32 20
32 29
32 32
32 59
32 68
32 100
32 104
32 108
32 112
32 119
32 122
32 123
32 143
32 155
32 163
32 185
32 193
33 0
33 6
33 16
33 23
33 34
33 36
33 45
33 72
33 74
33 82
33 107
33 125
33 155
33 175
33 179
33 182
33 194
34 4
34 11
34 13
34 17
34 52
34 70
34 72
34 85
34 89
34 95
34 96
34 97
34 98
34 101
34 107
34 109
34 125
34 139
34 162
34 166
34 175
34 176
34 182
35 43
35 55
35 56
35 61
35 68
35 94
35 116
35 123
35 167
36 20
36 21
36 66
36 77
36 82
36 83
36 86
36 99
36 109
36 123
36 126
36 132
36 136
36 143
36 155
36 160
36 162
36 166
36 168
36 176
36 177
36 179
36 193
37 7
37 15
37 32
37 68
37 80
37 95
37 100
37 115
37 129
37 139
37 159
37 165
37 169
37 174
37 188
37 192
37 199
38 9
38 11
38 13
38 28
38 36
38 63
38 70
38 79
38 85
38 89
38 94
38 118
38 124
38 126
38 132
38 150
38 161
38 170
38 184
39 6
39 8
39 32
39 41
39 46
39 63
39 74
39 83
39 91
39 93
39 96
39 106
39 111
39 117
39 119
39 129
39 132
39 163
39 187
40 1
40 26
40 27
40 39
40 52
40 65
40 71
40 72
40 74
40 78
40 83
40 87
40 89
40 100
40 102
40 105
40 106
40 110
40 159
40 164
40 170
40 198
41 6
41 22
41 30
41 32
41 48
41 68
41 69
41 70
41 94
41 97
41 99
41 117
41 126
41 131
41 133
41 153
41 159
41 180
41 181
42 17
42 31
42 38
42 55
42 59
42 62
42 67
42 71
42 73
42 75
42 77
42 83
42 102
42 118
42 143
42 148
42 167
42 170
42 181
42 197
43 2
43 28
43 41
43 42
43 48
43 49
43 114
43 128
43 136
43 154
43 155
43 159
43 184
43 190
44 1
44 14
44 25
44 27
44 30
44 37
44 39
44 58
44 70
44 74
44 97
44 112
44 113
44 115
44 116
44 118
44 142
44 143
44 149
44 171
44 173
44 191
45 3
45 14
45 17
45 26
45 36
45 46
45 52
45 54
45 57
45 72
45 84
45 101
45 175
45 183
45 184
45 193
45 195
46 5
46 21
46 31
46 50
46 58
46 64
46 66
46 67
46 74
46 75
46 87
46 92
46 106
46 125
46 152
46 174
46 184
47 20
47 27
47 61
47 67
47 69
47 78
47 81
47 91
47 95
47 98
47 109
47 110
47 149
47 159
47 188
47 192
47 193
47 197
48 0
48 17
48 26
48 27
48 39
48 45
48 47
48 86
48 99
48 100
48 104
48 125
48 130
48 132
48 135
48 139
48 140
48 155
48 156
48 168
48 174
48 189
48 191
48 192
49 15
49 28
49 35
49 62
49 63
49 66
49 101
49 107
49 129
49 131
49 145
49 151
49 174
49 176
50 2
50 12
50 27
50 30
50 35
50 42
50 65
50 87
50 106
50 107
50 127
50 165
50 166
50 175
50 177
50 198
51 11
51 13
51 22
51 33
51 34
51 49
51 57
51 75
51 78
51 93
51 104
51 113
51 115
51 130
51 140
51 142
51 173
51 185
51 187
52 2
52 8
52 10
52 81
52 82
52 84
52 89
52 95
52 136
52 144
52 149
52 161
52 167
52 170
52 174
52 182
52 192
52 193
52 195
53 1
53 8
53 12
53 19
53 20
53 28
53 34
53 39
53 44
53 51
53 53
53 54
53 76
53 78
53 79
53 87
53 88
53 112
53 119
53 132
53 171
53 173
53 174
53 176
54 18
54 26
54 32
54 33
54 36
54 37
54 44
54 58
54 60
54 67
54 75
54 79
54 99
54 103
54 109
54 110
54 115
54 117
54 125
54 132
54 138
54 148
54 164
54 166
54 178
54 183
54 199
55 3
55 21
55 39
55 50
55 62
55 67
55 98
55 113
55 117
55 127
55 128
55 137
55 148
55 156
55 172
55 180
55 183
55 188
55 194
55 198
56 23
56 24
56 26
56 41
56 51
56 64
56 72
56 77
56 81
56 92
56 113
56 114
56 115
56 116
56 119
56 121
56 142
56 163
56 165
56 171
56 178
56 188
57 9
57 17
57 50
57 76
57 77
57 94
57 101
57 105
57 106
57 146
57 149
57 183
57 185
57 186
58 3
58 14
58 26
58 31
58 59
58 80
58 84
58 89
58 99
58 117
58 143
58 155
58 168
58 174
58 176
58 178
58 198
59 9
59 12
59 14
59 21
59 26
59 47
59 53
59 62
59 112
59 133
59 156
59 160
59 167
59 172
59 178
59 179
59 188
59 198
60 4
60 31
60 32
60 41
60 42
60 47
60 51
60 77
60 80
60 105
60 117
60 130
60 134
60 139
60 148
60 153
60 159
60 160
60 161
60 179
61 11
61 22
61 25
61 27
61 32
61 53
61 54
61 62
61 66
61 67
61 71
61 85
61 101
61 103
61 104
61 108
61 118
61 134
61 137
61 141
61 167
61 183
61 190
61 192
61 197
62 8
62 16
62 19
62 29
62 40
62 41
62 46
62 70
62 71
62 81
62 84
62 87
62 88
62 89
62 92
62 96
62 109
62 149
62 150
62 169
62 188
62 196
63 1
63 10
63 27
63 43
63 45
63 74
63 79
63 119
63 136
63 145
63 191
64 3
64 6
64 8
64 31
64 38
64 45
64 69
64 72
64 73
64 87
64 94
64 103
64 123
64 141
64 145
64 156
64 162
64 169
64 187
65 14
65 22
65 24
65 33
65 37
65 38
65 39
65 41
65 47
65 62
65 111
65 113
65 117
65 127
65 132
65 152
65 163
65 169
65 180
65 195
66 20
66 24
66 29
66 43
66 60
66 63
66 72
66 81
66 99
66 104
66 109
66 121
66 132
66 136
66 153
66 159
66 174
66 180
67 10
67 16
67 17
67 22
67 28
67 29
67 62
67 64
67 72
67 78
67 79
67 94
67 109
67 110
67 112
67 128
67 133
67 143
67 145
67 152
67 163
67 179
67 193
67 195
68 2
68 38
68 51
68 60
68 95
68 96
68 100
68 103
68 109
68 112
68 115
68 124
68 128
68 130
68 157
68 158
68 166
68 167
68 173
68 190
68 193
69 10
69 14
69 22
69 27
69 30
69 38
69 59
69 71
69 74
69 84
69 85
69 98
69 102
69 116
69 143
69 180
69 190
69 194
69 196
70 17
70 43
70 58
70 68
70 99
70 109
70 111
70 114
70 118
70 128
70 130
70 135
70 145
70 159
70 162
70 166
70 167
70 172
70 176
70 179
70 188
70 191
71 2
71 6
71 14
71 34
71 53
71 64
71 65
71 69
71 80
71 83
71 116
71 123
71 133
71 162
71 168
71 171
71 179
71 185
71 186
71 192
72 19
72 32
72 44
72 53
72 58
72 73
72 83
72 91
72 92
72 94
72 119
72 156
72 166
72 167
72 173
72 197
73 8
73 15
73 35
73 53
73 71
73 84
73 85
73 106
73 109
73 123
73 127
73 135
73 139
73 149
73 190
73 198
74 13
74 15
74 24
74 25
74 37
74 50
74 54
74 66
74 69
74 76
74 84
74 96
74 112
74 121
74 123
74 129
74 130
74 132
74 135
74 144
74 150
74 153
74 168
74 171
74 176
74 184
75 15
75 40
75 51
75 52
75 66
75 67
75 69
75 70
75 72
75 84
75 94
75 101
75 114
75 129
75 169
75 183
75 187
75 189
76 13
76 21
76 22
76 31
76 32
76 34
76 95
76 113
76 114
76 123
76 127
76 133
76 141
76 145
76 148
76 157
76 175
76 180
77 5
77 17
77 27
77 32
77 44
77 45
77 62
77 64
77 65
77 69
77 82
77 98
77 122
77 143
77 169
77 171
77 172
77 176
78 2
78 3
78 25
78 38
78 43
78 48
78 49
78 73
78 75
78 76
78 88
78 96
78 103
78 110
78 117
78 142
78 150
78 188
78 199
79 2
79 4
79 5
79 8
79 22
79 23
79 27
79 35
79 45
79 61
79 78
79 91
79 92
79 93
79 99
79 103
79 106
79 109
79 117
79 127
79 136
79 146
79 160
79 162
79 163
79 165
79 167
79 199
80 0
80 5
80 8
80 9
80 15
80 48
80 51
80 58
80 67
80 70
80 78
80 109
80 124
80 133
80 145
80 157
80 164
80 167
80 168
80 171
80 175
80 179
80 189
80 196
81 54
81 70
81 76
81 79
81 117
81 130
81 145
81 155
81 161
81 181
81 189
81 195
82 4
82 6
82 21
82 24
82 34
82 36
82 37
82 41
82 47
82 49
82 65
82 75
82 88
82 92
82 93
82 100
82 111
82 124
82 157
82 158
82 162
82 176
82 177
82 178
82 193
82 198
82 199
83 3
83 9
83 16
83 24
83 26
83 30
83 43
83 46
83 49
83 51
83 53
83 60
83 66
83 74
83 79
83 89
83 102
83 108
83 113
83 123
83 137
83 141
83 150
83 167
83 172
83 183
83 190
83 198
84 2
84 9
84 19
84 24
84 28
84 46
84 47
84 61
84 102
84 105
84 114
84 117
84 137
84 146
84 158
84 160
84 164
84 172
84 179
84 181
84 189
84 194
84 197
84 199
85 10
85 22
85 24
85 25
85 40
85 47
85 54
85 62
85 63
85 83
85 100
85 106
85 112
85 135
85 139
85 150
85 158
85 163
85 165
85 185
85 190
86 2
86 10
86 45
86 63
86 80
86 84
86 87
86 90
86 108
86 112
86 121
86 131
86 139
86 144
86 180
86 184
86 188
86 196
87 8
87 15
87 26
87 29
87 30
87 33
87 47
87 49
87 60
87 64
87 67
87 81
87 86
87 92
87 98
87 111
87 114
87 127
87 143
87 145
87 146
87 147
87 151
87 157
87 163
87 164
87 168
87 193
88 3
88 14
88 17
88 18
88 48
88 62
88 63
88 77
88 84
88 99
88 103
88 104
88 109
88 111
88 127
88 130
88 138
88 139
88 149
88 156
88 158
88 162
88 170
89 5
89 9
89 31
89 43
89 46
89 52
89 53
89 65
89 66
89 79
89 89
89 94
89 97
89 107
89 110
89 146
89 169
89 176
89 178
89 184
89 187
89 193
90 18
90 19
90 38
90 42
90 45
90 46
90 48
90 82
90 90
90 108
90 133
90 145
90 149
90 179
91 0
91 14
91 15
91 18
91 22
91 25
91 33
91 41
91 45
91 49
91 59
91 103
91 107
91 149
91 161
91 176
91 192
91 195
91 196
92 19
92 28
92 55
92 67
92 68
92 69
92 76
92 114
92 140
92 143
92 146
92 148
92 167
92 176
92 185
92 191
92 199
93 5
93 6
93 22
93 29
93 37
93 39
93 48
93 54
93 71
93 104
93 105
93 110
93 113
93 123
93 145
93 152
93 156
93 161
93 165
93 182
93 187
94 2
94 29
94 47
94 60
94 64
94 66
94 76
94 85
94 93
94 103
94 111
94 132
94 137
94 146
94 149
94 168
94 173
94 179
94 180
94 191
95 2
95 4
95 9
95 19
95 36
95 42
95 45
95 61
95 64
95 81
95 90
95 104
95 110
95 113
95 114
95 124
95 129
95 132
95 148
95 188
95 192
95 194
95 196
96 24
96 32
96 44
96 46
96 55
96 64
96 73
96 74
96 78
96 120
96 121
96 132
96 138
96 139
96 140
96 156
96 160
96 168
96 173
97 2
97 6
97 14
97 15
97 21
97 25
97 28
97 36
97 37
97 54
97 61
97 63
97 82
97 99
97 101
97 103
97 109
97 112
97 136
97 146
97 147
97 157
97 166
97 170
97 176
97 177
97 178
97 199
98 9
98 37
98 41
98 55
98 57
98 59
98 70
98 85
98 93
98 97
98 128
98 136
98 140
98 157
98 167
98 168
98 178
98 182
98 188
98 195
99 10
99 12
99 13
99 21
99 35
99 47
99 52
99 57
99 65
99 81
99 91
99 100
99 103
99 109
99 118
99 122
99 133
99 136
99 137
99 141
99 142
99 146
99 151
99 154
99 157
99 163
99 164
99 184
99 188
99 198
100 4
100 27
100 33
100 37
100 61
100 62
100 66
100 78
100 80
100 102
100 105
100 110
100 116
100 125
100 127
100 129
100 131
100 146
100 149
100 156
100 157
100 158
100 167
100 170
100 184
100 198
101 19
101 30
101 33
101 34
101 42
101 46
101 49
101 52
101 55
101 64
101 84
101 91
101 108
101 126
101 127
101 131
101 173
102 24
102 40
102 41
102 52
102 98
102 103
102 116
102 119
102 121
102 125
102 135
102 148
102 157
102 185
102 186
102 192
103 4
103 5
103 10
103 41
103 42
103 49
103 82
103 87
103 97
103 98
103 116
103 123
103 131
103 140
103 157
103 159
103 190
104 5
104 8
104 9
104 17
104 33
104 49
104 60
104 78
104 85
104 86
104 112
104 113
104 124
104 138
104 140
104 152
104 159
104 162
104 163
104 181
105 0
105 29
105 37
105 40
105 42
105 43
105 50
105 73
105 75
105 83
105 91
105 98
105 107
105 109
105 110
105 117
105 119
105 152
105 158
105 160
105 176
105 180
105 185
105 194
105 196
106 19
106 27
106 42
106 47
106 59
106 77
106 81
106 94
106 106
106 115
106 123
106 127
106 134
106 140
106 164
106 168
106 185
106 196
106 198
107 4
107 30
107 37
107 55
107 56
107 57
107 58
107 84
107 86
107 87
107 99
107 104
107 114
107 117
107 121
107 122
107 140
107 152
107 164
107 166
107 171
107 175
107 180
107 185
108 6
108 7
108 20
108 32
108 43
108 44
108 50
108 56
108 72
108 83
108 84
108 89
108 110
108 120
108 121
108 128
108 150
108 152
108 164
108 167
108 173
108 174
108 192
108 197
109 2
109 3
109 14
109 17
109 23
109 43
109 60
109 63
109 65
109 76
109 89
109 94
109 98
109 106
109 125
109 148
109 165
109 169
109 171
109 179
109 180
109 184
109 189
110 1
110 2
110 7
110 9
110 56
110 62
110 87
110 101
110 132
110 142
110 164
110 165
110 168
111 6
111 14
111 17
111 26
111 28
111 47
111 55
111 71
111 75
111 93
111 101
111 118
111 121
111 129
111 135
111 142
111 151
111 153
111 156
111 157
111 172
112 2
112 25
112 27
112 29
112 34
112 56
112 70
112 76
112 93
112 106
112 109
112 112
112 115
112 123
112 125
112 126
112 127
112 133
112 135
112 138
112 143
112 150
112 162
112 165
112 171
112 185
112 191
112 192
112 193
113 4
113 15
113 29
113 37
113 39
113 45
113 60
113 65
113 66
113 75
113 82
113 91
113 99
113 102
113 114
113 117
113 120
113 161
113 172
113 182
113 184
113 188
113 190
113 193
114 6
114 20
114 32
114 66
114 72
114 96
114 112
114 115
114 120
114 121
114 161
114 164
114 172
114 183
115 6
115 19
115 39
115 45
115 93
115 99
115 115
115 141
115 145
115 147
115 159
115 179
116 2
116 3
116 15
116 19
116 52
116 68
116 69
116 78
116 79
116 83
116 85
116 86
116 94
116 101
116 106
116 110
116 113
116 118
116 121
116 129
116 133
116 134
116 139
116 160
116 162
117 24
117 41
117 44
117 49
117 52
117 70
117 80
117 89
117 125
117 127
117 135
117 137
117 140
117 164
117 196
118 8
118 50
118 56
118 66
118 94
118 96
118 119
118 127
118 132
118 135
118 139
118 142
118 156
118 162
118 187
118 190
119 1
119 4
119 8
119 14
119 15
119 24
119 26
119 52
119 56
119 59
119 64
119 66
119 68
119 84
119 103
119 123
119 157
119 158
119 163
119 167
119 173
119 195
120 9
120 19
120 31
120 64
120 81
120 82
120 85
120 88
120 89
120 103
120 108
120 110
120 116
120 126
120 138
120 143
120 150
120 152
120 173
120 178
120 182
121 3
121 24
121 26
121 32
121 44
121 72
121 83
121 91
121 107
121 119
121 125
121 137
121 150
121 152
121 154
121 164
121 173
121 193
121 196
121 198
122 1
122 15
122 20
122 21
122 31
122 34
122 43
122 52
122 57
122 60
122 68
122 70
122 74
122 86
122 96
122 101
122 104
122 115
122 141
122 149
122 161
122 195
123 13
123 24
123 36
123 37
123 90
123 105
123 119
123 128
123 129
123 152
123 161
123 191
123 198
124 2
124 32
124 34
124 41
124 65
124 70
124 74
124 79
124 84
124 87
124 88
124 89
124 104
124 118
124 120
124 121
124 122
124 139
124 145
124 149
124 152
124 155
124 159
124 199
125 2
125 3
125 21
125 23
125 62
125 81
125 88
125 94
125 97
125 111
125 121
125 150
125 155
125 158
125 162
125 168
125 169
125 172
125 189
126 3
126 19
126 21
126 23
126 41
126 50
126 51
126 57
126 66
126 67
126 72
126 87
126 93
126 94
126 107
126 114
126 124
126 138
126 139
126 143
126 148
126 150
126 169
127 5
127 6
127 10
127 21
127 34
127 44
127 48
127 54
127 56
127 57
127 61
127 69
127 81
127 89
127 99
127 136
127 137
127 138
127 145
127 159
127 162
127 175
127 193
127 197
127 199
128 25
128 40
128 42
128 52
128 69
128 72
128 103
128 119
128 138
128 139
128 145
128 165
128 166
128 171
128 181
128 182
128 194
128 196
129 31
129 48
129 49
129 56
129 60
129 76
129 112
129 135
129 136
129 153
129 161
129 168
129 198
130 7
130 9
130 12
130 14
130 27
130 28
130 29
130 36
130 62
130 66
130 68
130 72
130 82
130 100
130 102
130 115
130 120
130 122
130 142
130 150
130 183
130 194
130 199
131 0
131 20
131 21
131 23
131 34
131 40
131 42
131 47
131 56
131 61
131 74
131 77
131 98
131 111
131 130
131 132
131 166
131 169
131 171
131 189
132 4
132 5
132 6
132 11
132 18
132 27
132 28
132 32
132 42
132 48
132 63
132 83
132 89
132 98
132 109
132 111
132 118
132 134
132 151
132 157
132 165
132 174
132 183
133 5
133 8
133 13
133 20
133 28
133 33
133 36
133 38
133 42
133 49
133 63
133 79
133 80
133 91
133 97
133 99
133 104
133 111
133 119
133 120
133 135
133 154
133 164
133 167
133 199
134 3
134 6
134 15
134 38
134 40
134 44
134 48
134 58
134 59
134 63
134 67
134 78
134 87
134 89
134 97
134 111
134 117
134 128
134 142
134 152
134 159
134 163
134 178
134 189
134 194
135 1
135 11
135 21
135 32
135 33
135 40
135 43
135 55
135 72
135 73
135 101
135 108
135 129
135 144
135 162
135 180
135 199
136 20
136 22
136 61
136 66
136 71
136 73
136 78
136 85
136 96
136 104
136 122
136 135
136 136
136 147
136 186
136 196
137 18
137 20
137 22
137 29
137 39
137 47
137 49
137 81
137 93
137 97
137 103
137 107
137 111
137 114
137 116
137 127
137 151
137 162
137 165
137 167
137 186
137 189
137 195
138 13
138 25
138 40
138 48
138 51
138 62
138 69
138 71
138 82
138 83
138 92
138 110
138 123
138 141
138 160
138 170
138 189
138 193
139 11
139 12
139 16
139 29
139 31
139 33
139 38
139 55
139 59
139 73
139 79
139 81
139 97
139 101
139 107
139 133
139 134
139 161
139 167
140 11
140 12
140 13
140 20
140 37
140 47
140 66
140 69
140 76
140 97
140 121
140 132
140 135
140 138
140 163
140 183
140 185
140 193
140 197
141 12
141 20
141 26
141 40
141 41
141 42
141 45
141 62
141 68
141 84
141 88
141 95
141 103
141 104
141 109
141 127
141 133
141 140
141 147
141 151
141 156
141 174
141 189
141 191
141 199
142 13
142 27
142 31
142 40
142 67
142 79
142 86
142 101
142 152
142 156
142 159
142 167
142 177
142 186
142 198
143 3
143 6
143 17
143 19
143 24
143 29
143 49
143 82
143 101
143 102
143 103
143 104
143 107
143 129
143 139
143 140
143 171
143 182
143 187
144 2
144 4
144 26
144 28
144 35
144 41
144 42
144 45
144 53
144 55
144 72
144 88
144 90
144 95
144 97
144 115
144 127
144 140
144 151
144 156
144 157
144 169
144 171
144 177
144 178
144 186
144 188
144 191
145 16
145 24
145 36
145 45
145 71
145 72
145 94
145 106
145 122
145 129
145 139
145 150
145 152
145 162
145 168
145 173
145 174
145 175
145 177
146 24
146 31
146 33
146 38
146 46
146 48
146 62
146 67
146 79
146 121
146 125
146 151
146 156
146 158
146 161
146 176
146 185
146 189
147 0
147 7
147 10
147 22
147 36
147 39
147 42
147 47
147 56
147 70
147 79
147 92
147 95
147 114
147 129
147 132
147 146
147 148
147 150
147 155
147 158
147 179
147 180
147 190
147 199
148 2
148 10
148 37
148 40
148 73
148 80
148 82
148 84
148 94
148 109
148 114
148 118
148 123
148 128
148 135
148 146
148 153
148 183
148 199
149 1
149 11
149 17
149 22
149 25
149 60
149 64
149 98
149 104
149 108
149 111
149 117
149 129
149 132
149 136
149 137
149 161
149 167
149 179
150 25
150 38
150 55
150 63
150 68
150 78
150 79
150 107
150 112
150 119
150 124
150 132
150 144
150 153
150 156
150 160
150 173
150 183
150 186
150 192
150 193
150 195
151 2
151 6
151 29
151 37
151 44
151 56
151 57
151 77
151 101
151 103
151 104
151 114
151 116
151 119
151 130
151 134
151 139
151 155
151 160
151 168
151 181
152 4
152 17
152 27
152 32
152 52
152 64
152 89
152 101
152 103
152 119
152 130
152 142
152 144
152 151
152 161
152 172
152 179
153 11
153 24
153 39
153 41
153 61
153 63
153 65
153 76
153 79
153 88
153 102
153 125
153 126
153 137
153 148
153 160
153 162
153 165
153 176
153 196
154 7
154 31
154 43
154 54
154 62
154 64
154 71
154 73
154 75
154 87
154 91
154 96
154 107
154 108
154 116
154 118
154 122
154 131
154 134
154 152
154 154
154 164
154 196
154 198
155 33
155 37
155 40
155 49
155 53
155 61
155 63
155 75
155 84
155 86
155 89
155 90
155 93
155 99
155 104
155 112
155 132
155 137
155 162
155 163
155 174
155 189
156 2
156 6
156 17
156 23
156 24
156 34
156 59
156 61
156 75
156 85
156 93
156 97
156 105
156 109
156 120
156 128
156 148
156 157
156 177
156 179
156 184
156 195
157 1
157 18
157 32
157 40
157 43
157 50
157 51
157 82
157 83
157 86
157 93
157 94
157 99
157 142
157 145
157 146
157 149
157 154
157 164
157 165
157 168
157 172
158 2
158 32
158 52
158 76
158 86
158 90
158 95
158 107
158 112
158 134
158 144
158 156
158 177
158 181
158 190
158 198
159 6
159 33
159 43
159 66
159 106
159 118
159 152
159 173
159 182
160 12
160 14
160 15
160 17
160 22
160 26
160 36
160 37
160 62
160 75
160 99
160 114
160 119
160 121
160 136
160 142
160 145
160 146
160 154
160 172
160 182
160 183
160 185
160 192
160 194
161 23
161 43
161 46
161 52
161 73
161 79
161 82
161 112
161 114
161 115
161 116
161 131
161 133
161 148
161 169
161 172
161 175
161 189
162 18
162 50
162 51
162 57
162 59
162 66
162 78
162 86
162 95
162 100
162 147
162 150
162 158
162 167
162 171
162 184
162 199
163 31
163 38
163 51
163 59
163 81
163 96
163 109
163 113
163 116
163 134
163 135
163 143
163 147
163 149
163 153
163 161
163 167
163 191
163 199
164 2
164 6
164 7
164 8
164 13
164 23
164 24
164 39
164 41
164 43
164 45
164 70
164 87
164 93
164 108
164 123
164 124
164 151
164 167
164 168
164 189
164 191
165 6
165 21
165 22
165 28
165 30
165 38
165 49
165 62
165 64
165 76
165 89
165 94
165 103
165 113
165 127
165 144
165 156
165 170
165 184
165 189
165 191
165 193
166 4
166 7
166 12
166 17
166 23
166 28
166 61
166 62
166 112
166 113
166 124
166 134
166 143
166 144
166 146
166 153
166 159
166 168
166 180
166 188
166 196
167 23
167 30
167 33
167 43
167 54
167 57
167 72
167 90
167 92
167 96
167 97
167 114
167 115
167 125
167 130
167 139
167 144
167 164
167 182
167 183
167 198
168 12
168 20
168 24
168 31
168 38
168 39
168 52
168 74
168 92
168 98
168 99
168 109
168 112
168 121
168 125
168 129
168 135
168 142
168 143
168 144
168 149
168 155
168 161
169 9
169 10
169 16
169 32
169 49
169 55
169 56
169 59
169 61
169 77
169 78
169 83
169 89
169 100
169 121
169 127
169 148
169 149
169 155
169 179
170 1
170 8
170 49
170 51
170 67
170 70
170 77
170 85
170 102
170 127
170 142
170 146
170 173
170 174
170 177
170 178
170 182
171 10
171 24
171 25
171 35
171 54
171 62
171 63
171 99
171 102
171 107
171 114
171 118
171 130
171 132
171 133
171 147
171 169
171 170
171 180
171 184
171 186
171 197
172 6
172 42
172 57
172 65
172 82
172 94
172 104
172 109
172 111
172 116
172 118
172 120
172 124
172 135
172 149
172 157
172 159
172 162
172 165
172 177
172 179
172 186
172 188
172 196
173 0
173 14
173 20
173 41
173 60
173 66
173 67
173 74
173 75
173 78
173 88
173 90
173 98
173 99
173 100
173 102
173 112
173 115
173 121
173 123
173 128
173 137
173 151
173 165
173 191
174 4
174 5
174 17
174 19
174 26
174 41
174 59
174 60
174 65
174 67
174 74
174 83
174 88
174 109
174 112
174 114
174 126
174 142
174 151
174 156
174 188
174 193
175 11
175 17
175 29
175 36
175 37
175 45
175 49
175 54
175 79
175 85
175 91
175 95
175 106
175 126
175 127
175 131
175 140
175 161
175 178
175 181
175 185
175 192
175 193
176 14
176 18
176 20
176 23
176 30
176 50
176 54
176 58
176 61
176 66
176 77
176 91
176 98
176 114
176 137
176 143
176 145
176 151
176 164
177 4
177 14
177 23
177 30
177 46
177 55
177 75
177 77
177 103
177 112
177 135
177 158
177 159
177 160
177 172
177 176
177 192
178 1
178 18
178 22
178 32
178 35
178 45
178 46
178 51
178 61
178 77
178 81
178 99
178 101
178 109
178 115
178 133
178 169
178 174
178 183
178 193
179 2
179 6
179 19
179 28
179 29
179 54
179 59
179 62
179 67
179 80
179 82
179 96
179 98
179 118
179 136
179 156
179 177
179 181
179 184
179 187
179 190
180 0
180 1
180 10
180 41
180 44
180 70
180 78
180 108
180 114
180 116
180 119
180 120
180 126
180 132
180 139
180 141
180 147
180 156
180 157
180 171
180 177
180 178
180 187
180 188
180 192
180 199
181 25
181 33
181 37
181 38
181 40
181 56
181 60
181 86
181 89
181 97
181 106
181 107
181 113
181 115
181 120
181 138
181 145
181 155
181 192
181 196
182 22
182 33
182 49
182 52
182 55
182 58
182 65
182 66
182 67
182 68
182 96
182 115
182 125
182 126
182 131
182 142
182 165
182 186
182 191
183 1
183 33
183 54
183 57
183 65
183 69
183 85
183 94
183 96
183 104
183 106
183 124
183 131
183 133
183 134
183 138
183 143
183 147
183 154
183 177
183 179
183 182
184 16
184 20
184 29
184 32
184 35
184 37
184 42
184 44
184 46
184 76
184 80
184 81
184 90
184 104
184 114
184 126
184 148
184 164
184 169
184 193
184 196
184 199
185 3
185 5
185 25
185 32
185 52
185 63
185 71
185 78
185 79
185 80
185 91
185 94
185 103
185 119
185 124
185 132
185 136
185 147
185 163
185 164
185 188
185 194
186 16
186 19
186 20
186 28
186 32
186 39
186 62
186 65
186 66
186 71
186 89
186 91
186 98
186 116
186 117
186 124
186 133
186 134
186 135
186 137
186 143
186 148
186 156
186 159
186 168
186 176
186 196
187 0
187 17
187 25
187 26
187 36
187 64
187 68
187 70
187 88
187 93
187 112
187 142
187 143
187 144
187 145
187 167
187 170
187 180
187 186
188 5
188 13
188 23
188 26
188 28
188 43
188 44
188 60
188 67
188 82
188 86
188 91
188 125
188 139
188 142
188 145
188 147
188 150
188 163
188 173
189 10
189 14
189 42
189 48
189 55
189 80
189 92
189 94
189 109
189 117
189 131
189 140
189 151
189 169
189 182
190 2
190 5
190 12
190 18
190 25
190 36
190 53
190 62
190 66
190 88
190 91
190 96
190 98
190 100
190 106
190 125
190 133
190 136
190 137
190 142
190 147
191 0
191 36
191 42
191 46
191 62
191 69
191 74
191 91
191 114
191 115
191 125
191 127
191 141
191 165
191 179
191 184
191 187
191 193
192 18
192 19
192 26
192 44
192 52
192 65
192 77
192 83
192 85
192 86
192 95
192 102
192 110
192 111
192 112
192 113
192 122
192 132
192 144
192 147
192 150
192 158
192 167
192 170
192 188
193 14
193 24
193 25
193 41
193 53
193 56
193 60
193 63
193 64
193 68
193 75
193 76
193 84
193 91
193 95
193 134
193 147
193 152
193 153
193 156
193 160
193 162
193 166
193 169
193 175
193 178
193 195
194 2
194 13
194 27
194 46
194 71
194 74
194 105
194 108
194 118
194 143
194 147
194 150
194 160
194 171
194 182
195 4
195 12
195 14
195 15
195 34
195 38
195 46
195 56
195 72
195 73
195 82
195 94
195 102
195 127
195 135
195 151
195 158
195 163
195 171
195 173
195 182
195 192
195 199
196 2
196 24
196 28
196 34
196 100
196 116
196 123
196 125
196 128
196 143
196 157
196 159
196 160
196 181
196 187
196 189
196 196
197 1
197 7
197 9
197 15
197 34
197 41
197 44
197 60
197 66
197 69
197 86
197 98
197 101
197 131
197 134
197 143
197 150
198 9
198 10
198 16
198 23
198 37
198 39
198 41
198 47
198 53
198 63
198 71
198 72
198 104
198 109
198 116
198 119
198 128
198 130
198 152
198 178
198 186
199 1
199 4
199 20
199 28
199 44
199 46
199 56
199 58
199 71
199 89
199 97
199 98
199 107
199 110
199 112
199 125
199 126
199 142
199 144
199 150
199 159
199 162
199 164
199 180
199 187
199 189
